100,679,1,0
100,827,2,0
100,682,3,0
100,684,4,0
100,828,5,0
100,688,6,0
100,695,7,0
100,697,8,0
100,706,9,0
100,701,10,0
100,698,11,0
100,703,12,0
100,711,13,0
100,714,14,0
100,717,15,0
100,718,16,0
100,719,17,0
100,722,18,0
100,723,19,0
100,830,20,0
100,831,21,0
100,728,22,0
100,733,23,0
100,738,24,0
100,744,25,0
100,891,26,0
100,759,27,0
100,781,28,0
100,991,29,0
100,54,30,0
100,67,31,0
100,1013,32,0
100,89,33,0
100,95,34,0
100,106,35,0
100,125,36,0
100,1086,37,0
100,1087,38,0
100,1088,39,0
100,206,40,0
100,222,41,0
100,235,42,0
100,256,43,0
100,295,44,0
100,319,45,0
100,348,46,0
100,381,47,0
100,437,48,0
100,457,49,0
100,474,50,0
100,507,51,0
100,535,52,1
101,535,1,0
101,505,2,0
101,473,3,0
101,439,4,0
101,388,5,0
101,351,6,0
101,324,7,0
101,297,8,0
101,266,9,0
101,232,10,0
101,205,11,0
101,1089,12,0
101,1090,13,0
101,1091,14,0
101,128,15,0
101,108,16,0
101,100,17,0
101,91,18,0
101,1012,19,0
101,64,20,0
101,52,21,0
101,1119,22,0
101,18,23,0
101,785,24,0
101,767,25,0
101,756,26,0
101,745,27,0
101,739,28,0
101,832,29,0
101,727,30,0
101,726,31,0
101,1073,32,0
101,721,33,0
101,833,34,0
101,716,35,0
101,715,36,0
101,713,37,0
101,712,38,0
101,704,39,0
101,699,40,0
101,700,41,0
101,708,42,0
101,696,43,0
101,694,44,0
101,686,45,0
101,687,46,0
101,913,47,0
101,911,48,0
101,912,49,0
101,834,50,0
101,1068,51,0
101,1069,52,0
101,679,53,1
200,796,1,0
200,797,2,0
200,843,3,0
200,9,4,0
200,821,5,0
200,822,6,0
200,31,7,0
200,36,8,0
200,41,9,0
200,54,10,0
200,67,11,0
200,85,12,0
200,64,13,0
200,52,14,0
200,53,15,0
200,65,16,0
200,854,17,0
200,847,18,0
200,109,19,0
200,116,20,0
200,124,21,0
200,154,22,0
200,165,23,0
200,824,24,0
200,199,25,0
200,208,26,0
200,221,27,0
200,241,28,0
200,265,29,0
200,292,30,0
200,825,31,0
200,343,32,0
200,387,33,0
200,398,34,0
200,422,35,0
200,446,36,0
200,467,37,0
200,1108,38,0
200,1059,39,0
200,615,40,1
201,615,1,0
201,1060,2,0
201,1109,3,0
201,465,4,0
201,444,5,0
201,400,6,0
201,993,7,0
201,358,8,0
201,335,9,0
201,318,10,0
201,300,11,0
201,286,12,0
201,269,13,0
201,236,14,0
201,218,15,0
201,200,16,0
201,179,17,0
201,167,18,0
201,149,19,0
201,123,20,0
201,110,21,0
201,102,22,0
201,73,23,0
201,959,24,0
201,54,25,0
201,67,26,0
201,85,27,0
201,64,28,0
201,52,29,0
201,44,30,0
201,37,31,0
201,30,32,0
201,823,33,0
201,17,34,0
201,989,35,0
201,4,36,0
201,798,37,0
201,795,38,1
300,795,1,0
300,1035,2,0
300,2,3,0
300,12,4,0
300,20,5,0
300,23,6,0
300,29,7,0
300,34,8,0
300,48,9,0
300,58,10,0
300,77,11,0
300,82,12,0
300,96,13,0
300,114,14,0
300,132,15,0
300,156,16,0
300,186,17,0
300,207,18,0
300,228,19,0
300,244,20,0
300,276,21,0
300,285,22,0
300,302,23,0
300,306,24,0
300,263,25,0
300,248,26,0
300,247,27,0
300,258,28,0
300,271,29,0
300,304,30,0
300,332,31,0
300,813,32,0
300,419,33,0
300,429,34,0
300,446,35,0
300,467,36,0
300,1108,37,0
300,1059,38,0
300,615,39,1
301,615,1,0
301,1060,2,0
301,1109,3,0
301,465,4,0
301,444,5,0
301,418,6,0
301,367,7,0
301,334,8,0
301,309,9,0
301,275,10,0
301,250,11,0
301,238,12,0
301,239,13,0
301,260,14,0
301,298,15,0
301,299,16,0
301,287,17,0
301,272,18,0
301,245,19,0
301,220,20,0
301,204,21,0
301,155,22,0
301,130,23,0
301,113,24,0
301,98,25,0
301,83,26,0
301,71,27,0
301,240,28,0
301,60,29,0
301,1065,30,0
301,47,31,0
301,33,32,0
301,28,33,0
301,24,34,0
301,21,35,0
301,13,36,0
301,11,37,0
301,3,38,0
301,800,39,0
301,792,40,0
301,796,41,1
400,729,1,0
400,992,2,0
400,1111,3,0
400,1101,4,0
400,1104,5,0
400,1105,6,0
400,1107,7,0
400,1097,8,0
400,1098,9,0
400,1099,10,0
400,733,11,0
400,738,12,0
400,744,13,0
400,891,14,0
400,759,15,0
400,1092,16,0
400,1093,17,0
400,1118,18,0
400,771,19,0
400,758,20,0
400,750,21,0
400,743,22,0
400,736,23,0
400,731,24,0
400,730,25,0
400,742,26,0
400,755,27,0
400,835,28,0
400,772,29,0
400,783,30,0
400,796,31,0
400,6,32,0
400,16,33,0
400,810,34,0
400,27,35,0
400,39,36,0
400,815,37,0
400,216,38,0
400,56,39,0
400,63,40,0
400,81,41,0
400,93,42,0
400,105,43,0
400,115,44,0
400,119,45,0
400,135,46,0
400,150,47,0
400,168,48,0
400,1120,49,0
400,159,50,0
400,152,51,0
400,178,52,0
400,189,53,0
400,212,54,0
400,201,55,0
400,193,56,0
400,215,57,0
400,224,58,0
400,246,59,0
400,262,60,0
400,293,61,0
400,811,62,0
400,327,63,0
400,344,64,0
400,339,65,0
400,329,66,0
400,812,67,0
400,385,68,0
400,421,69,0
400,403,70,0
400,476,71,0
400,500,72,0
400,514,73,0
400,526,74,0
400,906,75,0
400,896,76,0
400,466,77,0
400,431,78,0
400,396,79,0
400,362,80,0
400,376,81,0
400,395,82,0
400,435,83,0
400,453,84,0
400,474,85,0
400,507,86,0
400,535,87,1
401,535,1,0
401,505,2,0
401,451,3,0
401,438,4,0
401,392,5,0
401,378,6,0
401,357,7,0
401,340,8,0
401,836,9,0
401,338,10,0
401,350,11,0
401,328,12,0
401,314,13,0
401,283,14,0
401,270,15,0
401,243,16,0
401,807,17,0
401,214,18,0
401,198,19,0
401,184,20,0
401,190,21,0
401,203,22,0
401,209,23,0
401,194,24,0
401,180,25,0
401,151,26,0
401,164,27,0
401,174,28,0
401,160,29,0
401,148,30,0
401,137,31,0
401,117,32,0
401,112,33,0
401,92,34,0
401,79,35,0
401,66,36,0
401,59,37,0
401,40,38,0
401,45,39,0
401,38,40,0
401,32,41,0
401,25,42,0
401,15,43,0
401,5,44,0
401,795,45,0
401,776,46,0
401,762,47,0
401,751,48,0
401,746,49,0
401,740,50,0
401,737,51,0
401,732,52,0
401,734,53,0
401,735,54,0
401,741,55,0
401,752,56,0
401,757,57,0
401,818,58,0
401,773,59,0
401,761,60,0
401,747,61,0
401,756,62,0
401,745,63,0
401,739,64,0
401,832,65,0
401,1094,66,0
401,1095,67,0
401,1096,68,0
401,1052,69,0
401,1106,70,0
401,1103,71,0
401,1102,72,0
401,946,73,0
401,724,74,0
401,729,75,1
600,85,1,0
600,95,2,0
600,106,3,0
600,156,4,0
600,186,5,0
600,207,6,0
600,223,7,0
600,237,8,0
600,274,9,0
600,307,10,0
600,345,11,0
600,372,12,0
600,394,13,0
600,359,14,0
600,375,15,0
600,407,16,0
600,456,17,0
600,472,18,0
600,440,19,0
600,389,20,0
600,973,21,0
600,425,22,0
600,441,23,0
600,461,24,0
600,479,25,0
600,866,26,0
600,537,27,0
600,560,28,0
600,578,29,0
600,592,30,0
600,602,31,0
600,609,32,0
600,981,33,0
600,1113,34,0
600,997,35,0
600,874,36,0
600,887,37,0
600,888,38,0
600,889,39,0
600,615,40,1
601,615,1,0
601,604,2,0
601,594,3,0
601,573,4,0
601,817,5,0
601,541,6,0
601,508,7,0
601,481,8,0
601,464,9,0
601,442,10,0
601,426,11,0
601,416,12,0
601,380,13,0
601,434,14,0
601,471,15,0
601,468,16,0
601,412,17,0
601,382,18,0
601,356,19,0
601,374,20,0
601,383,21,0
601,363,22,0
601,310,23,0
601,278,24,0
601,242,25,0
601,230,26,0
601,204,27,0
601,155,28,0
601,128,29,0
601,108,30,0
601,100,31,0
601,91,32,0
601,85,33,1
1000,85,1,0
1000,64,2,0
1000,52,3,0
1000,1119,4,0
1000,7,5,0
1000,801,6,0
1000,787,7,0
1000,780,8,0
1000,779,9,0
1000,769,10,0
1000,760,11,0
1000,754,12,0
1000,748,13,0
1000,755,14,0
1000,835,15,0
1000,772,16,0
1000,783,17,0
1000,796,18,0
1000,6,19,0
1000,16,20,0
1000,810,21,0
1000,27,22,0
1000,39,23,0
1000,49,24,0
1000,55,25,0
1000,68,26,0
1000,90,27,0
1000,103,28,0
1000,118,29,0
1000,144,30,0
1000,171,31,0
1000,185,32,0
1000,196,33,0
1000,225,34,0
1000,252,35,0
1000,284,36,0
1000,317,37,0
1000,996,38,0
1000,391,39,0
1000,424,40,0
1000,470,41,0
1000,495,42,0
1000,540,43,0
1000,553,44,0
1000,548,45,0
1000,525,46,0
1000,496,47,0
1000,482,48,0
1000,447,49,0
1000,436,50,0
1000,413,51,0
1000,379,52,0
1000,999,53,0
1000,1000,54,0
1000,1001,55,0
1000,1002,56,0
1000,897,57,0
1000,998,58,0
1000,333,59,0
1000,355,60,0
1000,376,61,0
1000,395,62,0
1000,435,63,0
1000,453,64,0
1000,474,65,0
1000,507,66,0
1000,535,67,1
1001,535,1,0
1001,505,2,0
1001,451,3,0
1001,438,4,0
1001,392,5,0
1001,360,6,0
1001,325,7,0
1001,1008,8,0
1001,898,9,0
1001,1006,10,0
1001,1005,11,0
1001,1004,12,0
1001,1003,13,0
1001,1007,14,0
1001,408,15,0
1001,433,16,0
1001,452,17,0
1001,478,18,0
1001,816,19,0
1001,522,20,0
1001,550,21,0
1001,557,22,0
1001,543,23,0
1001,501,24,0
1001,466,25,0
1001,431,26,0
1001,396,27,0
1001,362,28,0
1001,315,29,0
1001,282,30,0
1001,259,31,0
1001,227,32,0
1001,198,33,0
1001,184,34,0
1001,172,35,0
1001,147,36,0
1001,120,37,0
1001,104,38,0
1001,94,39,0
1001,88,40,0
1001,72,41,0
1001,57,42,0
1001,50,43,0
1001,38,44,0
1001,32,45,0
1001,25,46,0
1001,15,47,0
1001,5,48,0
1001,795,49,0
1001,776,50,0
1001,762,51,0
1001,751,52,0
1001,749,53,0
1001,753,54,0
1001,763,55,0
1001,770,56,0
1001,777,57,0
1001,782,58,0
1001,789,59,0
1001,1,60,0
1001,1110,61,0
1001,54,62,0
1001,67,63,0
1001,85,64,1
1100,535,1,0
1100,505,2,0
1100,473,3,0
1100,499,4,0
1100,517,5,0
1100,574,6,0
1100,588,7,0
1100,599,8,0
1100,618,9,0
1100,923,10,0
1100,947,11,0
1100,658,12,0
1100,662,13,0
1100,666,14,0
1100,671,15,0
1100,675,16,0
1100,676,17,0
1100,985,18,0
1100,986,19,0
1100,858,20,0
1100,1063,21,0
1100,900,22,0
1100,949,23,0
1100,885,24,0
1100,884,25,0
1100,886,26,0
1100,873,27,0
1100,914,28,0
1100,1112,29,0
1100,980,30,0
1100,615,31,1
1101,615,1,0
1101,981,2,0
1101,1113,3,0
1101,997,4,0
1101,874,5,0
1101,879,6,0
1101,880,7,0
1101,881,8,0
1101,882,9,0
1101,883,10,0
1101,899,11,0
1101,1064,12,0
1101,872,13,0
1101,860,14,0
1101,988,15,0
1101,838,16,0
1101,672,17,0
1101,1037,18,0
1101,664,19,0
1101,651,20,0
1101,636,21,0
1101,893,22,0
1101,952,23,0
1101,616,24,0
1101,601,25,0
1101,951,26,0
1101,575,27,0
1101,510,28,0
1101,474,29,0
1101,507,30,0
1101,535,31,1
1200,85,1,0
1200,64,2,0
1200,52,3,0
1200,53,4,0
1200,65,5,0
1200,854,6,0
1200,847,7,0
1200,109,8,0
1200,116,9,0
1200,129,10,0
1200,142,11,0
1200,166,12,0
1200,183,13,0
1200,197,14,0
1200,211,15,0
1200,229,16,0
1200,251,17,0
1200,260,18,0
1200,298,19,0
1200,326,20,0
1200,380,21,0
1200,434,22,0
1200,471,23,0
1200,492,24,0
1200,519,25,0
1200,566,26,0
1200,591,27,0
1200,922,28,0
1200,628,29,0
1200,646,30,0
1200,648,31,0
1200,668,32,0
1200,670,33,0
1200,965,34,1
1201,965,1,0
1201,487,2,0
1201,673,3,0
1201,669,4,0
1201,647,5,0
1201,634,6,0
1201,607,7,0
1201,595,8,0
1201,570,9,0
1201,538,10,0
1201,515,11,0
1201,497,12,0
1201,477,13,0
1201,440,14,0
1201,389,15,0
1201,1030,16,0
1201,306,17,0
1201,257,18,0
1201,231,19,0
1201,808,20,0
1201,210,21,0
1201,195,22,0
1201,169,23,0
1201,804,24,0
1201,127,25,0
1201,110,26,0
1201,102,27,0
1201,73,28,0
1201,959,29,0
1201,54,30,0
1201,67,31,0
1201,85,32,1
2500,535,1,0
2500,505,2,0
2500,451,3,0
2500,438,4,0
2500,392,5,0
2500,360,6,0
2500,315,7,0
2500,282,8,0
2500,259,9,0
2500,227,10,0
2500,198,11,0
2500,190,12,0
2500,203,13,0
2500,1114,14,0
2500,1083,15,0
2500,290,16,0
2500,305,17,0
2500,365,18,0
2500,423,19,0
2500,449,20,0
2500,480,21,0
2500,493,22,0
2500,502,23,0
2500,521,24,0
2500,545,25,0
2500,555,26,0
2500,571,27,0
2500,584,28,0
2500,608,29,0
2500,619,30,0
2500,615,31,1
2501,615,1,0
2501,981,2,0
2501,622,3,0
2501,611,4,0
2501,587,5,0
2501,572,6,0
2501,558,7,0
2501,546,8,0
2501,534,9,0
2501,506,10,0
2501,491,11,0
2501,484,12,0
2501,450,13,0
2501,432,14,0
2501,368,15,0
2501,313,16,0
2501,296,17,0
2501,1082,18,0
2501,1115,19,0
2501,201,20,0
2501,193,21,0
2501,196,22,0
2501,225,23,0
2501,252,24,0
2501,284,25,0
2501,317,26,0
2501,376,27,0
2501,395,28,0
2501,435,29,0
2501,453,30,0
2501,474,31,0
2501,507,32,0
2501,535,33,1
4800,651,1,0
4800,636,2,0
4800,607,3,0
4800,924,4,0
4800,925,5,0
4800,926,6,0
4800,927,7,0
4800,928,8,0
4800,929,9,0
4800,930,10,0
4800,931,11,0
4800,932,12,0
4800,619,13,0
4800,875,14,0
4800,876,15,0
4800,877,16,0
4800,914,17,1
4801,997,1,0
4801,887,2,0
4801,888,3,0
4801,889,4,0
4801,933,5,0
4801,1010,6,0
4801,934,7,0
4801,935,8,0
4801,936,9,0
4801,937,10,0
4801,938,11,0
4801,939,12,0
4801,940,13,0
4801,941,14,0
4801,628,15,0
4801,947,16,0
4801,658,17,1
5000,85,1,0
5000,64,2,0
5000,52,3,0
5000,7,4,0
5000,801,5,0
5000,787,6,0
5000,780,7,0
5000,779,8,0
5000,769,9,0
5000,760,10,0
5000,754,11,0
5000,748,12,0
5000,755,13,0
5000,835,14,0
5000,772,15,0
5000,783,16,0
5000,796,17,0
5000,6,18,0
5000,16,19,0
5000,810,20,0
5000,27,21,0
5000,39,22,0
5000,49,23,0
5000,55,24,0
5000,68,25,0
5000,90,26,0
5000,103,27,0
5000,118,28,0
5000,144,29,0
5000,171,30,0
5000,185,31,0
5000,196,32,0
5000,225,33,0
5000,252,34,0
5000,284,35,0
5000,317,36,0
5000,996,37,0
5000,391,38,0
5000,424,39,0
5000,470,40,0
5000,495,41,0
5000,540,42,0
5000,553,43,0
5000,548,44,0
5000,525,45,0
5000,496,46,0
5000,482,47,0
5000,447,48,1
5001,447,1,0
5001,436,2,0
5001,413,3,0
5001,379,4,0
5001,999,5,0
5001,1000,6,0
5001,1001,7,0
5001,1002,8,0
5001,897,9,0
5001,998,10,0
5001,333,11,0
5001,355,12,0
5001,376,13,0
5001,395,14,0
5001,435,15,0
5001,453,16,0
5001,499,17,0
5001,498,18,0
5001,490,19,0
5001,459,20,0
5001,399,21,0
5001,354,22,0
5001,323,23,0
5001,301,24,0
5001,281,25,0
5001,268,26,0
5001,254,27,0
5001,233,28,0
5001,226,29,0
5001,192,30,0
5001,182,31,0
5001,170,32,0
5001,128,33,0
5001,108,34,0
5001,100,35,0
5001,91,36,0
5001,85,37,1
5100,85,1,0
5100,89,2,0
5100,95,3,0
5100,106,4,0
5100,125,5,0
5100,130,6,0
5100,119,7,0
5100,135,8,0
5100,150,9,0
5100,168,10,0
5100,1014,11,0
5100,206,12,0
5100,222,13,0
5100,235,14,0
5100,290,15,0
5100,305,16,0
5100,365,17,0
5100,423,18,0
5100,449,19,0
5100,480,20,0
5100,493,21,0
5100,502,22,0
5100,521,23,0
5100,545,24,0
5100,555,25,0
5100,571,26,0
5100,584,27,0
5100,608,28,0
5100,619,29,0
5100,1113,30,0
5100,997,31,0
5100,874,32,0
5100,879,33,0
5100,880,34,0
5100,881,35,0
5100,882,36,0
5100,883,37,0
5100,899,38,0
5100,1064,39,0
5100,872,40,1
5101,872,1,0
5101,860,2,0
5101,988,3,0
5101,838,4,0
5101,672,5,0
5101,1037,6,0
5101,664,7,0
5101,651,8,0
5101,636,9,0
5101,607,10,0
5101,595,11,0
5101,570,12,0
5101,538,13,0
5101,506,14,0
5101,491,15,0
5101,484,16,0
5101,450,17,0
5101,432,18,0
5101,368,19,0
5101,313,20,0
5101,296,21,0
5101,232,22,0
5101,205,23,0
5101,1011,24,0
5101,174,25,0
5101,160,26,0
5101,148,27,0
5101,137,28,0
5101,117,29,0
5101,128,30,0
5101,108,31,0
5101,100,32,0
5101,91,33,0
5101,85,34,1
5200,85,1,0
5200,64,2,0
5200,52,3,0
5200,53,4,0
5200,854,5,0
5200,847,6,0
5200,109,7,0
5200,116,8,0
5200,124,9,0
5200,154,10,0
5200,165,11,0
5200,824,12,0
5200,199,13,0
5200,208,14,0
5200,221,15,0
5200,241,16,0
5200,265,17,0
5200,292,18,0
5200,825,19,0
5200,343,20,0
5200,387,21,0
5200,398,22,0
5200,422,23,0
5200,446,24,0
5200,467,25,0
5200,1108,26,0
5200,1059,27,0
5200,981,28,0
5200,622,29,0
5200,611,30,0
5200,600,31,0
5200,613,32,0
5200,594,33,0
5200,573,34,0
5200,817,35,0
5200,541,36,0
5200,508,37,0
5200,481,38,0
5200,464,39,0
5200,442,40,0
5200,426,41,0
5200,416,42,0
5200,1030,43,0
5200,299,44,1
5201,299,1,0
5201,287,2,0
5201,272,3,0
5201,245,4,0
5201,220,5,0
5201,204,6,0
5201,155,7,0
5201,130,8,0
5201,113,9,0
5201,98,10,0
5201,83,11,0
5201,71,12,0
5201,57,13,0
5201,50,14,0
5201,38,15,0
5201,32,16,0
5201,25,17,0
5201,15,18,0
5201,5,19,0
5201,796,20,0
5201,797,21,0
5201,843,22,0
5201,9,23,0
5201,821,24,0
5201,822,25,0
5201,31,26,0
5201,36,27,0
5201,41,28,0
5201,54,29,0
5201,67,30,0
5201,85,31,1
8000,85,1,0
8000,89,2,0
8000,95,3,0
8000,106,4,0
8000,162,5,0
8000,177,6,0
8000,191,7,0
8000,217,8,0
8000,234,9,0
8000,253,10,0
8000,264,11,0
8000,279,12,0
8000,289,13,0
8000,321,14,0
8000,347,15,0
8000,401,16,0
8000,454,17,0
8000,486,18,0
8000,503,19,0
8000,474,20,0
8000,507,21,0
8000,535,22,1
8001,535,1,0
8001,505,2,0
8001,473,3,0
8001,499,4,0
8001,498,5,0
8001,490,6,0
8001,459,7,0
8001,399,8,0
8001,354,9,0
8001,323,10,0
8001,301,11,0
8001,281,12,0
8001,268,13,0
8001,254,14,0
8001,233,15,0
8001,226,16,0
8001,192,17,0
8001,182,18,0
8001,170,19,0
8001,128,20,0
8001,108,21,0
8001,100,22,0
8001,91,23,0
8001,85,24,1
8100,85,1,0
8100,89,2,0
8100,95,3,0
8100,106,4,0
8100,156,5,0
8100,186,6,0
8100,219,7,0
8100,249,8,0
8100,288,9,0
8100,361,10,0
8100,402,11,0
8100,475,12,0
8100,485,13,0
8100,520,14,0
8100,539,15,0
8100,1015,16,0
8100,562,17,0
8100,583,18,0
8100,597,19,0
8100,916,20,0
8100,1018,21,0
8100,964,22,0
8100,1016,23,0
8100,1121,24,0
8100,1017,25,0
8100,606,26,0
8100,627,27,0
8100,644,28,0
8100,1019,29,0
8100,649,30,0
8100,657,31,0
8100,656,32,0
8100,846,33,0
8100,623,34,0
8100,610,35,0
8100,596,36,0
8100,581,37,0
8100,829,38,0
8100,536,39,0
8100,474,40,0
8100,507,41,0
8100,535,42,1
8101,535,1,0
8101,505,2,0
8101,473,3,0
8101,499,4,0
8101,528,5,0
8101,455,6,0
8101,576,7,0
8101,593,8,0
8101,605,9,0
8101,621,10,0
8101,979,11,0
8101,978,12,0
8101,659,13,0
8101,650,14,0
8101,1020,15,0
8101,642,16,0
8101,625,17,0
8101,856,18,0
8101,983,19,0
8101,984,20,0
8101,963,21,0
8101,1021,22,0
8101,915,23,0
8101,857,24,0
8101,586,25,0
8101,565,26,0
8101,556,27,0
8101,544,28,0
8101,531,29,0
8101,524,30,0
8101,469,31,0
8101,404,32,0
8101,373,33,0
8101,291,34,0
8101,809,35,0
8101,806,36,0
8101,181,37,0
8101,155,38,0
8101,128,39,0
8101,108,40,0
8101,100,41,0
8101,91,42,0
8101,85,43,1
8700,729,1,0
8700,1047,2,0
8700,1048,3,0
8700,1042,4,0
8700,1049,5,0
8700,1050,6,0
8700,1022,7,0
8700,1023,8,0
8700,971,9,0
8700,1024,10,0
8700,943,11,0
8700,149,12,0
8700,123,13,0
8700,110,14,0
8700,102,15,0
8700,73,16,0
8700,959,17,0
8700,54,18,0
8700,67,19,0
8700,85,20,1
8701,85,1,0
8701,64,2,0
8701,52,3,0
8701,53,4,0
8701,65,5,0
8701,854,6,0
8701,1061,7,0
8701,1045,8,0
8701,1046,9,0
8701,967,10,0
8701,1041,11,0
8701,1043,12,0
8701,1044,13,0
8701,729,14,1
