'BUR-FEB23-RMKBLK-Saturday-02',200,64700,4,'',0,10000,4,'',0,10000,4,'',0,10000,4,'',0,7000,4,'',0,3000,4,'',0,7000,4,'',0,3000,4,'',0,7000,4,'',0,3000,4,'',0,7000,4,'',0,3000,4,'',0,7000,4,'',0,3000,4,'',0,7000,4,'',0,3000,4,'',0,7000,4,'',0,3000,4,'',0,7000,4,'',0,3000,4,'',0,7000,4,'',0,3000,4,'',0,7000,4,'',0,3000,4,'',0,7000,4,'',0,3000,4,'',0,7000,4,'',0,3000,4,'',0,7000,4,'',0
'BUR-FEB23-RMKBLK-Saturday-02',201,63400,,'',0,10000,,'',0,10000,,'',0,7000,,'',0,3000,,'',0,7000,,'',0,3000,,'',0,7000,,'',0,3000,,'',0,7000,,'',0,3000,,'',0,7000,,'',0,3000,,'',0,7000,,'',0,3000,,'',0,7000,,'',0,3000,,'',0,7000,,'',0,3000,,'',0,7000,,'',0,3000,,'',0,7000,,'',0,3000,,'',0,7000,,'',0,3000,,'',0,7000,,'',0,3000,,'',0,7000,,'',0,3000,,'',0,7000,,'',0,3000,,'',0
'BUR-FEB23-RMKBLK-Sunday-02',200,81700,4,'',0,10000,4,'',0,10000,4,'',0,3000,4,'',0,7000,4,'',0,3000,4,'',0,7000,4,'',0,3000,4,'',0,7000,4,'',0,3000,4,'',0,7000,4,'',0,3000,4,'',0,7000,4,'',0,3000,4,'',0,7000,4,'',0,3000,4,'',0,7000,4,'',0,3000,4,'',0,7000,4,'',0,3000,4,'',0,7000,4,'',0,3000,4,'',0,7000,4,'',0,3000,4,'',0
'BUR-FEB23-RMKBLK-Sunday-02',201,73400,,'',0,10000,,'',0,7000,,'',0,3000,,'',0,7000,,'',0,3000,,'',0,7000,,'',0,3000,,'',0,7000,,'',0,3000,,'',0,7000,,'',0,3000,,'',0,7000,,'',0,3000,,'',0,7000,,'',0,3000,,'',0,7000,,'',0,3000,,'',0,7000,,'',0,3000,,'',0,7000,,'',0,3000,,'',0,7000,,'',0,3000,,'',0,7000,,'',0
'BUR-FEB23-RMKBLK-Weekday-04',200,51800,4,'',0,3200,4,'',0,6000,4,'',0,2000,4,'',0,2000,4,'',0,6000,4,'',0,2000,4,'',0,2000,4,'',0,6000,4,'',0,2000,4,'',0,2000,4,'',0,6000,4,'',0,2500,4,'',0,7000,4,'',0,3000,4,'',0,7000,4,'',0,3000,4,'',0,7000,4,'',0,3000,4,'',0,7000,4,'',0,3000,4,'',0,6600,4,'',0,1900,4,'',0,2200,4,'',0,6000,4,'',0,2000,4,'',0,2000,4,'',0,6000,4,'',0,2000,4,'',0,2000,4,'',0,6000,4,'',0,2000,4,'',0,2000,4,'',0,6000,4,'',0,2000,4,'',0,2000,4,'',0,6000,4,'',0,2000,4,'',0,2800,4,'',0,7000,4,'',0,3000,4,'',0,7000,4,'',0,3000,4,'',0
'BUR-FEB23-RMKBLK-Weekday-04',201,52700,,'',0,3200,,'',0,5800,,'',0,2000,,'',0,2000,,'',0,6000,,'',0,2000,,'',0,2000,,'',0,6000,,'',0,1600,,'',0,2400,,'',0,6700,,'',0,2500,,'',0,7000,,'',0,3000,,'',0,7000,,'',0,3000,,'',0,7000,,'',0,3000,,'',0,7000,,'',0,3000,,'',0,6000,,'',0,2000,,'',0,2000,,'',0,6000,,'',0,2000,,'',0,2000,,'',0,6000,,'',0,2000,,'',0,2000,,'',0,6000,,'',0,2000,,'',0,2000,,'',0,6000,,'',0,2000,,'',0,1900,,'',0,5700,,'',0,3000,,'',0,7000,,'',0,3000,,'',0,7000,,'',0,3000,,'',0,1500,,'',0
'BUR-FEB23-RMKBLK-Saturday-02',300,73100,4,'',0,10000,4,'',0,10000,4,'',0,7000,4,'',0,3000,4,'',0,7000,4,'',0,3000,4,'',0,7000,4,'',0,3000,4,'',0,7000,4,'',0,3000,4,'',0,7000,4,'',0,3000,4,'',0,7000,4,'',0,3000,4,'',0,7000,4,'',0,3000,4,'',0,7000,4,'',0,3000,4,'',0,7000,4,'',0,3000,4,'',0,7000,4,'',0,3000,4,'',0,7000,4,'',0,3000,4,'',0,7000,4,'',0,3000,4,'',0,7000,4,'',0,3000,4,'',0
'BUR-FEB23-RMKBLK-Saturday-02',301,54900,,'',0,10000,,'',0,10000,,'',0,10000,,'',0,10000,,'',0,7000,,'',0,3000,,'',0,7000,,'',0,3000,,'',0,7000,,'',0,3000,,'',0,7000,,'',0,3000,,'',0,7000,,'',0,3000,,'',0,7000,,'',0,3000,,'',0,7000,,'',0,3000,,'',0,7000,,'',0,3000,,'',0,7000,,'',0,3000,,'',0,7000,,'',0,3000,,'',0,7000,,'',0,3000,,'',0,7000,,'',0,3000,,'',0,7000,,'',0
'BUR-FEB23-RMKBLK-Sunday-02',300,83100,4,'',0,10000,4,'',0,7000,4,'',0,3000,4,'',0,7000,4,'',0,3000,4,'',0,7000,4,'',0,3000,4,'',0,7000,4,'',0,3000,4,'',0,7000,4,'',0,3000,4,'',0,7000,4,'',0,3000,4,'',0,7000,4,'',0,3000,4,'',0,7000,4,'',0,3000,4,'',0,7000,4,'',0,3000,4,'',0,7000,4,'',0,3000,4,'',0,7000,4,'',0,3000,4,'',0,7000,4,'',0
'BUR-FEB23-RMKBLK-Sunday-02',301,71900,,'',0,10000,,'',0,10000,,'',0,3000,,'',0,7000,,'',0,3000,,'',0,7000,,'',0,3000,,'',0,7000,,'',0,3000,,'',0,7000,,'',0,3000,,'',0,7000,,'',0,3000,,'',0,7000,,'',0,3000,,'',0,7000,,'',0,3000,,'',0,7000,,'',0,3000,,'',0,7000,,'',0,3000,,'',0,7000,,'',0,3000,,'',0
'BUR-FEB23-RMKBLK-Weekday-04',300,51400,4,'',0,2800,4,'',0,6000,4,'',0,2000,4,'',0,2000,4,'',0,6000,4,'',0,2000,4,'',0,2000,4,'',0,6000,4,'',0,2000,4,'',0,2000,4,'',0,6000,4,'',0,2500,4,'',0,3000,4,'',0,7000,4,'',0,3000,4,'',0,7000,4,'',0,3000,4,'',0,7000,4,'',0,3000,4,'',0,7000,4,'',0,3000,4,'',0,6000,4,'',0,2000,4,'',0,2000,4,'',0,6000,4,'',0,2000,4,'',0,2000,4,'',0,6000,4,'',0,2000,4,'',0,2000,4,'',0,6000,4,'',0,2000,4,'',0,2000,4,'',0,6000,4,'',0,2000,4,'',0,2000,4,'',0,6000,4,'',0,3200,4,'',0,6800,4,'',0,3000,4,'',0,7000,4,'',0,3000,4,'',0
'BUR-FEB23-RMKBLK-Weekday-04',301,51400,,'',0,3400,,'',0,5800,,'',0,2000,,'',0,2000,,'',0,6000,,'',0,2000,,'',0,2000,,'',0,6000,,'',0,2000,,'',0,2000,,'',0,6100,,'',0,2600,,'',0,7000,,'',0,3000,,'',0,7000,,'',0,3000,,'',0,7000,,'',0,3000,,'',0,7000,,'',0,3000,,'',0,6700,,'',0,2000,,'',0,2000,,'',0,6000,,'',0,2000,,'',0,2000,,'',0,6000,,'',0,2000,,'',0,2000,,'',0,6000,,'',0,2000,,'',0,2000,,'',0,6000,,'',0,2000,,'',0,2100,,'',0,6000,,'',0,2500,,'',0,2500,,'',0,7000,,'',0,3000,,'',0,7000,,'',0,2800,,'',0
'BUR-FEB23-RMKBLK-Saturday-02',600,81900,4,'',0,10000,4,'',0,10000,4,'',0,10000,4,'',0,10000,4,'',0,10000,4,'',0,10000,4,'',0,10000,4,'',0,10000,4,'',0,10000,4,'',0,10000,4,'',0,10000,4,'',0,10000,4,'',0,10000,4,'',0,10000,4,'',0
'BUR-FEB23-RMKBLK-Saturday-02',601,72500,,'',0,10000,,'',0,10000,,'',0,10000,,'',0,10000,,'',0,10000,,'',0,10000,,'',0,10000,,'',0,10000,,'',0,10000,,'',0,10000,,'',0,10000,,'',0,10000,,'',0,10000,,'',0,10000,,'',0
'BUR-FEB23-RMKBLK-Sunday-02',600,91900,4,'',0,10000,4,'',0,10000,4,'',0,10000,4,'',0,10000,4,'',0,10000,4,'',0,10000,4,'',0,10000,4,'',0,10000,4,'',0,10000,4,'',0,10000,4,'',0,10000,4,'',0
'BUR-FEB23-RMKBLK-Sunday-02',601,82500,,'',0,10000,,'',0,10000,,'',0,10000,,'',0,10000,,'',0,10000,,'',0,10000,,'',0,10000,,'',0,10000,,'',0,10000,,'',0,10000,,'',0,10000,,'',0
'BUR-FEB23-RMKBLK-Weekday-04',600,61800,4,'',0,3000,4,'',0,7000,4,'',0,3000,4,'',0,7000,4,'',0,3000,4,'',0,7000,4,'',0,2900,4,'',0,7000,4,'',0,3000,4,'',0,7000,4,'',0,3000,4,'',0,7000,4,'',0,3000,4,'',0,7000,4,'',0,3000,4,'',0,7000,4,'',0,3000,4,'',0,7000,4,'',0,3200,4,'',0,7000,4,'',0,3000,4,'',0,7000,4,'',0,3000,4,'',0,7000,4,'',0,3000,4,'',0,7000,4,'',0,2600,4,'',0,7000,4,'',0,10000,4,'',0,10000,4,'',0
'BUR-FEB23-RMKBLK-Weekday-04',601,52500,,'',0,10000,,'',0,3000,,'',0,7000,,'',0,3000,,'',0,7000,,'',0,3000,,'',0,7000,,'',0,3000,,'',0,7000,,'',0,3000,,'',0,7000,,'',0,3000,,'',0,7000,,'',0,3000,,'',0,7000,,'',0,3000,,'',0,7000,,'',0,3000,,'',0,7000,,'',0,3000,,'',0,7000,,'',0,3000,,'',0,7000,,'',0,3000,,'',0,7000,,'',0,3000,,'',0,7000,,'',0,10000,,'',0,10000,,'',0
'BUR-FEB23-RMKBLK-Saturday-02',1100,80500,4,'',0,3000,4,'',0,7000,4,'',0,3000,4,'',0,7000,4,'',0,3000,4,'',0,7000,4,'',0,3000,4,'',0,7000,4,'',0,3000,4,'',0,7000,4,'',0,3000,4,'',0,7000,4,'',0,3000,4,'',0,7000,4,'',0,3000,4,'',0,7000,4,'',0,3000,4,'',0,7000,4,'',0,3000,4,'',0,7000,4,'',0,3000,4,'',0,7000,4,'',0,3000,4,'',0,7000,4,'',0,3000,4,'',0,7000,4,'',0,3000,4,'',0
'BUR-FEB23-RMKBLK-Saturday-02',1101,70900,,'',0,3000,,'',0,7000,,'',0,3000,,'',0,7000,,'',0,3000,,'',0,7000,,'',0,3000,,'',0,7000,,'',0,3000,,'',0,7000,,'',0,3000,,'',0,7000,,'',0,3000,,'',0,7000,,'',0,3000,,'',0,7000,,'',0,3000,,'',0,7000,,'',0,3000,,'',0,7000,,'',0,3000,,'',0,7000,,'',0,3000,,'',0,7000,,'',0,3000,,'',0,7000,,'',0,3000,,'',0,7000,,'',0,3000,,'',0
'BUR-FEB23-RMKBLK-Sunday-02',1100,90500,4,'',0,3000,4,'',0,7000,4,'',0,3000,4,'',0,7000,4,'',0,3000,4,'',0,7000,4,'',0,3000,4,'',0,7000,4,'',0,3000,4,'',0,7000,4,'',0,3000,4,'',0,7000,4,'',0,3000,4,'',0,7000,4,'',0,3000,4,'',0,7000,4,'',0,3000,4,'',0,7000,4,'',0,3000,4,'',0,7000,4,'',0,3000,4,'',0,7000,4,'',0
'BUR-FEB23-RMKBLK-Sunday-02',1101,80900,,'',0,3000,,'',0,7000,,'',0,3000,,'',0,7000,,'',0,3000,,'',0,7000,,'',0,3000,,'',0,7000,,'',0,3000,,'',0,7000,,'',0,3000,,'',0,7000,,'',0,3000,,'',0,7000,,'',0,3000,,'',0,7000,,'',0,3000,,'',0,7000,,'',0,3000,,'',0,7000,,'',0,3000,,'',0,7000,,'',0
'BUR-FEB23-RMKBLK-Weekday-04',1100,54000,4,'',0,6600,4,'',0,3000,4,'',0,7000,4,'',0,3000,4,'',0,7100,4,'',0,3000,4,'',0,7000,4,'',0,2900,4,'',0,7000,4,'',0,3000,4,'',0,7000,4,'',0,3000,4,'',0,7000,4,'',0,3000,4,'',0,7000,4,'',0,3000,4,'',0,7000,4,'',0,3000,4,'',0,7000,4,'',0,3000,4,'',0,7100,4,'',0,3000,4,'',0,7000,4,'',0,3000,4,'',0,7000,4,'',0,3000,4,'',0,7000,4,'',0,2900,4,'',0,7000,4,'',0,3000,4,'',0,7000,4,'',0,3000,4,'',0,7000,4,'',0
'BUR-FEB23-RMKBLK-Weekday-04',1101,50700,,'',0,3300,,'',0,6700,,'',0,3000,,'',0,7000,,'',0,3000,,'',0,7000,,'',0,3000,,'',0,7000,,'',0,3000,,'',0,7000,,'',0,3000,,'',0,7000,,'',0,3000,,'',0,7000,,'',0,3000,,'',0,7000,,'',0,3000,,'',0,7000,,'',0,3000,,'',0,7000,,'',0,3000,,'',0,7000,,'',0,3000,,'',0,7000,,'',0,3000,,'',0,7000,,'',0,3000,,'',0,7000,,'',0,3000,,'',0,7000,,'',0,3000,,'',0,7000,,'',0,3000,,'',0
'BUR-FEB23-RMKBLK-Saturday-02',2500,73100,4,'',0,7000,4,'',0,3000,4,'',0,7000,4,'',0,3000,4,'',0,7000,4,'',0,3000,4,'',0,7000,4,'',0,3000,4,'',0,7000,4,'',0,3000,4,'',0,7000,4,'',0,3000,4,'',0,7000,4,'',0,3000,4,'',0,7000,4,'',0,3000,4,'',0,7000,4,'',0,3000,4,'',0,7000,4,'',0,3000,4,'',0,7000,4,'',0,3000,4,'',0,7000,4,'',0,3000,4,'',0,7000,4,'',0,3000,4,'',0,7000,4,'',0,3000,4,'',0,7000,4,'',0
'BUR-FEB23-RMKBLK-Saturday-02',2501,71300,,'',0,3000,,'',0,7000,,'',0,3000,,'',0,7000,,'',0,3000,,'',0,7000,,'',0,3000,,'',0,7000,,'',0,3000,,'',0,7000,,'',0,3000,,'',0,7000,,'',0,3000,,'',0,7000,,'',0,3000,,'',0,7000,,'',0,3000,,'',0,7000,,'',0,3000,,'',0,7000,,'',0,3000,,'',0,7000,,'',0,3000,,'',0,7000,,'',0,3000,,'',0,7000,,'',0,3000,,'',0,7000,,'',0,3000,,'',0
'BUR-FEB23-RMKBLK-Sunday-02',2500,80100,4,'',0,3000,4,'',0,7000,4,'',0,3000,4,'',0,7000,4,'',0,3000,4,'',0,7000,4,'',0,3000,4,'',0,7000,4,'',0,3000,4,'',0,7000,4,'',0,3000,4,'',0,7000,4,'',0,3000,4,'',0,7000,4,'',0,3000,4,'',0,7000,4,'',0,3000,4,'',0,7000,4,'',0,3000,4,'',0,7000,4,'',0,3000,4,'',0,7000,4,'',0
'BUR-FEB23-RMKBLK-Sunday-02',2501,74300,,'',0,7000,,'',0,3000,,'',0,7000,,'',0,3000,,'',0,7000,,'',0,3000,,'',0,7000,,'',0,3000,,'',0,7000,,'',0,3000,,'',0,7000,,'',0,3000,,'',0,7000,,'',0,3000,,'',0,7000,,'',0,3000,,'',0,7000,,'',0,3000,,'',0,7000,,'',0,3000,,'',0,7000,,'',0
'BUR-FEB23-RMKBLK-Weekday-04',2500,53400,4,'',0,6900,4,'',0,3000,4,'',0,7000,4,'',0,3000,4,'',0,7000,4,'',0,3000,4,'',0,7000,4,'',0,3000,4,'',0,7000,4,'',0,3000,4,'',0,7000,4,'',0,3000,4,'',0,7000,4,'',0,3000,4,'',0,7000,4,'',0,3000,4,'',0,7000,4,'',0,3000,4,'',0,7000,4,'',0,3000,4,'',0,7000,4,'',0,3000,4,'',0,7000,4,'',0,3000,4,'',0,7000,4,'',0,3000,4,'',0,7000,4,'',0,3000,4,'',0,7000,4,'',0,3000,4,'',0,7000,4,'',0,3000,4,'',0,7000,4,'',0,3000,4,'',0,7000,4,'',0,3000,4,'',0
'BUR-FEB23-RMKBLK-Weekday-04',2501,53400,,'',0,7200,,'',0,3000,,'',0,7000,,'',0,3000,,'',0,7000,,'',0,3000,,'',0,7000,,'',0,3000,,'',0,7000,,'',0,3000,,'',0,7000,,'',0,3000,,'',0,7000,,'',0,3000,,'',0,7000,,'',0,3000,,'',0,7000,,'',0,3000,,'',0,7000,,'',0,3000,,'',0,7000,,'',0,3000,,'',0,7000,,'',0,3000,,'',0,7000,,'',0,3000,,'',0,6800,,'',0,3000,,'',0,7000,,'',0,3000,,'',0,7000,,'',0,3000,,'',0,7000,,'',0,3000,,'',0,7000,,'',0
