100,679,1,0
100,827,2,0
100,682,3,0
100,684,4,0
100,828,5,0
100,688,6,0
100,695,7,0
100,697,8,0
100,706,9,0
100,701,10,0
100,698,11,0
100,703,12,0
100,711,13,0
100,714,14,0
100,717,15,0
100,718,16,0
100,719,17,0
100,946,18,0
100,724,19,0
100,729,20,0
100,992,21,0
100,722,22,0
100,723,23,0
100,830,24,0
100,831,25,0
100,728,26,0
100,733,27,0
100,738,28,0
100,744,29,0
100,891,30,0
100,759,31,0
100,781,32,0
100,991,33,0
100,53,34,0
100,960,35,0
100,890,36,0
100,85,37,1
101,85,1,0
101,961,2,0
101,953,3,0
101,954,4,0
101,955,5,0
101,956,6,0
101,18,7,0
101,785,8,0
101,767,9,0
101,756,10,0
101,745,11,0
101,739,12,0
101,832,13,0
101,727,14,0
101,726,15,0
101,1073,16,0
101,1074,17,0
101,729,18,0
101,992,19,0
101,721,20,0
101,833,21,0
101,716,22,0
101,715,23,0
101,713,24,0
101,712,25,0
101,704,26,0
101,699,27,0
101,700,28,0
101,708,29,0
101,696,30,0
101,694,31,0
101,686,32,0
101,687,33,0
101,913,34,0
101,911,35,0
101,834,36,0
101,1068,37,0
101,1069,38,0
101,679,39,1
200,85,1,0
200,961,2,0
200,953,3,0
200,854,4,0
200,847,5,0
200,109,6,0
200,116,7,0
200,124,8,0
200,154,9,0
200,165,10,0
200,824,11,0
200,199,12,0
200,208,13,0
200,221,14,0
200,241,15,0
200,265,16,0
200,292,17,0
200,825,18,0
200,343,19,0
200,387,20,0
200,398,21,0
200,422,22,0
200,446,23,0
200,467,24,0
200,1059,25,0
200,615,26,1
201,615,1,0
201,1060,2,0
201,467,3,0
201,465,4,0
201,444,5,0
201,400,6,0
201,993,7,0
201,358,8,0
201,335,9,0
201,318,10,0
201,300,11,0
201,286,12,0
201,269,13,0
201,236,14,0
201,218,15,0
201,200,16,0
201,179,17,0
201,167,18,0
201,149,19,0
201,123,20,0
201,110,21,0
201,102,22,0
201,73,23,0
201,960,24,0
201,890,25,0
201,85,26,1
300,85,1,0
300,961,2,0
300,953,3,0
300,990,4,0
300,44,5,0
300,37,6,0
300,30,7,0
300,823,8,0
300,17,9,0
300,989,10,0
300,4,11,0
300,798,12,0
300,795,13,0
300,1035,14,0
300,2,15,0
300,12,16,0
300,20,17,0
300,23,18,0
300,29,19,0
300,34,20,0
300,48,21,0
300,58,22,0
300,77,23,0
300,82,24,0
300,96,25,0
300,114,26,0
300,132,27,0
300,156,28,0
300,186,29,0
300,207,30,0
300,228,31,0
300,244,32,0
300,255,33,0
300,276,34,0
300,285,35,0
300,302,36,0
300,306,37,0
300,263,38,0
300,248,39,0
300,247,40,0
300,258,41,0
300,271,42,0
300,304,43,0
300,332,44,0
300,813,45,0
300,419,46,0
300,429,47,0
300,446,48,0
300,467,49,0
300,1059,50,0
300,615,51,1
301,615,1,0
301,1060,2,0
301,467,3,0
301,465,4,0
301,444,5,0
301,418,6,0
301,367,7,0
301,334,8,0
301,309,9,0
301,275,10,0
301,250,11,0
301,238,12,0
301,239,13,0
301,260,14,0
301,298,15,0
301,299,16,0
301,287,17,0
301,272,18,0
301,245,19,0
301,220,20,0
301,204,21,0
301,155,22,0
301,130,23,0
301,113,24,0
301,98,25,0
301,83,26,0
301,71,27,0
301,240,28,0
301,60,29,0
301,1065,30,0
301,47,31,0
301,33,32,0
301,28,33,0
301,24,34,0
301,21,35,0
301,13,36,0
301,11,37,0
301,3,38,0
301,800,39,0
301,792,40,0
301,796,41,0
301,797,42,0
301,843,43,0
301,9,44,0
301,821,45,0
301,822,46,0
301,31,47,0
301,36,48,0
301,41,49,0
301,53,50,0
301,960,51,0
301,890,52,0
301,85,53,1
400,796,1,0
400,6,2,0
400,16,3,0
400,810,4,0
400,27,5,0
400,815,6,0
400,216,7,0
400,56,8,0
400,63,9,0
400,81,10,0
400,93,11,0
400,105,12,0
400,115,13,0
400,119,14,0
400,135,15,0
400,150,16,0
400,168,17,0
400,159,18,0
400,152,19,0
400,178,20,0
400,189,21,0
400,202,22,0
400,212,23,0
400,201,24,0
400,193,25,0
400,196,26,0
400,215,27,0
400,224,28,0
400,246,29,0
400,262,30,0
400,293,31,0
400,811,32,0
400,327,33,0
400,344,34,0
400,339,35,0
400,329,36,0
400,812,37,0
400,385,38,0
400,421,39,0
400,403,40,0
400,476,41,0
400,500,42,0
400,514,43,0
400,526,44,0
400,906,45,0
400,896,46,0
400,466,47,0
400,431,48,0
400,396,49,0
400,362,50,0
400,376,51,0
400,395,52,0
400,435,53,0
400,453,54,0
400,474,55,0
400,507,56,0
400,535,57,1
401,535,1,0
401,505,2,0
401,451,3,0
401,438,4,0
401,392,5,0
401,378,6,0
401,357,7,0
401,340,8,0
401,836,9,0
401,338,10,0
401,350,11,0
401,328,12,0
401,314,13,0
401,283,14,0
401,270,15,0
401,243,16,0
401,807,17,0
401,214,18,0
401,198,19,0
401,190,20,0
401,203,21,0
401,209,22,0
401,805,23,0
401,194,24,0
401,180,25,0
401,151,26,0
401,164,27,0
401,174,28,0
401,160,29,0
401,148,30,0
401,137,31,0
401,117,32,0
401,112,33,0
401,92,34,0
401,79,35,0
401,66,36,0
401,59,37,0
401,40,38,0
401,45,39,0
401,38,40,0
401,32,41,0
401,25,42,0
401,15,43,0
401,5,44,0
401,796,45,1
500,747,1,0
500,764,2,0
500,781,3,0
500,778,4,0
500,771,5,0
500,758,6,0
500,750,7,0
500,743,8,0
500,736,9,0
500,731,10,0
500,730,11,0
500,742,12,0
500,755,13,0
500,835,14,0
500,772,15,0
500,783,16,0
500,796,17,0
500,797,18,0
500,843,19,0
500,9,20,0
500,821,21,0
500,822,22,0
500,31,23,0
500,36,24,0
500,41,25,0
500,53,26,0
500,960,27,0
500,890,28,0
500,85,29,1
501,85,1,0
501,961,2,0
501,953,3,0
501,990,4,0
501,44,5,0
501,37,6,0
501,30,7,0
501,823,8,0
501,17,9,0
501,989,10,0
501,4,11,0
501,798,12,0
501,795,13,0
501,776,14,0
501,762,15,0
501,751,16,0
501,746,17,0
501,740,18,0
501,737,19,0
501,732,20,0
501,734,21,0
501,735,22,0
501,741,23,0
501,752,24,0
501,757,25,0
501,818,26,0
501,773,27,0
501,768,28,0
501,761,29,0
501,747,30,1
600,85,1,0
600,121,2,0
600,138,3,0
600,145,4,0
600,153,5,0
600,186,6,0
600,207,7,0
600,223,8,0
600,237,9,0
600,274,10,0
600,307,11,0
600,345,12,0
600,372,13,0
600,394,14,0
600,359,15,0
600,375,16,0
600,407,17,0
600,456,18,0
600,472,19,0
600,440,20,0
600,389,21,0
600,973,22,0
600,425,23,0
600,441,24,0
600,461,25,0
600,479,26,0
600,866,27,0
600,537,28,0
600,560,29,0
600,578,30,0
600,592,31,0
600,602,32,0
600,609,33,0
600,981,34,0
600,997,35,0
600,874,36,0
600,887,37,0
600,888,38,0
600,889,39,0
600,615,40,1
601,615,1,0
601,604,2,0
601,594,3,0
601,589,4,0
601,573,5,0
601,817,6,0
601,541,7,0
601,508,8,0
601,481,9,0
601,464,10,0
601,442,11,0
601,426,12,0
601,416,13,0
601,380,14,0
601,434,15,0
601,471,16,0
601,468,17,0
601,412,18,0
601,382,19,0
601,356,20,0
601,374,21,0
601,383,22,0
601,363,23,0
601,310,24,0
601,278,25,0
601,242,26,0
601,230,27,0
601,204,28,0
601,157,29,0
601,146,30,0
601,802,31,0
601,85,32,1
1000,85,1,0
1000,961,2,0
1000,953,3,0
1000,954,4,0
1000,955,5,0
1000,956,6,0
1000,18,7,0
1000,7,8,0
1000,801,9,0
1000,787,10,0
1000,780,11,0
1000,779,12,0
1000,769,13,0
1000,760,14,0
1000,754,15,0
1000,748,16,0
1000,755,17,0
1000,835,18,0
1000,772,19,0
1000,783,20,0
1000,796,21,0
1000,6,22,0
1000,16,23,0
1000,810,24,0
1000,27,25,0
1000,39,26,0
1000,49,27,0
1000,55,28,0
1000,68,29,0
1000,90,30,0
1000,103,31,0
1000,118,32,0
1000,133,33,0
1000,144,34,0
1000,171,35,0
1000,185,36,0
1000,196,37,0
1000,225,38,0
1000,252,39,0
1000,273,40,0
1000,284,41,0
1000,317,42,0
1000,996,43,0
1000,376,44,0
1000,395,45,0
1000,435,46,0
1000,453,47,0
1000,474,48,0
1000,507,49,0
1000,535,50,1
1001,535,1,0
1001,505,2,0
1001,451,3,0
1001,438,4,0
1001,392,5,0
1001,360,6,0
1001,315,7,0
1001,282,8,0
1001,277,9,0
1001,259,10,0
1001,227,11,0
1001,198,12,0
1001,184,13,0
1001,172,14,0
1001,147,15,0
1001,136,16,0
1001,120,17,0
1001,104,18,0
1001,94,19,0
1001,88,20,0
1001,72,21,0
1001,57,22,0
1001,50,23,0
1001,38,24,0
1001,32,25,0
1001,25,26,0
1001,15,27,0
1001,5,28,0
1001,795,29,0
1001,776,30,0
1001,762,31,0
1001,751,32,0
1001,749,33,0
1001,753,34,0
1001,763,35,0
1001,770,36,0
1001,777,37,0
1001,782,38,0
1001,789,39,0
1001,1,40,0
1001,10,41,0
1001,957,42,0
1001,958,43,0
1001,959,44,0
1001,960,45,0
1001,890,46,0
1001,85,47,1
1100,535,1,0
1100,505,2,0
1100,473,3,0
1100,499,4,0
1100,517,5,0
1100,574,6,0
1100,588,7,0
1100,599,8,0
1100,618,9,0
1100,923,10,0
1100,947,11,0
1100,658,12,0
1100,662,13,0
1100,666,14,0
1100,671,15,0
1100,675,16,0
1100,676,17,0
1100,985,18,0
1100,986,19,0
1100,1063,20,0
1100,900,21,0
1100,949,22,0
1100,885,23,0
1100,884,24,0
1100,886,25,0
1100,873,26,0
1100,914,27,0
1100,980,28,0
1100,615,29,1
1101,615,1,0
1101,981,2,0
1101,997,3,0
1101,874,4,0
1101,879,5,0
1101,880,6,0
1101,881,7,0
1101,882,8,0
1101,883,9,0
1101,899,10,0
1101,1064,11,0
1101,872,12,0
1101,860,13,0
1101,988,14,0
1101,838,15,0
1101,672,16,0
1101,1037,17,0
1101,664,18,0
1101,651,19,0
1101,636,20,0
1101,893,21,0
1101,952,22,0
1101,616,23,0
1101,601,24,0
1101,951,25,0
1101,575,26,0
1101,510,27,0
1101,474,28,0
1101,507,29,0
1101,535,30,1
1200,85,1,0
1200,961,2,0
1200,953,3,0
1200,854,4,0
1200,847,5,0
1200,109,6,0
1200,116,7,0
1200,129,8,0
1200,142,9,0
1200,166,10,0
1200,183,11,0
1200,197,12,0
1200,211,13,0
1200,229,14,0
1200,251,15,0
1200,261,16,0
1200,298,17,0
1200,326,18,0
1200,337,19,0
1200,380,20,0
1200,434,21,0
1200,471,22,0
1200,492,23,0
1200,519,24,0
1200,841,25,0
1200,566,26,0
1200,591,27,0
1200,922,28,0
1200,628,29,0
1200,646,30,0
1200,648,31,0
1200,668,32,0
1200,670,33,0
1200,965,34,1
1201,965,1,0
1201,487,2,0
1201,673,3,0
1201,669,4,0
1201,647,5,0
1201,634,6,0
1201,607,7,0
1201,595,8,0
1201,570,9,0
1201,538,10,0
1201,515,11,0
1201,497,12,0
1201,477,13,0
1201,440,14,0
1201,389,15,0
1201,346,16,0
1201,1030,17,0
1201,306,18,0
1201,257,19,0
1201,231,20,0
1201,808,21,0
1201,210,22,0
1201,195,23,0
1201,169,24,0
1201,804,25,0
1201,127,26,0
1201,110,27,0
1201,102,28,0
1201,73,29,0
1201,960,30,0
1201,890,31,0
1201,85,32,1
1500,535,1,0
1500,505,2,0
1500,473,3,0
1500,499,4,0
1500,517,5,0
1500,574,6,0
1500,588,7,0
1500,599,8,0
1500,618,9,0
1500,923,10,0
1500,646,11,0
1500,648,12,0
1500,668,13,0
1500,670,14,0
1500,900,15,0
1500,949,16,0
1500,885,17,0
1500,884,18,0
1500,886,19,0
1500,873,20,0
1500,887,21,0
1500,888,22,0
1500,889,23,0
1500,622,24,0
1500,611,25,0
1500,587,26,0
1500,572,27,0
1500,558,28,0
1500,546,29,0
1500,534,30,0
1500,506,31,0
1500,491,32,0
1500,484,33,0
1500,450,34,0
1500,432,35,0
1500,414,36,0
1500,368,37,0
1500,313,38,0
1500,296,39,0
1500,267,40,0
1500,295,41,0
1500,319,42,0
1500,348,43,0
1500,381,44,0
1500,405,45,0
1500,437,46,0
1500,457,47,0
1500,474,48,0
1500,507,49,1
1501,473,1,0
1501,439,2,0
1501,417,3,0
1501,388,4,0
1501,351,5,0
1501,324,6,0
1501,312,7,0
1501,297,8,0
1501,266,9,0
1501,290,10,0
1501,305,11,0
1501,365,12,0
1501,411,13,0
1501,423,14,0
1501,449,15,0
1501,480,16,0
1501,493,17,0
1501,502,18,0
1501,521,19,0
1501,545,20,0
1501,555,21,0
1501,571,22,0
1501,584,23,0
1501,608,24,0
1501,619,25,0
1501,875,26,0
1501,876,27,0
1501,877,28,0
1501,879,29,0
1501,880,30,0
1501,881,31,0
1501,882,32,0
1501,883,33,0
1501,899,34,0
1501,673,35,0
1501,669,36,0
1501,647,37,0
1501,893,38,0
1501,952,39,0
1501,616,40,0
1501,601,41,0
1501,951,42,0
1501,575,43,0
1501,510,44,0
1501,474,45,1
2000,535,1,0
2000,505,2,0
2000,451,3,0
2000,438,4,0
2000,392,5,0
2000,360,6,0
2000,325,7,0
2000,1008,8,0
2000,898,9,0
2000,1006,10,0
2000,1005,11,0
2000,1004,12,0
2000,1003,13,0
2000,408,14,0
2000,433,15,0
2000,452,16,1
2001,452,1,0
2001,478,2,0
2001,816,3,0
2001,522,4,0
2001,550,5,0
2001,557,6,0
2001,543,7,0
2001,518,8,0
2001,501,9,0
2001,494,10,0
2001,466,11,0
2001,431,12,0
2001,396,13,0
2001,362,14,0
2001,376,15,0
2001,395,16,0
2001,435,17,0
2001,453,18,0
2001,474,19,0
2001,507,20,0
2001,535,21,1
2100,85,1,0
2100,961,2,0
2100,953,3,0
2100,54,4,0
2100,67,5,0
2100,1013,6,0
2100,89,7,0
2100,95,8,0
2100,106,9,0
2100,125,10,0
2100,130,11,0
2100,119,12,0
2100,135,13,0
2100,150,14,0
2100,168,15,0
2100,1014,16,0
2100,206,17,0
2100,222,18,0
2100,235,19,0
2100,256,20,0
2100,267,21,0
2100,295,22,0
2100,319,23,0
2100,348,24,0
2100,381,25,0
2100,405,26,0
2100,437,27,0
2100,457,28,0
2100,474,29,0
2100,507,30,0
2100,535,31,1
2101,535,1,0
2101,505,2,0
2101,473,3,0
2101,439,4,0
2101,417,5,0
2101,388,6,0
2101,351,7,0
2101,324,8,0
2101,312,9,0
2101,297,10,0
2101,266,11,0
2101,232,12,0
2101,205,13,0
2101,1011,14,0
2101,174,15,0
2101,160,16,0
2101,148,17,0
2101,137,18,0
2101,117,19,0
2101,128,20,0
2101,108,21,0
2101,100,22,0
2101,91,23,0
2101,1012,24,0
2101,64,25,0
2101,52,26,0
2101,53,27,0
2101,960,28,0
2101,890,29,0
2101,85,30,1
2500,85,1,0
2500,121,2,0
2500,138,3,0
2500,145,4,0
2500,153,5,0
2500,155,6,0
2500,130,7,0
2500,119,8,0
2500,135,9,0
2500,150,10,0
2500,168,11,0
2500,1014,12,0
2500,206,13,0
2500,222,14,0
2500,235,15,0
2500,290,16,0
2500,305,17,0
2500,411,18,0
2500,423,19,0
2500,449,20,0
2500,480,21,0
2500,493,22,0
2500,502,23,0
2500,521,24,0
2500,545,25,0
2500,555,26,0
2500,571,27,0
2500,584,28,0
2500,608,29,0
2500,619,30,0
2500,615,31,1
2501,615,1,0
2501,981,2,0
2501,622,3,0
2501,611,4,0
2501,587,5,0
2501,572,6,0
2501,558,7,0
2501,546,8,0
2501,534,9,0
2501,506,10,0
2501,491,11,0
2501,484,12,0
2501,450,13,0
2501,432,14,0
2501,414,15,0
2501,368,16,0
2501,313,17,0
2501,296,18,0
2501,232,19,0
2501,205,20,0
2501,1011,21,0
2501,174,22,0
2501,160,23,0
2501,148,24,0
2501,137,25,0
2501,117,26,0
2501,132,27,0
2501,157,28,0
2501,146,29,0
2501,802,30,0
2501,85,31,1
4000,535,1,0
4000,505,2,0
4000,451,3,0
4000,438,4,0
4000,421,5,0
4000,403,6,0
4000,476,7,0
4000,500,8,0
4000,514,9,0
4000,526,10,0
4000,906,11,0
4000,896,12,0
4000,495,13,0
4000,905,14,0
4000,458,15,0
4000,448,16,0
4000,409,17,0
4000,903,18,0
4000,999,19,0
4000,1000,20,0
4000,1001,21,0
4000,1002,22,0
4000,897,23,0
4000,998,24,0
4000,333,25,0
4000,355,26,0
4000,376,27,0
4000,395,28,0
4000,435,29,0
4000,453,30,0
4000,474,31,0
4000,507,32,1
4001,438,1,0
4001,392,2,0
4001,360,3,0
4001,325,4,0
4001,1008,5,0
4001,898,6,0
4001,1006,7,0
4001,1005,8,0
4001,1004,9,0
4001,1003,10,0
4001,1007,11,0
4001,904,12,0
4001,406,13,0
4001,445,14,0
4001,463,15,0
4001,901,16,0
4001,902,17,0
4001,494,18,0
4001,909,19,0
4001,907,20,0
4001,908,21,0
4001,509,22,0
4001,460,23,0
4001,428,24,0
4001,397,25,0
4001,395,26,0
4001,435,27,1
4800,651,1,0
4800,636,2,0
4800,607,3,0
4800,924,4,0
4800,925,5,0
4800,926,6,0
4800,927,7,0
4800,928,8,0
4800,929,9,0
4800,930,10,0
4800,931,11,0
4800,932,12,0
4800,619,13,0
4800,875,14,0
4800,876,15,0
4800,877,16,0
4800,914,17,1
4801,997,1,0
4801,887,2,0
4801,888,3,0
4801,889,4,0
4801,933,5,0
4801,1010,6,0
4801,934,7,0
4801,935,8,0
4801,936,9,0
4801,937,10,0
4801,938,11,0
4801,939,12,0
4801,940,13,0
4801,941,14,0
4801,628,15,0
4801,947,16,0
4801,658,17,1
5000,85,1,0
5000,961,2,0
5000,953,3,0
5000,954,4,0
5000,955,5,0
5000,956,6,0
5000,18,7,0
5000,7,8,0
5000,801,9,0
5000,787,10,0
5000,780,11,0
5000,779,12,0
5000,769,13,0
5000,760,14,0
5000,754,15,0
5000,748,16,0
5000,755,17,0
5000,835,18,0
5000,772,19,0
5000,783,20,0
5000,796,21,0
5000,6,22,0
5000,16,23,0
5000,810,24,0
5000,27,25,0
5000,39,26,0
5000,49,27,0
5000,55,28,0
5000,68,29,0
5000,90,30,0
5000,103,31,0
5000,118,32,0
5000,133,33,0
5000,144,34,0
5000,171,35,0
5000,185,36,0
5000,196,37,0
5000,225,38,0
5000,252,39,0
5000,273,40,0
5000,284,41,0
5000,996,42,0
5000,391,43,0
5000,424,44,0
5000,470,45,0
5000,488,46,0
5000,495,47,0
5000,516,48,0
5000,540,49,0
5000,553,50,0
5000,548,51,0
5000,525,52,0
5000,496,53,0
5000,482,54,0
5000,447,55,1
5001,447,1,0
5001,436,2,0
5001,413,3,0
5001,379,4,0
5001,999,5,0
5001,1000,6,0
5001,1001,7,0
5001,1002,8,0
5001,897,9,0
5001,998,10,0
5001,333,11,0
5001,355,12,0
5001,376,13,0
5001,395,14,0
5001,435,15,0
5001,453,16,0
5001,499,17,0
5001,498,18,0
5001,490,19,0
5001,459,20,0
5001,399,21,0
5001,354,22,0
5001,301,23,0
5001,281,24,0
5001,268,25,0
5001,254,26,0
5001,233,27,0
5001,226,28,0
5001,192,29,0
5001,182,30,0
5001,170,31,0
5001,157,32,0
5001,146,33,0
5001,802,34,0
5001,85,35,1
5100,85,1,0
5100,961,2,0
5100,953,3,0
5100,990,4,0
5100,54,5,0
5100,67,6,0
5100,1013,7,0
5100,89,8,0
5100,95,9,0
5100,106,10,0
5100,125,11,0
5100,130,12,0
5100,119,13,0
5100,135,14,0
5100,150,15,0
5100,168,16,0
5100,1014,17,0
5100,206,18,0
5100,222,19,0
5100,235,20,0
5100,290,21,0
5100,305,22,0
5100,411,23,0
5100,423,24,0
5100,449,25,0
5100,480,26,0
5100,493,27,0
5100,502,28,0
5100,521,29,0
5100,545,30,0
5100,555,31,0
5100,571,32,0
5100,584,33,0
5100,608,34,0
5100,619,35,0
5100,997,36,0
5100,874,37,0
5100,879,38,0
5100,880,39,0
5100,881,40,0
5100,882,41,0
5100,883,42,0
5100,899,43,0
5100,1064,44,0
5100,872,45,1
5101,872,1,0
5101,860,2,0
5101,988,3,0
5101,838,4,0
5101,672,5,0
5101,1037,6,0
5101,664,7,0
5101,651,8,0
5101,636,9,0
5101,607,10,0
5101,595,11,0
5101,570,12,0
5101,538,13,0
5101,506,14,0
5101,491,15,0
5101,484,16,0
5101,450,17,0
5101,432,18,0
5101,414,19,0
5101,368,20,0
5101,313,21,0
5101,296,22,0
5101,232,23,0
5101,205,24,0
5101,1011,25,0
5101,174,26,0
5101,160,27,0
5101,148,28,0
5101,137,29,0
5101,117,30,0
5101,128,31,0
5101,108,32,0
5101,100,33,0
5101,91,34,0
5101,1012,35,0
5101,64,36,0
5101,52,37,0
5101,53,38,0
5101,960,39,0
5101,890,40,0
5101,85,41,1
5200,85,1,0
5200,961,2,0
5200,953,3,0
5200,854,4,0
5200,847,5,0
5200,109,6,0
5200,116,7,0
5200,124,8,0
5200,154,9,0
5200,165,10,0
5200,824,11,0
5200,199,12,0
5200,208,13,0
5200,221,14,0
5200,241,15,0
5200,265,16,0
5200,292,17,0
5200,825,18,0
5200,343,19,0
5200,387,20,0
5200,398,21,0
5200,422,22,0
5200,446,23,0
5200,467,24,0
5200,1059,25,0
5200,981,26,0
5200,622,27,0
5200,611,28,0
5200,600,29,0
5200,613,30,0
5200,594,31,0
5200,589,32,0
5200,573,33,0
5200,817,34,0
5200,541,35,0
5200,508,36,0
5200,481,37,0
5200,464,38,0
5200,442,39,0
5200,426,40,0
5200,416,41,0
5200,346,42,0
5200,1030,43,0
5200,299,44,1
5201,299,1,0
5201,287,2,0
5201,272,3,0
5201,245,4,0
5201,220,5,0
5201,204,6,0
5201,155,7,0
5201,130,8,0
5201,113,9,0
5201,98,10,0
5201,83,11,0
5201,71,12,0
5201,57,13,0
5201,50,14,0
5201,38,15,0
5201,32,16,0
5201,25,17,0
5201,15,18,0
5201,5,19,0
5201,796,20,0
5201,797,21,0
5201,843,22,0
5201,9,23,0
5201,821,24,0
5201,822,25,0
5201,31,26,0
5201,36,27,0
5201,41,28,0
5201,53,29,0
5201,960,30,0
5201,890,31,0
5201,85,32,1
8000,85,1,0
8000,121,2,0
8000,138,3,0
8000,145,4,0
8000,153,5,0
8000,162,6,0
8000,177,7,0
8000,191,8,0
8000,217,9,0
8000,234,10,0
8000,253,11,0
8000,264,12,0
8000,279,13,0
8000,289,14,0
8000,321,15,0
8000,347,16,0
8000,401,17,0
8000,454,18,0
8000,486,19,0
8000,503,20,0
8000,474,21,0
8000,507,22,0
8000,535,23,1
8001,535,1,0
8001,505,2,0
8001,473,3,0
8001,499,4,0
8001,498,5,0
8001,490,6,0
8001,459,7,0
8001,399,8,0
8001,354,9,0
8001,323,10,0
8001,301,11,0
8001,281,12,0
8001,268,13,0
8001,254,14,0
8001,233,15,0
8001,226,16,0
8001,192,17,0
8001,182,18,0
8001,170,19,0
8001,157,20,0
8001,146,21,0
8001,802,22,0
8001,85,23,1
8100,85,1,0
8100,121,2,0
8100,138,3,0
8100,145,4,0
8100,153,5,0
8100,186,6,0
8100,219,7,0
8100,249,8,0
8100,288,9,0
8100,361,10,0
8100,402,11,0
8100,475,12,0
8100,485,13,0
8100,520,14,0
8100,539,15,0
8100,1015,16,0
8100,562,17,0
8100,583,18,0
8100,597,19,0
8100,916,20,0
8100,1018,21,0
8100,964,22,0
8100,1016,23,0
8100,1017,24,0
8100,606,25,0
8100,627,26,0
8100,644,27,0
8100,1019,28,0
8100,649,29,0
8100,657,30,0
8100,656,31,0
8100,846,32,0
8100,623,33,0
8100,610,34,0
8100,596,35,0
8100,581,36,0
8100,829,37,0
8100,536,38,0
8100,474,39,0
8100,507,40,0
8100,535,41,1
8101,535,1,0
8101,505,2,0
8101,473,3,0
8101,499,4,0
8101,512,5,0
8101,528,6,0
8101,455,7,0
8101,576,8,0
8101,593,9,0
8101,605,10,0
8101,621,11,0
8101,979,12,0
8101,978,13,0
8101,659,14,0
8101,650,15,0
8101,1020,16,0
8101,642,17,0
8101,625,18,0
8101,856,19,0
8101,983,20,0
8101,984,21,0
8101,963,22,0
8101,1021,23,0
8101,915,24,0
8101,857,25,0
8101,586,26,0
8101,565,27,0
8101,556,28,0
8101,544,29,0
8101,531,30,0
8101,524,31,0
8101,469,32,0
8101,404,33,0
8101,373,34,0
8101,291,35,0
8101,809,36,0
8101,806,37,0
8101,181,38,0
8101,157,39,0
8101,146,40,0
8101,802,41,0
8101,85,42,1
8300,535,1,0
8300,505,2,0
8300,473,3,0
8300,499,4,0
8300,512,5,0
8300,528,6,0
8300,455,7,0
8300,576,8,0
8300,593,9,0
8300,605,10,0
8300,621,11,0
8300,979,12,0
8300,978,13,0
8300,659,14,0
8300,650,15,0
8300,1020,16,0
8300,642,17,0
8300,625,18,0
8300,856,19,0
8300,983,20,0
8300,984,21,0
8300,963,22,0
8300,1021,23,0
8300,915,24,0
8300,857,25,0
8300,586,26,0
8300,565,27,0
8300,975,28,0
8300,976,29,0
8300,977,30,0
8300,616,31,1
8301,616,1,0
8301,597,2,0
8301,916,3,0
8301,1018,4,0
8301,964,5,0
8301,1016,6,0
8301,1017,7,0
8301,606,8,0
8301,627,9,0
8301,644,10,0
8301,1019,11,0
8301,649,12,0
8301,657,13,0
8301,656,14,0
8301,846,15,0
8301,623,16,0
8301,610,17,0
8301,596,18,0
8301,581,19,0
8301,829,20,0
8301,536,21,0
8301,474,22,0
8301,507,23,0
8301,535,24,1
8700,85,1,0
8700,961,2,0
8700,953,3,0
8700,854,4,0
8700,1061,5,0
8700,1045,6,0
8700,1046,7,0
8700,967,8,0
8700,1041,9,0
8700,1043,10,0
8700,1044,11,0
8700,729,12,1
8701,729,1,0
8701,1047,2,0
8701,1048,3,0
8701,1042,4,0
8701,1049,5,0
8701,1050,6,0
8701,1022,7,0
8701,1023,8,0
8701,971,9,0
8701,1024,10,0
8701,943,11,0
8701,149,12,0
8701,123,13,0
8701,110,14,0
8701,102,15,0
8701,73,16,0
8701,960,17,0
8701,890,18,0
8701,85,19,1
10100,679,1,0
10100,913,2,0
10100,722,3,0
10100,733,4,0
10100,759,5,0
10100,781,6,0
10100,991,7,0
10100,53,8,0
10100,960,9,0
10100,85,10,1
10101,85,1,0
10101,953,2,0
10101,18,3,0
10101,785,4,0
10101,767,5,0
10101,832,6,0
10101,721,7,0
10101,684,8,0
10101,911,9,0
10101,1069,10,0
10101,679,11,1
30001,1052,1,0
30001,733,2,0
30001,738,3,0
30001,744,4,0
30001,891,5,0
30001,759,6,0
30001,781,7,0
30001,991,8,0
30001,7,9,0
30001,1054,10,0
30001,787,11,0
30001,780,12,0
30001,779,13,0
30001,769,14,0
30001,760,15,0
30001,754,16,0
30001,748,17,0
30001,1053,18,0
30001,749,19,0
30001,753,20,0
30001,766,21,0
30001,775,22,0
30001,784,23,0
30001,791,24,0
30001,799,25,0
30001,798,26,0
30001,795,27,0
30001,6,28,0
30001,16,29,0
30001,810,30,0
30001,27,31,0
30001,815,32,0
30001,1051,33,1
30002,1051,1,0
30002,1053,2,0
30002,38,3,0
30002,32,4,0
30002,25,5,0
30002,15,6,0
30002,5,7,0
30002,796,8,0
30002,797,9,0
30002,793,10,0
30002,786,11,0
30002,765,12,0
30002,754,13,0
30002,748,14,0
30002,749,15,0
30002,753,16,0
30002,763,17,0
30002,770,18,0
30002,777,19,0
30002,782,20,0
30002,789,21,0
30002,1054,22,0
30002,1,23,0
30002,785,24,0
30002,767,25,0
30002,756,26,0
30002,745,27,0
30002,739,28,0
30002,832,29,0
30002,1052,30,1
30101,1051,1,0
30101,49,2,0
30101,55,3,0
30101,68,4,0
30101,90,5,0
30101,103,6,0
30101,118,7,0
30101,133,8,0
30101,144,9,0
30101,171,10,0
30101,185,11,0
30101,196,12,0
30101,215,13,0
30101,224,14,0
30101,246,15,0
30101,262,16,0
30101,293,17,0
30101,811,18,0
30101,327,19,0
30101,344,20,0
30101,339,21,0
30101,329,22,0
30101,336,23,0
30101,812,24,0
30101,385,25,0
30101,421,26,0
30101,403,27,0
30101,1058,28,0
30101,476,29,0
30101,500,30,0
30101,514,31,0
30101,526,32,0
30101,906,33,0
30101,896,34,0
30101,495,35,0
30101,905,36,0
30101,458,37,0
30101,448,38,0
30101,409,39,0
30101,903,40,0
30101,999,41,0
30101,1057,42,1
30102,1057,1,0
30102,1003,2,0
30102,1007,3,0
30102,904,4,0
30102,406,5,0
30102,445,6,0
30102,463,7,0
30102,901,8,0
30102,902,9,0
30102,494,10,0
30102,909,11,0
30102,907,12,0
30102,908,13,0
30102,509,14,0
30102,460,15,0
30102,428,16,0
30102,1058,17,0
30102,397,18,0
30102,378,19,0
30102,357,20,0
30102,340,21,0
30102,836,22,0
30102,338,23,0
30102,350,24,0
30102,328,25,0
30102,314,26,0
30102,283,27,0
30102,270,28,0
30102,243,29,0
30102,807,30,0
30102,214,31,0
30102,198,32,0
30102,184,33,0
30102,172,34,0
30102,147,35,0
30102,136,36,0
30102,120,37,0
30102,104,38,0
30102,94,39,0
30102,88,40,0
30102,72,41,0
30102,57,42,0
30102,50,43,0
30102,815,44,0
30102,1051,45,1
30203,1051,1,0
30203,49,2,0
30203,55,3,0
30203,77,4,0
30203,82,5,0
30203,96,6,0
30203,114,7,0
30203,119,8,0
30203,135,9,0
30203,1056,10,0
30203,132,11,0
30203,156,12,0
30203,186,13,0
30203,207,14,0
30203,228,15,0
30203,244,16,0
30203,255,17,0
30203,276,18,0
30203,285,19,0
30203,302,20,0
30203,326,21,0
30203,337,22,0
30203,380,23,0
30203,434,24,0
30203,471,25,0
30203,492,26,0
30203,519,27,0
30203,841,28,0
30203,566,29,0
30203,1055,30,1
30204,1055,1,0
30204,1031,2,0
30204,1032,3,0
30204,1033,4,0
30204,595,5,0
30204,570,6,0
30204,538,7,0
30204,515,8,0
30204,497,9,0
30204,477,10,0
30204,440,11,0
30204,389,12,0
30204,346,13,0
30204,1030,14,0
30204,299,15,0
30204,287,16,0
30204,272,17,0
30204,245,18,0
30204,220,19,0
30204,204,20,0
30204,155,21,0
30204,130,22,0
30204,119,23,0
30204,135,24,0
30204,1056,25,0
30204,117,26,0
30204,113,27,0
30204,98,28,0
30204,83,29,0
30204,71,30,0
30204,57,31,0
30204,50,32,0
30204,815,33,0
30204,1051,34,1
