200,'Holiday21111111',800,,6300,16,,,0,100,,6301,16,,,0,31,,6324,16,,,0,70,,6302,16,,,0,30,,6313,16,,,0,70,,6303,16,,,0,30,,6314,16,,,0,70,,6304,16,,,0,30,,6315,16,,,0,70,,6305,16,,,0,30,,6316,16,,,0,70,,6306,16,,,0,30,,6317,16,,,0,70,,6307,16,,,0,30,,6318,16,,,0,70,,6308,16,,,0,30,,6319,16,,,0,70,,6309,16,,,0,30,,6320,16,,,0,70,,6310,16,,,0,29,,6321,16,,,0,70,,6311,16,,,0,33,,6322,16,,,0,70,,6312,16,,,0,30,,6323,16,,,0,70,,6325,16,,,0,30,,6326,16,,,0
200,'Holiday3-505-1111111',630,,6327,16,,,0,100,,6328,16,,,0,100,,6329,16,,,0,100,,6330,16,,,0,70,,6343,16,,,0,20,,6331,16,,,0,20,,6357,16,,,0,60,,6344,16,,,0,20,,6332,16,,,0,20,,6358,16,,,0,60,,6345,16,,,0,20,,6333,16,,,0,20,,6359,16,,,0,65,,6346,16,,,0,20,,6334,16,,,0,20,,6360,16,,,0,60,,6347,16,,,0,20,,6335,16,,,0,20,,6361,16,,,0,60,,6348,16,,,0,25,,6336,16,,,0,20,,6362,16,,,0,60,,6349,16,,,0,20,,6337,16,,,0,20,,6363,16,,,0,60,,6350,16,,,0,20,,6338,16,,,0,70,,6351,16,,,0,30,,6339,16,,,0,70,,6352,16,,,0,30,,6340,16,,,0,70,,6353,16,,,0,30,,6341,16,,,0,70,,6354,16,,,0,30,,6342,16,,,0,70,,6355,16,,,0
200,'Saturday',630,,6364,16,,,0,100,,6365,16,,,0,100,,6366,16,,,0,100,,6367,16,,,0,70,,6380,16,,,0,20,,6368,16,,,0,20,,6394,16,,,0,60,,6381,16,,,0,20,,6369,16,,,0,20,,6395,16,,,0,60,,6382,16,,,0,20,,6370,16,,,0,20,,6396,16,,,0,65,,6383,16,,,0,20,,6371,16,,,0,20,,6397,16,,,0,60,,6384,16,,,0,20,,6372,16,,,0,20,,6398,16,,,0,60,,6385,16,,,0,25,,6373,16,,,0,20,,6399,16,,,0,60,,6386,16,,,0,20,,6374,16,,,0,20,,6400,16,,,0,60,,6387,16,,,0,20,,6375,16,,,0,70,,6388,16,,,0,30,,6376,16,,,0,70,,6389,16,,,0,30,,6377,16,,,0,70,,6390,16,,,0,30,,6378,16,,,0,70,,6391,16,,,0,30,,6379,16,,,0,70,,6392,16,,,0
200,'Sunday',800,,6401,16,,,0,100,,6402,16,,,0,100,,6403,16,,,0,20,,6414,16,,,0,20,,6427,16,,,0,60,,6404,16,,,0,20,,6415,16,,,0,20,,6428,16,,,0,60,,6405,16,,,0,20,,6416,16,,,0,20,,6429,16,,,0,65,,6406,16,,,0,20,,6417,16,,,0,20,,6430,16,,,0,60,,6407,16,,,0,20,,6418,16,,,0,20,,6431,16,,,0,60,,6408,16,,,0,25,,6419,16,,,0,20,,6432,16,,,0,60,,6409,16,,,0,20,,6420,16,,,0,20,,6433,16,,,0,60,,6410,16,,,0,20,,6421,16,,,0,70,,6411,16,,,0,30,,6422,16,,,0,70,,6412,16,,,0,30,,6423,16,,,0,70,,6413,16,,,0,30,,6424,16,,,0,70,,6425,16,,,0,30,,6426,16,,,0
200,'Weekday',455,,6434,16,,,0,66,,6436,16,,,0,30,,6438,16,,,0,71,,6467,16,,,0,15,,6440,16,,,0,15,,6441,16,,,0,55,,6468,16,,,0,15,,6442,16,,,0,15,,6443,16,,,0,15,,6444,16,,,0,55,,6445,16,,,0,15,,6446,16,,,0,15,,6469,16,,,0,15,,6447,16,,,0,57,,6470,16,,,0,15,,6448,16,,,0,15,,6449,16,,,0,15,,6471,16,,,0,57,,6472,16,,,0,15,,6473,16,,,0,15,,6450,16,,,0,15,,6474,16,,,0,55,,6475,16,,,0,17,,6451,16,,,0,15,,6476,16,,,0,15,,6452,16,,,0,55,,6453,16,,,0,15,,6477,16,,,0,15,,6478,16,,,0,15,,6454,16,,,0,55,,6455,16,,,0,15,,6479,16,,,0,15,,6480,16,,,0,15,,6456,16,,,0,55,,6481,16,,,0,15,,6482,16,,,0,15,,6457,16,,,0,15,,6483,16,,,0,55,,6484,16,,,0,15,,6485,16,,,0,15,,6458,16,,,0,15,,6459,16,,,0,55,,6460,16,,,0,15,,6486,16,,,0,15,,6487,16,,,0,15,,6488,16,,,0,56,,6489,16,,,0,15,,6461,16,,,0,15,,6490,16,,,0,13,,6462,16,,,0,55,,6491,16,,,0,13,,6463,16,,,0,15,,6492,16,,,0,19,,6493,16,,,0,70,,6494,16,,,0,30,,6466,16,,,0,70,,6464,16,,,0,30,,6435,16,,,0,70,,6465,16,,,0,71,,6437,16,,,0,30,,6439,16,,,0
1200,'Holiday21111111',829,,8232,5,,,0,30,,8231,5,,,0,70,,8233,5,,,0,73,,8230,5,,,0,27,,8234,5,,,0,30,,8229,5,,,0,70,,8235,5,,,0,30,,8228,5,,,0,70,,8236,5,,,0,30,,8227,5,,,0,70,,8237,5,,,0,73,,8226,5,,,0,27,,8238,5,,,0,30,,8225,5,,,0,70,,8239,5,,,0,30,,8224,5,,,0,70,,8240,5,,,0,30,,8223,5,,,0,70,,8241,5,,,0,73,,8222,5,,,0,30,,8242,5,,,0,70,,8243,5,,,0,30,,8244,5,,,0,70,,8245,5,,,0,30,,8246,5,,,0,70,,8247,5,,,0,30,,8248,5,,,0
1200,'Holiday3-505-1111111',757,,8263,5,,,0,70,,8264,5,,,0,30,,8262,5,,,0,70,,8265,5,,,0,75,,8261,5,,,0,25,,8266,5,,,0,30,,8260,5,,,0,70,,8267,5,,,0,30,,8259,5,,,0,70,,8268,5,,,0,30,,8258,5,,,0,70,,8269,5,,,0,75,,8257,5,,,0,25,,8270,5,,,0,30,,8256,5,,,0,70,,8271,5,,,0,30,,8255,5,,,0,70,,8272,5,,,0,30,,8254,5,,,0,70,,8273,5,,,0,30,,8253,5,,,0,70,,8274,5,,,0,30,,8252,5,,,0,70,,8275,5,,,0,30,,8251,5,,,0,70,,8276,5,,,0,30,,8250,5,,,0,70,,8277,5,,,0,30,,8249,5,,,0
1200,'Saturday',757,,8292,5,,,0,70,,8293,5,,,0,30,,8291,5,,,0,70,,8294,5,,,0,75,,8290,5,,,0,25,,8295,5,,,0,30,,8289,5,,,0,70,,8296,5,,,0,30,,8288,5,,,0,70,,8297,5,,,0,30,,8287,5,,,0,70,,8298,5,,,0,75,,8286,5,,,0,25,,8299,5,,,0,30,,8285,5,,,0,70,,8300,5,,,0,30,,8284,5,,,0,70,,8301,5,,,0,30,,8283,5,,,0,70,,8302,5,,,0,30,,8282,5,,,0,70,,8303,5,,,0,30,,8281,5,,,0,70,,8304,5,,,0,30,,8280,5,,,0,70,,8305,5,,,0,30,,8279,5,,,0,70,,8306,5,,,0,30,,8278,5,,,0
1200,'Sunday',827,,8317,5,,,0,30,,8316,5,,,0,70,,8318,5,,,0,75,,8315,5,,,0,25,,8319,5,,,0,30,,8314,5,,,0,70,,8320,5,,,0,30,,8313,5,,,0,70,,8321,5,,,0,30,,8312,5,,,0,70,,8322,5,,,0,75,,8311,5,,,0,25,,8323,5,,,0,30,,8310,5,,,0,70,,8324,5,,,0,30,,8309,5,,,0,70,,8325,5,,,0,30,,8308,5,,,0,70,,8326,5,,,0,75,,8307,5,,,0,30,,8327,5,,,0,70,,8328,5,,,0,30,,8329,5,,,0,70,,8330,5,,,0,30,,8331,5,,,0,70,,8332,5,,,0,30,,8333,5,,,0
1200,'Weekday',532,,8354,5,,,0,70,,8341,5,,,0,30,,8355,5,,,0,70,,8346,5,,,0,30,,8356,5,,,0,71,,8353,5,,,0,30,,8357,5,,,0,70,,8347,5,,,0,30,,8358,5,,,0,70,,8342,5,,,0,30,,8359,5,,,0,70,,8348,5,,,0,30,,8360,5,,,0,70,,8345,5,,,0,30,,8361,5,,,0,70,,8349,5,,,0,30,,8340,5,,,0,70,,8362,5,,,0,20,,8343,5,,,0,20,,8334,5,,,0,65,,8363,5,,,0,25,,8350,5,,,0,20,,8351,5,,,0,65,,8352,5,,,0,25,,8369,5,,,0,60,,8370,5,,,0,25,,8335,5,,,0,25,,8371,5,,,0,60,,8337,5,,,0,20,,8344,5,,,0,70,,8364,5,,,0,29,,8338,5,,,0,70,,8365,5,,,0,30,,8336,5,,,0,70,,8366,5,,,0,30,,8339,5,,,0,70,,8367,5,,,0,30,,8368,5,,,0
8701,'Weekday',532,,9021,5,,,0,85,,9022,5,,,0,85,,9023,5,,,0,45,,9024,5,,,0,86,,9025,5,,,0,600,,9026,5,,,0,85,,9027,5,,,0,85,,9028,5,,,0,45,,9029,5,,,0,85,,9030,5,,,0,84,,9031,5,,,0
