401,'Holiday21111111',1058,,7158,39,,,0,100,,7154,39,,,0,100,,7151,39,,,0,100,,7155,39,,,0,100,,7152,39,,,0,100,,7156,39,,,0,100,,7153,39,,,0,98,,7157,39,,,0
401,'Holiday3-505-1111111',958,,7159,39,,,0,100,,7164,39,,,0,100,,7160,39,,,0,100,,7165,39,,,0,100,,7161,39,,,0,100,,7166,39,,,0,100,,7162,39,,,0,100,,7167,39,,,0,98,,7163,39,,,0,100,,7168,39,,,0,100,,7169,39,,,0
401,'Saturday',958,,7170,39,,,0,100,,7175,39,,,0,100,,7171,39,,,0,100,,7176,39,,,0,100,,7172,39,,,0,100,,7177,39,,,0,100,,7173,39,,,0,100,,7178,39,,,0,98,,7174,39,,,0,100,,7179,39,,,0,100,,7180,39,,,0
401,'Sunday',1058,,7188,39,,,0,100,,7184,39,,,0,100,,7181,39,,,0,100,,7185,39,,,0,100,,7182,39,,,0,100,,7186,39,,,0,100,,7183,39,,,0,98,,7187,39,,,0
401,'Weekday',556,,7189,39,,,0,100,,7190,39,,,0,72,,7191,39,,,0,29,,7192,39,,,0,71,,7193,39,,,0,30,,7194,39,,,0,69,,7195,39,,,0,30,,7196,39,,,0,70,,7197,39,,,0,30,,7198,39,,,0,70,,7199,39,,,0,31,,7200,39,,,0,70,,7201,39,,,0,30,,7202,39,,,0,70,,7203,39,,,0,30,,7204,39,,,0,70,,7205,39,,,0,30,,7206,39,,,0,70,,7207,39,,,0,74,,7208,39,,,0,30,,7209,39,,,0,26,,7210,39,,,0,69,,7211,39,,,0,30,,7212,39,,,0,102,,7213,39,,,0,99,,7214,39,,,0
1001,'Holiday21111111',809,,7659,43,,,0,30,,7676,43,,,0,70,,7677,43,,,0,31,,7675,43,,,0,71,,7657,43,,,0,30,,7662,43,,,0,15,,7661,43,,,0,55,,7663,43,,,0,15,,7664,43,,,0,15,,7665,43,,,0,15,,7666,43,,,0,55,,7667,43,,,0,15,,7668,43,,,0,15,,7669,43,,,0,15,,7670,43,,,0,55,,7671,43,,,0,15,,7672,43,,,0,15,,7673,43,,,0,15,,7674,43,,,0,55,,7660,43,,,0,15,,7658,43,,,0,15,,7652,43,,,0,15,,7635,43,,,0,55,,7645,43,,,0,15,,7647,43,,,0,15,,7650,43,,,0,15,,7640,43,,,0,55,,7654,43,,,0,15,,7644,43,,,0,15,,7648,43,,,0,15,,7636,43,,,0,55,,7641,43,,,0,15,,7655,43,,,0,15,,7643,43,,,0,10,,7649,43,,,0,59,,7642,43,,,0,30,,7638,43,,,0,70,,7653,43,,,0,29,,7637,43,,,0,69,,7646,43,,,0,30,,7656,43,,,0,70,,7639,43,,,0,30,,7651,43,,,0
1001,'Holiday3-505-1111111',739,,7720,43,,,0,70,,7721,43,,,0,30,,7722,43,,,0,70,,7723,43,,,0,31,,7724,43,,,0,16,,7726,43,,,0,55,,7725,43,,,0,15,,7727,43,,,0,15,,7711,43,,,0,15,,7719,43,,,0,55,,7696,43,,,0,15,,7703,43,,,0,15,,7684,43,,,0,15,,7712,43,,,0,55,,7693,43,,,0,15,,7697,43,,,0,15,,7704,43,,,0,15,,7685,43,,,0,55,,7713,43,,,0,15,,7708,43,,,0,15,,7698,43,,,0,15,,7705,43,,,0,55,,7686,43,,,0,15,,7714,43,,,0,15,,7707,43,,,0,15,,7699,43,,,0,55,,7692,43,,,0,15,,7687,43,,,0,15,,7715,43,,,0,15,,7694,43,,,0,55,,7700,43,,,0,15,,7691,43,,,0,15,,7688,43,,,0,15,,7716,43,,,0,55,,7709,43,,,0,15,,7701,43,,,0,15,,7706,43,,,0,15,,7689,43,,,0,55,,7717,43,,,0,14,,7710,43,,,0,15,,7702,43,,,0,15,,7695,43,,,0,55,,7690,43,,,0,29,,7718,43,,,0,69,,7678,43,,,0,30,,7682,43,,,0,70,,7680,43,,,0,30,,7679,43,,,0,70,,7683,43,,,0,30,,7681,43,,,0
1001,'Saturday',739,,7770,43,,,0,70,,7771,43,,,0,30,,7772,43,,,0,70,,7773,43,,,0,31,,7774,43,,,0,16,,7776,43,,,0,55,,7775,43,,,0,15,,7777,43,,,0,15,,7761,43,,,0,15,,7769,43,,,0,55,,7746,43,,,0,15,,7753,43,,,0,15,,7734,43,,,0,15,,7762,43,,,0,55,,7743,43,,,0,15,,7747,43,,,0,15,,7754,43,,,0,15,,7735,43,,,0,55,,7763,43,,,0,15,,7758,43,,,0,15,,7748,43,,,0,15,,7755,43,,,0,55,,7736,43,,,0,15,,7764,43,,,0,15,,7757,43,,,0,15,,7749,43,,,0,55,,7742,43,,,0,15,,7737,43,,,0,15,,7765,43,,,0,15,,7744,43,,,0,55,,7750,43,,,0,15,,7741,43,,,0,15,,7738,43,,,0,15,,7766,43,,,0,55,,7759,43,,,0,15,,7751,43,,,0,15,,7756,43,,,0,15,,7739,43,,,0,55,,7767,43,,,0,14,,7760,43,,,0,15,,7752,43,,,0,15,,7745,43,,,0,55,,7740,43,,,0,29,,7768,43,,,0,69,,7728,43,,,0,30,,7732,43,,,0,70,,7730,43,,,0,30,,7729,43,,,0,70,,7733,43,,,0,30,,7731,43,,,0
1001,'Sunday',809,,7802,43,,,0,30,,7819,43,,,0,70,,7820,43,,,0,31,,7818,43,,,0,71,,7800,43,,,0,30,,7805,43,,,0,15,,7804,43,,,0,55,,7806,43,,,0,15,,7807,43,,,0,15,,7808,43,,,0,15,,7809,43,,,0,55,,7810,43,,,0,15,,7811,43,,,0,15,,7812,43,,,0,15,,7813,43,,,0,55,,7814,43,,,0,15,,7815,43,,,0,15,,7816,43,,,0,15,,7817,43,,,0,55,,7803,43,,,0,15,,7801,43,,,0,15,,7795,43,,,0,15,,7778,43,,,0,55,,7788,43,,,0,15,,7790,43,,,0,15,,7793,43,,,0,15,,7783,43,,,0,55,,7797,43,,,0,15,,7787,43,,,0,15,,7791,43,,,0,15,,7779,43,,,0,55,,7784,43,,,0,15,,7798,43,,,0,15,,7786,43,,,0,10,,7792,43,,,0,59,,7785,43,,,0,30,,7781,43,,,0,70,,7796,43,,,0,29,,7780,43,,,0,69,,7789,43,,,0,30,,7799,43,,,0,70,,7782,43,,,0,30,,7794,43,,,0
1001,'Weekday',537,,7821,43,,,0,68,,7822,43,,,0,30,,7823,43,,,0,15,,7856,43,,,0,55,,7824,43,,,0,15,,7857,43,,,0,17,,7825,43,,,0,15,,7858,43,,,0,55,,7826,43,,,0,20,,7859,43,,,0,15,,7827,43,,,0,15,,7860,43,,,0,55,,7828,43,,,0,15,,7861,43,,,0,15,,7829,43,,,0,15,,7862,43,,,0,55,,7830,43,,,0,15,,7863,43,,,0,15,,7831,43,,,0,15,,7864,43,,,0,55,,7832,43,,,0,15,,7865,43,,,0,15,,7833,43,,,0,15,,7866,43,,,0,55,,7834,43,,,0,15,,7867,43,,,0,15,,7835,43,,,0,15,,7868,43,,,0,55,,7836,43,,,0,15,,7869,43,,,0,15,,7837,43,,,0,15,,7870,43,,,0,55,,7838,43,,,0,17,,7871,43,,,0,15,,7839,43,,,0,15,,7872,43,,,0,55,,7840,43,,,0,15,,7873,43,,,0,12,,7841,43,,,0,15,,7874,43,,,0,55,,7842,43,,,0,15,,7875,43,,,0,15,,7843,43,,,0,15,,7876,43,,,0,52,,7844,43,,,0,15,,7877,43,,,0,15,,7845,43,,,0,18,,7878,43,,,0,55,,7846,43,,,0,12,,7879,43,,,0,18,,7847,43,,,0,15,,7880,43,,,0,55,,7848,43,,,0,30,,7849,43,,,0,70,,7850,43,,,0,30,,7851,43,,,0,70,,7852,43,,,0,29,,7853,43,,,0,70,,7854,43,,,0,30,,7855,43,,,0
5201,'Holiday3-505-1111111',2338,,8893,15,,,0,98,,8892,15,,,0
5201,'Saturday',2338,,8895,15,,,0,98,,8894,15,,,0
5201,'Weekday',2348,,8897,15,,,0,88,,8896,15,,,0
