600,'Holiday21111111',909,,4111,36,,,0,106,,4112,36,,,0,100,,4113,36,,,0,100,,4114,36,,,0,100,,4115,36,,,0,100,,4116,36,,,0,102,,4117,36,,,0,100,,4118,36,,,0,100,,4119,36,,,0,100,,4120,36,,,0,101,,4121,36,,,0,103,,4122,36,,,0
600,'Saturday',809,,4137,36,,,0,100,,4136,36,,,0,106,,4135,36,,,0,100,,4134,36,,,0,100,,4133,36,,,0,100,,4132,36,,,0,100,,4131,36,,,0,100,,4130,36,,,0,100,,4129,36,,,0,100,,4128,36,,,0,100,,4127,36,,,0,100,,4126,36,,,0,100,,4125,36,,,0,100,,4124,36,,,0,100,,4123,36,,,0
600,'Sunday',909,,4138,36,,,0,106,,4139,36,,,0,100,,4140,36,,,0,100,,4141,36,,,0,100,,4142,36,,,0,100,,4143,36,,,0,102,,4144,36,,,0,100,,4145,36,,,0,100,,4146,36,,,0,100,,4147,36,,,0,100,,4148,36,,,0,100,,4149,36,,,0
600,'Weekday',618,,4150,36,,,0,30,,4151,36,,,0,70,,4152,36,,,0,33,,4153,36,,,0,65,,4154,36,,,0,35,,4155,36,,,0,70,,4156,36,,,0,28,,4157,36,,,0,70,,4158,36,,,0,30,,4159,36,,,0,70,,4160,36,,,0,30,,4161,36,,,0,70,,4162,36,,,0,30,,4163,36,,,0,70,,4164,36,,,0,30,,4165,36,,,0,70,,4166,36,,,0,25,,4167,36,,,0,77,,4168,36,,,0,30,,4169,36,,,0,71,,4170,36,,,0,30,,4171,36,,,0,74,,4172,36,,,0,30,,4173,36,,,0,66,,4174,36,,,0,30,,4175,36,,,0,66,,4176,36,,,0,30,,4177,36,,,0,70,,4178,36,,,0,100,,4179,36,,,0,100,,4180,36,,,0
1101,'Holiday21111111',812,,4799,4,,,0,30,,4798,4,,,0,70,,4797,4,,,0,30,,4800,4,,,0,74,,4796,4,,,0,30,,4801,4,,,0,70,,4795,4,,,0,30,,4802,4,,,0,70,,4803,4,,,0,30,,4794,4,,,0,70,,4804,4,,,0,30,,4793,4,,,0,70,,4792,4,,,0,30,,4805,4,,,0,70,,4791,4,,,0,30,,4806,4,,,0,70,,4807,4,,,0,30,,4790,4,,,0,70,,4808,4,,,0,30,,4789,4,,,0,70,,4809,4,,,0,30,,4788,4,,,0,70,,4787,4,,,0,30,,4810,4,,,0,70,,4811,4,,,0,30,,4812,4,,,0,70,,4813,4,,,0
1101,'Saturday',712,,4828,4,,,0,30,,4829,4,,,0,70,,4814,4,,,0,30,,4830,4,,,0,70,,4815,4,,,0,30,,4831,4,,,0,70,,4816,4,,,0,30,,4832,4,,,0,70,,4817,4,,,0,30,,4833,4,,,0,70,,4818,4,,,0,30,,4834,4,,,0,70,,4819,4,,,0,30,,4835,4,,,0,70,,4820,4,,,0,30,,4836,4,,,0,70,,4821,4,,,0,30,,4837,4,,,0,70,,4822,4,,,0,30,,4838,4,,,0,70,,4823,4,,,0,30,,4839,4,,,0,70,,4824,4,,,0,30,,4840,4,,,0,70,,4825,4,,,0,32,,4841,4,,,0,70,,4826,4,,,0,30,,4842,4,,,0,70,,4827,4,,,0,30,,4843,4,,,0
1101,'Sunday',812,,4856,4,,,0,30,,4855,4,,,0,70,,4854,4,,,0,30,,4857,4,,,0,70,,4853,4,,,0,30,,4858,4,,,0,70,,4852,4,,,0,30,,4859,4,,,0,70,,4860,4,,,0,30,,4851,4,,,0,70,,4861,4,,,0,30,,4850,4,,,0,70,,4849,4,,,0,30,,4862,4,,,0,70,,4848,4,,,0,30,,4863,4,,,0,70,,4864,4,,,0,30,,4847,4,,,0,70,,4865,4,,,0,30,,4846,4,,,0,70,,4866,4,,,0,30,,4845,4,,,0,70,,4844,4,,,0,32,,4867,4,,,0,70,,4868,4,,,0,30,,4869,4,,,0,70,,4870,4,,,0
1101,'Weekday',508,,4871,4,,,0,30,,4872,4,,,0,67,,4873,4,,,0,13,,4925,4,,,0,15,,4874,4,,,0,15,,4926,4,,,0,55,,4875,4,,,0,15,,4876,4,,,0,15,,4877,4,,,0,15,,4878,4,,,0,55,,4879,4,,,0,15,,4880,4,,,0,12,,4881,4,,,0,18,,4882,4,,,0,55,,4916,4,,,0,17,,4883,4,,,0,15,,4917,4,,,0,15,,4884,4,,,0,55,,4918,4,,,0,15,,4885,4,,,0,15,,4919,4,,,0,15,,4886,4,,,0,55,,4920,4,,,0,15,,4887,4,,,0,15,,4921,4,,,0,15,,4888,4,,,0,55,,4922,4,,,0,15,,4889,4,,,0,15,,4923,4,,,0,15,,4890,4,,,0,55,,4924,4,,,0,15,,4891,4,,,0,15,,4914,4,,,0,15,,4892,4,,,0,55,,4915,4,,,0,15,,4893,4,,,0,20,,4894,4,,,0,18,,4895,4,,,0,55,,4896,4,,,0,20,,4897,4,,,0,15,,4898,4,,,0,60,,4899,4,,,0,20,,4900,4,,,0,20,,4901,4,,,0,60,,4902,4,,,0,20,,4903,4,,,0,20,,4904,4,,,0,72,,4905,4,,,0,30,,4906,4,,,0,70,,4907,4,,,0,30,,4908,4,,,0,70,,4909,4,,,0,30,,4910,4,,,0,69,,4911,4,,,0,30,,4912,4,,,0,70,,4913,4,,,0
4801,'Weekday',739,,5437,1,,,0,761,,5438,1,,,0
5100,'Saturday',2317,,5451,31,,,0,97,,5450,31,,,0,95,,5449,31,,,0
5100,'Weekday',2317,,5454,31,,,0,97,,5453,31,,,0,95,,5452,31,,,0
