401,'Holiday21111111',1100,,7158,42,,,0,100,,7154,42,,,0,100,,7151,42,,,0,100,,7155,42,,,0,100,,7152,42,,,0,100,,7156,42,,,0,100,,7153,42,,,0,59,,7157,42,,,0
401,'Holiday3-505-1111111',1000,,7159,42,,,0,100,,7164,42,,,0,100,,7160,42,,,0,100,,7165,42,,,0,100,,7161,42,,,0,100,,7166,42,,,0,100,,7162,42,,,0,100,,7167,42,,,0,59,,7163,42,,,0,100,,7168,42,,,0,100,,7169,42,,,0
401,'Saturday',1000,,7170,42,,,0,100,,7175,42,,,0,100,,7171,42,,,0,100,,7176,42,,,0,100,,7172,42,,,0,100,,7177,42,,,0,100,,7173,42,,,0,100,,7178,42,,,0,59,,7174,42,,,0,100,,7179,42,,,0,100,,7180,42,,,0
401,'Sunday',1100,,7188,42,,,0,100,,7184,42,,,0,100,,7181,42,,,0,100,,7185,42,,,0,100,,7182,42,,,0,100,,7186,42,,,0,100,,7183,42,,,0,59,,7187,42,,,0
401,'Weekday',559,,7189,42,,,0,141,,7190,42,,,0,31,,7191,42,,,0,69,,7192,42,,,0,31,,7193,42,,,0,70,,7194,42,,,0,30,,7195,42,,,0,70,,7196,42,,,0,30,,7197,42,,,0,70,,7198,42,,,0,30,,7199,42,,,0,70,,7200,42,,,0,30,,7201,42,,,0,70,,7202,42,,,0,30,,7203,42,,,0,70,,7204,42,,,0,31,,7205,42,,,0,70,,7206,42,,,0,30,,7207,42,,,0,74,,7208,42,,,0,30,,7209,42,,,0,66,,7210,42,,,0,28,,7211,42,,,0,70,,7212,42,,,0,102,,7213,42,,,0,99,,7214,42,,,0
1001,'Holiday21111111',811,,7659,46,,,0,30,,7676,46,,,0,70,,7677,46,,,0,31,,7675,46,,,0,71,,7657,46,,,0,30,,7662,46,,,0,15,,7661,46,,,0,55,,7663,46,,,0,15,,7664,46,,,0,15,,7665,46,,,0,15,,7666,46,,,0,55,,7667,46,,,0,15,,7668,46,,,0,15,,7669,46,,,0,15,,7670,46,,,0,55,,7671,46,,,0,15,,7672,46,,,0,15,,7673,46,,,0,15,,7674,46,,,0,55,,7660,46,,,0,15,,7658,46,,,0,15,,7652,46,,,0,15,,7635,46,,,0,55,,7645,46,,,0,15,,7647,46,,,0,15,,7650,46,,,0,15,,7640,46,,,0,55,,7654,46,,,0,15,,7644,46,,,0,15,,7648,46,,,0,15,,7636,46,,,0,55,,7641,46,,,0,15,,7655,46,,,0,15,,7643,46,,,0,10,,7649,46,,,0,59,,7642,46,,,0,30,,7638,46,,,0,70,,7653,46,,,0,29,,7637,46,,,0,69,,7646,46,,,0,30,,7656,46,,,0,70,,7639,46,,,0,30,,7651,46,,,0
1001,'Holiday3-505-1111111',741,,7720,46,,,0,70,,7721,46,,,0,30,,7722,46,,,0,70,,7723,46,,,0,31,,7724,46,,,0,16,,7726,46,,,0,55,,7725,46,,,0,15,,7727,46,,,0,15,,7711,46,,,0,15,,7719,46,,,0,55,,7696,46,,,0,15,,7703,46,,,0,15,,7684,46,,,0,15,,7712,46,,,0,55,,7693,46,,,0,15,,7697,46,,,0,15,,7704,46,,,0,15,,7685,46,,,0,55,,7713,46,,,0,15,,7708,46,,,0,15,,7698,46,,,0,15,,7705,46,,,0,55,,7686,46,,,0,15,,7714,46,,,0,15,,7707,46,,,0,15,,7699,46,,,0,55,,7692,46,,,0,15,,7687,46,,,0,15,,7715,46,,,0,15,,7694,46,,,0,55,,7700,46,,,0,15,,7691,46,,,0,15,,7688,46,,,0,15,,7716,46,,,0,55,,7709,46,,,0,15,,7701,46,,,0,15,,7706,46,,,0,15,,7689,46,,,0,55,,7717,46,,,0,14,,7710,46,,,0,15,,7702,46,,,0,15,,7695,46,,,0,55,,7690,46,,,0,29,,7718,46,,,0,69,,7678,46,,,0,30,,7682,46,,,0,70,,7680,46,,,0,30,,7679,46,,,0,70,,7683,46,,,0,30,,7681,46,,,0
1001,'Saturday',741,,7770,46,,,0,70,,7771,46,,,0,30,,7772,46,,,0,70,,7773,46,,,0,31,,7774,46,,,0,16,,7776,46,,,0,55,,7775,46,,,0,15,,7777,46,,,0,15,,7761,46,,,0,15,,7769,46,,,0,55,,7746,46,,,0,15,,7753,46,,,0,15,,7734,46,,,0,15,,7762,46,,,0,55,,7743,46,,,0,15,,7747,46,,,0,15,,7754,46,,,0,15,,7735,46,,,0,55,,7763,46,,,0,15,,7758,46,,,0,15,,7748,46,,,0,15,,7755,46,,,0,55,,7736,46,,,0,15,,7764,46,,,0,15,,7757,46,,,0,15,,7749,46,,,0,55,,7742,46,,,0,15,,7737,46,,,0,15,,7765,46,,,0,15,,7744,46,,,0,55,,7750,46,,,0,15,,7741,46,,,0,15,,7738,46,,,0,15,,7766,46,,,0,55,,7759,46,,,0,15,,7751,46,,,0,15,,7756,46,,,0,15,,7739,46,,,0,55,,7767,46,,,0,14,,7760,46,,,0,15,,7752,46,,,0,15,,7745,46,,,0,55,,7740,46,,,0,29,,7768,46,,,0,69,,7728,46,,,0,30,,7732,46,,,0,70,,7730,46,,,0,30,,7729,46,,,0,70,,7733,46,,,0,30,,7731,46,,,0
1001,'Sunday',811,,7802,46,,,0,30,,7819,46,,,0,70,,7820,46,,,0,31,,7818,46,,,0,71,,7800,46,,,0,30,,7805,46,,,0,15,,7804,46,,,0,55,,7806,46,,,0,15,,7807,46,,,0,15,,7808,46,,,0,15,,7809,46,,,0,55,,7810,46,,,0,15,,7811,46,,,0,15,,7812,46,,,0,15,,7813,46,,,0,55,,7814,46,,,0,15,,7815,46,,,0,15,,7816,46,,,0,15,,7817,46,,,0,55,,7803,46,,,0,15,,7801,46,,,0,15,,7795,46,,,0,15,,7778,46,,,0,55,,7788,46,,,0,15,,7790,46,,,0,15,,7793,46,,,0,15,,7783,46,,,0,55,,7797,46,,,0,15,,7787,46,,,0,15,,7791,46,,,0,15,,7779,46,,,0,55,,7784,46,,,0,15,,7798,46,,,0,15,,7786,46,,,0,10,,7792,46,,,0,59,,7785,46,,,0,30,,7781,46,,,0,70,,7796,46,,,0,29,,7780,46,,,0,69,,7789,46,,,0,30,,7799,46,,,0,70,,7782,46,,,0,30,,7794,46,,,0
1001,'Weekday',539,,7821,46,,,0,68,,7822,46,,,0,30,,7823,46,,,0,15,,7856,46,,,0,55,,7824,46,,,0,15,,7857,46,,,0,17,,7825,46,,,0,15,,7858,46,,,0,55,,7826,46,,,0,20,,7859,46,,,0,15,,7827,46,,,0,15,,7860,46,,,0,55,,7828,46,,,0,15,,7861,46,,,0,15,,7829,46,,,0,15,,7862,46,,,0,55,,7830,46,,,0,15,,7863,46,,,0,15,,7831,46,,,0,15,,7864,46,,,0,55,,7832,46,,,0,15,,7865,46,,,0,15,,7833,46,,,0,15,,7866,46,,,0,55,,7834,46,,,0,15,,7867,46,,,0,15,,7835,46,,,0,15,,7868,46,,,0,55,,7836,46,,,0,15,,7869,46,,,0,15,,7837,46,,,0,15,,7870,46,,,0,55,,7838,46,,,0,17,,7871,46,,,0,15,,7839,46,,,0,55,,7872,46,,,0,15,,7840,46,,,0,15,,7873,46,,,0,12,,7841,46,,,0,15,,7874,46,,,0,55,,7842,46,,,0,15,,7875,46,,,0,15,,7843,46,,,0,15,,7876,46,,,0,52,,7844,46,,,0,15,,7877,46,,,0,15,,7845,46,,,0,18,,7878,46,,,0,55,,7846,46,,,0,12,,7879,46,,,0,18,,7847,46,,,0,15,,7880,46,,,0,55,,7848,46,,,0,30,,7849,46,,,0,70,,7850,46,,,0,30,,7851,46,,,0,70,,7852,46,,,0,29,,7853,46,,,0,70,,7854,46,,,0,30,,7855,46,,,0
5201,'Holiday3-505-1111111',2339,,8893,18,,,0,98,,8892,18,,,0
5201,'Saturday',2339,,8895,18,,,0,98,,8894,18,,,0
5201,'Weekday',2349,,8897,18,,,0,88,,8896,18,,,0
