401,'Holiday21111111',1058,,7158,40,,,0,100,,7154,40,,,0,100,,7151,40,,,0,100,,7155,40,,,0,100,,7152,40,,,0,100,,7156,40,,,0,100,,7153,40,,,0,99,,7157,40,,,0
401,'Holiday3-505-1111111',958,,7159,40,,,0,100,,7164,40,,,0,100,,7160,40,,,0,100,,7165,40,,,0,100,,7161,40,,,0,100,,7166,40,,,0,100,,7162,40,,,0,100,,7167,40,,,0,99,,7163,40,,,0,100,,7168,40,,,0,100,,7169,40,,,0
401,'Saturday',958,,7170,40,,,0,100,,7175,40,,,0,100,,7171,40,,,0,100,,7176,40,,,0,100,,7172,40,,,0,100,,7177,40,,,0,100,,7173,40,,,0,100,,7178,40,,,0,99,,7174,40,,,0,100,,7179,40,,,0,100,,7180,40,,,0
401,'Sunday',1058,,7188,40,,,0,100,,7184,40,,,0,100,,7181,40,,,0,100,,7185,40,,,0,100,,7182,40,,,0,100,,7186,40,,,0,100,,7183,40,,,0,99,,7187,40,,,0
401,'Weekday',556,,7189,40,,,0,101,,7190,40,,,0,72,,7191,40,,,0,28,,7192,40,,,0,71,,7193,40,,,0,30,,7194,40,,,0,70,,7195,40,,,0,30,,7196,40,,,0,70,,7197,40,,,0,30,,7198,40,,,0,70,,7199,40,,,0,30,,7200,40,,,0,70,,7201,40,,,0,30,,7202,40,,,0,70,,7203,40,,,0,30,,7204,40,,,0,71,,7205,40,,,0,30,,7206,40,,,0,70,,7207,40,,,0,74,,7208,40,,,0,30,,7209,40,,,0,26,,7210,40,,,0,68,,7211,40,,,0,30,,7212,40,,,0,102,,7213,40,,,0,99,,7214,40,,,0
1001,'Holiday21111111',810,,7659,44,,,0,30,,7676,44,,,0,70,,7677,44,,,0,31,,7675,44,,,0,71,,7657,44,,,0,30,,7662,44,,,0,15,,7661,44,,,0,55,,7663,44,,,0,15,,7664,44,,,0,15,,7665,44,,,0,15,,7666,44,,,0,55,,7667,44,,,0,15,,7668,44,,,0,15,,7669,44,,,0,15,,7670,44,,,0,55,,7671,44,,,0,15,,7672,44,,,0,15,,7673,44,,,0,15,,7674,44,,,0,55,,7660,44,,,0,15,,7658,44,,,0,15,,7652,44,,,0,15,,7635,44,,,0,55,,7645,44,,,0,15,,7647,44,,,0,15,,7650,44,,,0,15,,7640,44,,,0,55,,7654,44,,,0,15,,7644,44,,,0,15,,7648,44,,,0,15,,7636,44,,,0,55,,7641,44,,,0,15,,7655,44,,,0,15,,7643,44,,,0,10,,7649,44,,,0,59,,7642,44,,,0,30,,7638,44,,,0,70,,7653,44,,,0,28,,7637,44,,,0,70,,7646,44,,,0,30,,7656,44,,,0,70,,7639,44,,,0,30,,7651,44,,,0
1001,'Holiday3-505-1111111',740,,7720,44,,,0,70,,7721,44,,,0,30,,7722,44,,,0,70,,7723,44,,,0,31,,7724,44,,,0,16,,7726,44,,,0,55,,7725,44,,,0,15,,7727,44,,,0,15,,7711,44,,,0,15,,7719,44,,,0,55,,7696,44,,,0,15,,7703,44,,,0,15,,7684,44,,,0,15,,7712,44,,,0,55,,7693,44,,,0,15,,7697,44,,,0,15,,7704,44,,,0,15,,7685,44,,,0,55,,7713,44,,,0,15,,7708,44,,,0,15,,7698,44,,,0,15,,7705,44,,,0,55,,7686,44,,,0,15,,7714,44,,,0,15,,7707,44,,,0,15,,7699,44,,,0,55,,7692,44,,,0,15,,7687,44,,,0,15,,7715,44,,,0,15,,7694,44,,,0,55,,7700,44,,,0,15,,7691,44,,,0,15,,7688,44,,,0,15,,7716,44,,,0,55,,7709,44,,,0,15,,7701,44,,,0,15,,7706,44,,,0,15,,7689,44,,,0,55,,7717,44,,,0,14,,7710,44,,,0,15,,7702,44,,,0,15,,7695,44,,,0,55,,7690,44,,,0,28,,7718,44,,,0,70,,7678,44,,,0,30,,7682,44,,,0,70,,7680,44,,,0,30,,7679,44,,,0,70,,7683,44,,,0,30,,7681,44,,,0
1001,'Saturday',740,,7770,44,,,0,70,,7771,44,,,0,30,,7772,44,,,0,70,,7773,44,,,0,31,,7774,44,,,0,16,,7776,44,,,0,55,,7775,44,,,0,15,,7777,44,,,0,15,,7761,44,,,0,15,,7769,44,,,0,55,,7746,44,,,0,15,,7753,44,,,0,15,,7734,44,,,0,15,,7762,44,,,0,55,,7743,44,,,0,15,,7747,44,,,0,15,,7754,44,,,0,15,,7735,44,,,0,55,,7763,44,,,0,15,,7758,44,,,0,15,,7748,44,,,0,15,,7755,44,,,0,55,,7736,44,,,0,15,,7764,44,,,0,15,,7757,44,,,0,15,,7749,44,,,0,55,,7742,44,,,0,15,,7737,44,,,0,15,,7765,44,,,0,15,,7744,44,,,0,55,,7750,44,,,0,15,,7741,44,,,0,15,,7738,44,,,0,15,,7766,44,,,0,55,,7759,44,,,0,15,,7751,44,,,0,15,,7756,44,,,0,15,,7739,44,,,0,55,,7767,44,,,0,14,,7760,44,,,0,15,,7752,44,,,0,15,,7745,44,,,0,55,,7740,44,,,0,28,,7768,44,,,0,70,,7728,44,,,0,30,,7732,44,,,0,70,,7730,44,,,0,30,,7729,44,,,0,70,,7733,44,,,0,30,,7731,44,,,0
1001,'Sunday',810,,7802,44,,,0,30,,7819,44,,,0,70,,7820,44,,,0,31,,7818,44,,,0,71,,7800,44,,,0,30,,7805,44,,,0,15,,7804,44,,,0,55,,7806,44,,,0,15,,7807,44,,,0,15,,7808,44,,,0,15,,7809,44,,,0,55,,7810,44,,,0,15,,7811,44,,,0,15,,7812,44,,,0,15,,7813,44,,,0,55,,7814,44,,,0,15,,7815,44,,,0,15,,7816,44,,,0,15,,7817,44,,,0,55,,7803,44,,,0,15,,7801,44,,,0,15,,7795,44,,,0,15,,7778,44,,,0,55,,7788,44,,,0,15,,7790,44,,,0,15,,7793,44,,,0,15,,7783,44,,,0,55,,7797,44,,,0,15,,7787,44,,,0,15,,7791,44,,,0,15,,7779,44,,,0,55,,7784,44,,,0,15,,7798,44,,,0,15,,7786,44,,,0,10,,7792,44,,,0,59,,7785,44,,,0,30,,7781,44,,,0,70,,7796,44,,,0,28,,7780,44,,,0,70,,7789,44,,,0,30,,7799,44,,,0,70,,7782,44,,,0,30,,7794,44,,,0
1001,'Weekday',537,,7821,44,,,0,68,,7822,44,,,0,30,,7823,44,,,0,15,,7856,44,,,0,55,,7824,44,,,0,15,,7857,44,,,0,17,,7825,44,,,0,15,,7858,44,,,0,55,,7826,44,,,0,20,,7859,44,,,0,15,,7827,44,,,0,15,,7860,44,,,0,55,,7828,44,,,0,16,,7861,44,,,0,15,,7829,44,,,0,15,,7862,44,,,0,55,,7830,44,,,0,15,,7863,44,,,0,15,,7831,44,,,0,15,,7864,44,,,0,55,,7832,44,,,0,15,,7865,44,,,0,15,,7833,44,,,0,15,,7866,44,,,0,55,,7834,44,,,0,15,,7867,44,,,0,15,,7835,44,,,0,15,,7868,44,,,0,55,,7836,44,,,0,15,,7869,44,,,0,15,,7837,44,,,0,15,,7870,44,,,0,55,,7838,44,,,0,16,,7871,44,,,0,15,,7839,44,,,0,15,,7872,44,,,0,55,,7840,44,,,0,15,,7873,44,,,0,12,,7841,44,,,0,15,,7874,44,,,0,55,,7842,44,,,0,15,,7875,44,,,0,15,,7843,44,,,0,15,,7876,44,,,0,52,,7844,44,,,0,15,,7877,44,,,0,15,,7845,44,,,0,18,,7878,44,,,0,55,,7846,44,,,0,13,,7879,44,,,0,18,,7847,44,,,0,15,,7880,44,,,0,55,,7848,44,,,0,30,,7849,44,,,0,70,,7850,44,,,0,30,,7851,44,,,0,70,,7852,44,,,0,29,,7853,44,,,0,70,,7854,44,,,0,30,,7855,44,,,0
5201,'Holiday3-505-1111111',2338,,8893,16,,,0,98,,8892,16,,,0
5201,'Saturday',2338,,8895,16,,,0,98,,8894,16,,,0
5201,'Weekday',2348,,8897,16,,,0,88,,8896,16,,,0
