400,'Holiday21111111',1153,,7084,28,,,0,100,,7088,28,,,0,100,,7085,28,,,0,100,,7089,28,,,0,100,,7086,28,,,0,100,,7090,28,,,0,100,,7087,28,,,0
400,'Holiday3-505-1111111',853,,7091,28,,,0,100,,7097,28,,,0,100,,7092,28,,,0,100,,7098,28,,,0,100,,7093,28,,,0,100,,7099,28,,,0,100,,7094,28,,,0,100,,7100,28,,,0,100,,7095,28,,,0,100,,7101,28,,,0,100,,7096,28,,,0,100,,7102,28,,,0,99,,7103,28,,,0
400,'Saturday',853,,7104,28,,,0,100,,7110,28,,,0,100,,7105,28,,,0,100,,7111,28,,,0,100,,7106,28,,,0,100,,7112,28,,,0,100,,7107,28,,,0,100,,7113,28,,,0,100,,7108,28,,,0,100,,7114,28,,,0,100,,7109,28,,,0,100,,7115,28,,,0,99,,7116,28,,,0
400,'Sunday',1153,,7117,28,,,0,100,,7121,28,,,0,100,,7118,28,,,0,100,,7122,28,,,0,100,,7119,28,,,0,100,,7123,28,,,0,100,,7120,28,,,0
400,'Weekday',555,,7124,28,,,0,101,,7125,28,,,0,102,,7126,28,,,0,63,,7127,28,,,0,37,,7128,28,,,0,69,,7129,28,,,0,30,,7130,28,,,0,70,,7131,28,,,0,30,,7132,28,,,0,70,,7133,28,,,0,30,,7134,28,,,0,70,,7135,28,,,0,30,,7136,28,,,0,70,,7137,28,,,0,30,,7138,28,,,0,70,,7139,28,,,0,30,,7140,28,,,0,71,,7141,28,,,0,29,,7142,28,,,0,70,,7143,28,,,0,30,,7144,28,,,0,70,,7145,28,,,0,73,,7146,28,,,0,28,,7150,28,,,0,30,,7147,28,,,0,97,,7148,28,,,0,100,,7149,28,,,0
1000,'Holiday21111111',814,,7427,15,,,0,30,,7421,15,,,0,70,,7426,15,,,0,28,,7418,15,,,0,70,,7420,15,,,0,30,,7398,15,,,0,15,,7386,15,,,0,55,,7389,15,,,0,15,,7408,15,,,0,15,,7406,15,,,0,15,,7399,15,,,0,55,,7405,15,,,0,15,,7390,15,,,0,15,,7409,15,,,0,15,,7397,15,,,0,55,,7400,15,,,0,15,,7415,15,,,0,15,,7391,15,,,0,15,,7410,15,,,0,55,,7404,15,,,0,15,,7401,15,,,0,15,,7395,15,,,0,15,,7392,15,,,0,55,,7411,15,,,0,15,,7388,15,,,0,15,,7402,15,,,0,15,,7414,15,,,0,55,,7393,15,,,0,15,,7412,15,,,0,15,,7407,15,,,0,15,,7403,15,,,0,55,,7387,15,,,0,15,,7394,15,,,0,15,,7413,15,,,0,15,,7396,15,,,0,55,,7385,15,,,0,30,,7416,15,,,0,68,,7422,15,,,0,30,,7417,15,,,0,70,,7423,15,,,0,30,,7419,15,,,0,70,,7424,15,,,0,30,,7425,15,,,0
1000,'Holiday3-505-1111111',710,,7434,15,,,0,30,,7435,15,,,0,70,,7436,15,,,0,30,,7437,15,,,0,70,,7438,15,,,0,17,,7478,15,,,0,15,,7439,15,,,0,15,,7440,15,,,0,55,,7441,15,,,0,15,,7442,15,,,0,15,,7443,15,,,0,15,,7444,15,,,0,55,,7445,15,,,0,15,,7446,15,,,0,15,,7447,15,,,0,15,,7448,15,,,0,55,,7449,15,,,0,15,,7450,15,,,0,15,,7451,15,,,0,15,,7452,15,,,0,55,,7453,15,,,0,15,,7454,15,,,0,15,,7455,15,,,0,15,,7456,15,,,0,55,,7457,15,,,0,15,,7458,15,,,0,15,,7459,15,,,0,15,,7460,15,,,0,55,,7461,15,,,0,15,,7462,15,,,0,15,,7463,15,,,0,15,,7464,15,,,0,55,,7465,15,,,0,15,,7466,15,,,0,15,,7467,15,,,0,15,,7468,15,,,0,55,,7469,15,,,0,15,,7470,15,,,0,15,,7471,15,,,0,15,,7472,15,,,0,55,,7473,15,,,0,15,,7474,15,,,0,15,,7475,15,,,0,68,,7476,15,,,0,30,,7477,15,,,0,70,,7430,15,,,0,30,,7428,15,,,0,70,,7432,15,,,0,30,,7431,15,,,0,70,,7429,15,,,0,30,,7433,15,,,0
1000,'Saturday',710,,7485,15,,,0,30,,7486,15,,,0,70,,7487,15,,,0,30,,7488,15,,,0,70,,7489,15,,,0,17,,7529,15,,,0,15,,7490,15,,,0,15,,7491,15,,,0,55,,7492,15,,,0,15,,7493,15,,,0,15,,7494,15,,,0,15,,7495,15,,,0,55,,7496,15,,,0,15,,7497,15,,,0,15,,7498,15,,,0,15,,7499,15,,,0,55,,7500,15,,,0,15,,7501,15,,,0,15,,7502,15,,,0,15,,7503,15,,,0,55,,7504,15,,,0,15,,7505,15,,,0,15,,7506,15,,,0,15,,7507,15,,,0,55,,7508,15,,,0,15,,7509,15,,,0,15,,7510,15,,,0,15,,7511,15,,,0,55,,7512,15,,,0,15,,7513,15,,,0,15,,7514,15,,,0,15,,7515,15,,,0,55,,7516,15,,,0,15,,7517,15,,,0,15,,7518,15,,,0,15,,7519,15,,,0,55,,7520,15,,,0,15,,7521,15,,,0,15,,7522,15,,,0,15,,7523,15,,,0,55,,7524,15,,,0,15,,7525,15,,,0,15,,7526,15,,,0,68,,7527,15,,,0,30,,7528,15,,,0,70,,7481,15,,,0,30,,7479,15,,,0,70,,7483,15,,,0,30,,7482,15,,,0,70,,7480,15,,,0,30,,7484,15,,,0
1000,'Sunday',814,,7572,15,,,0,30,,7566,15,,,0,70,,7571,15,,,0,28,,7563,15,,,0,70,,7565,15,,,0,30,,7543,15,,,0,15,,7531,15,,,0,55,,7534,15,,,0,15,,7553,15,,,0,15,,7551,15,,,0,15,,7544,15,,,0,55,,7550,15,,,0,15,,7535,15,,,0,15,,7554,15,,,0,15,,7542,15,,,0,55,,7545,15,,,0,15,,7560,15,,,0,15,,7536,15,,,0,15,,7555,15,,,0,55,,7549,15,,,0,15,,7546,15,,,0,15,,7540,15,,,0,15,,7537,15,,,0,55,,7556,15,,,0,15,,7533,15,,,0,15,,7547,15,,,0,15,,7559,15,,,0,55,,7538,15,,,0,15,,7557,15,,,0,15,,7552,15,,,0,15,,7548,15,,,0,55,,7532,15,,,0,15,,7539,15,,,0,15,,7558,15,,,0,15,,7541,15,,,0,55,,7530,15,,,0,30,,7561,15,,,0,68,,7567,15,,,0,30,,7562,15,,,0,70,,7568,15,,,0,30,,7564,15,,,0,70,,7569,15,,,0,30,,7570,15,,,0
1000,'Weekday',504,,7583,15,,,0,30,,7592,15,,,0,66,,7578,15,,,0,27,,7609,15,,,0,15,,7606,15,,,0,15,,7610,15,,,0,50,,7602,15,,,0,17,,7611,15,,,0,15,,7587,15,,,0,15,,7612,15,,,0,55,,7593,15,,,0,17,,7613,15,,,0,15,,7573,15,,,0,15,,7614,15,,,0,55,,7599,15,,,0,15,,7615,15,,,0,15,,7608,15,,,0,15,,7616,15,,,0,55,,7605,15,,,0,15,,7617,15,,,0,15,,7594,15,,,0,15,,7618,15,,,0,55,,7590,15,,,0,15,,7619,15,,,0,15,,7582,15,,,0,15,,7620,15,,,0,58,,7591,15,,,0,12,,7621,15,,,0,15,,7577,15,,,0,15,,7622,15,,,0,55,,7595,15,,,0,15,,7623,15,,,0,15,,7607,15,,,0,15,,7624,15,,,0,56,,7581,15,,,0,15,,7625,15,,,0,15,,7604,15,,,0,17,,7626,15,,,0,55,,7601,15,,,0,15,,7627,15,,,0,15,,7596,15,,,0,56,,7628,15,,,0,12,,7600,15,,,0,16,,7629,15,,,0,14,,7589,15,,,0,58,,7630,15,,,0,15,,7584,15,,,0,15,,7631,15,,,0,15,,7586,15,,,0,55,,7632,15,,,0,13,,7597,15,,,0,15,,7633,15,,,0,12,,7585,15,,,0,15,,7634,15,,,0,55,,7580,15,,,0,30,,7603,15,,,0,70,,7588,15,,,0,30,,7598,15,,,0,70,,7574,15,,,0,30,,7576,15,,,0,69,,7579,15,,,0,30,,7575,15,,,0
5000,'Holiday3-505-1111111',2308,,8851,14,,,0,100,,8850,14,,,0,100,,8852,14,0,8 4 9 10,0
5000,'Saturday',2308,,8854,14,,,0,100,,8853,14,,,0,100,,8855,14,0,8 4 9 10,0
5000,'Weekday',2318,,8857,14,,,0,90,,8856,14,,,0,100,,8858,14,0,8 4 9 10,0
