401,'Holiday21111111',1038,,4065,3,,,0,100,,4061,3,,,0,100,,4058,3,,,0,100,,4062,3,,,0,100,,4059,3,,,0,100,,4063,3,,,0,100,,4060,3,,,0,100,,4064,3,,,0
401,'Saturday',938,,4066,3,,,0,100,,4071,3,,,0,100,,4067,3,,,0,100,,4072,3,,,0,100,,4068,3,,,0,100,,4073,3,,,0,100,,4069,3,,,0,100,,4074,3,,,0,100,,4070,3,,,0,100,,4075,3,,,0,100,,4076,3,,,0
401,'Sunday',1038,,4084,3,,,0,100,,4080,3,,,0,100,,4077,3,,,0,100,,4081,3,,,0,100,,4078,3,,,0,100,,4082,3,,,0,100,,4079,3,,,0,100,,4083,3,,,0
401,'Weekday',537,,4092,3,,,0,100,,4099,3,,,0,70,,4110,3,,,0,34,,4091,3,,,0,66,,4100,3,,,0,30,,4098,3,,,0,70,,4101,3,,,0,30,,4090,3,,,0,70,,4102,3,,,0,30,,4097,3,,,0,70,,4103,3,,,0,30,,4089,3,,,0,70,,4104,3,,,0,30,,4096,3,,,0,70,,4105,3,,,0,30,,4088,3,,,0,70,,4106,3,,,0,30,,4095,3,,,0,71,,4107,3,,,0,31,,4087,3,,,0,70,,4108,3,,,0,29,,4094,3,,,0,69,,4109,3,,,0,31,,4086,3,,,0,100,,4093,3,,,0,99,,4085,3,,,0
1001,'Holiday21111111',750,,4473,3,,,0,70,,4490,3,,,0,30,,4491,3,,,0,70,,4489,3,,,0,30,,4471,3,,,0,70,,4476,3,,,0,15,,4475,3,,,0,15,,4477,3,,,0,55,,4478,3,,,0,15,,4479,3,,,0,15,,4480,3,,,0,15,,4481,3,,,0,55,,4482,3,,,0,15,,4483,3,,,0,15,,4484,3,,,0,15,,4485,3,,,0,55,,4486,3,,,0,15,,4487,3,,,0,15,,4488,3,,,0,15,,4474,3,,,0,55,,4472,3,,,0,15,,4466,3,,,0,15,,4449,3,,,0,15,,4459,3,,,0,55,,4461,3,,,0,15,,4464,3,,,0,15,,4454,3,,,0,15,,4468,3,,,0,55,,4458,3,,,0,15,,4462,3,,,0,15,,4450,3,,,0,15,,4455,3,,,0,55,,4469,3,,,0,15,,4457,3,,,0,10,,4463,3,,,0,19,,4456,3,,,0,71,,4452,3,,,0,30,,4467,3,,,0,70,,4451,3,,,0,30,,4460,3,,,0,70,,4470,3,,,0,30,,4453,3,,,0,70,,4465,3,,,0
1001,'Saturday',720,,4534,3,,,0,30,,4535,3,,,0,70,,4536,3,,,0,30,,4537,3,,,0,70,,4538,3,,,0,15,,4540,3,,,0,15,,4539,3,,,0,55,,4541,3,,,0,15,,4525,3,,,0,15,,4533,3,,,0,15,,4510,3,,,0,55,,4517,3,,,0,15,,4498,3,,,0,15,,4526,3,,,0,15,,4507,3,,,0,55,,4511,3,,,0,15,,4518,3,,,0,15,,4499,3,,,0,15,,4527,3,,,0,55,,4522,3,,,0,15,,4512,3,,,0,15,,4519,3,,,0,15,,4500,3,,,0,55,,4528,3,,,0,15,,4521,3,,,0,15,,4513,3,,,0,15,,4506,3,,,0,55,,4501,3,,,0,15,,4529,3,,,0,15,,4508,3,,,0,15,,4514,3,,,0,55,,4505,3,,,0,15,,4502,3,,,0,15,,4530,3,,,0,15,,4523,3,,,0,55,,4515,3,,,0,15,,4520,3,,,0,15,,4503,3,,,0,15,,4531,3,,,0,55,,4524,3,,,0,15,,4516,3,,,0,15,,4509,3,,,0,15,,4504,3,,,0,70,,4532,3,,,0,30,,4492,3,,,0,70,,4496,3,,,0,30,,4494,3,,,0,70,,4493,3,,,0,30,,4497,3,,,0,70,,4495,3,,,0
1001,'Sunday',750,,4566,3,,,0,70,,4583,3,,,0,30,,4584,3,,,0,70,,4582,3,,,0,30,,4564,3,,,0,70,,4569,3,,,0,15,,4568,3,,,0,15,,4570,3,,,0,55,,4571,3,,,0,15,,4572,3,,,0,15,,4573,3,,,0,15,,4574,3,,,0,55,,4575,3,,,0,15,,4576,3,,,0,15,,4577,3,,,0,15,,4578,3,,,0,55,,4579,3,,,0,15,,4580,3,,,0,15,,4581,3,,,0,15,,4567,3,,,0,55,,4565,3,,,0,15,,4559,3,,,0,15,,4542,3,,,0,15,,4552,3,,,0,55,,4554,3,,,0,15,,4557,3,,,0,15,,4547,3,,,0,15,,4561,3,,,0,55,,4551,3,,,0,15,,4555,3,,,0,15,,4543,3,,,0,15,,4548,3,,,0,55,,4562,3,,,0,15,,4550,3,,,0,10,,4556,3,,,0,19,,4549,3,,,0,71,,4545,3,,,0,30,,4560,3,,,0,70,,4544,3,,,0,30,,4553,3,,,0,70,,4563,3,,,0,30,,4546,3,,,0,70,,4558,3,,,0
1001,'Weekday',517,,4585,3,,,0,30,,4586,3,,,0,70,,4587,3,,,0,15,,4620,3,,,0,15,,4588,3,,,0,55,,4621,3,,,0,15,,4589,3,,,0,15,,4622,3,,,0,15,,4590,3,,,0,55,,4623,3,,,0,18,,4591,3,,,0,15,,4624,3,,,0,15,,4592,3,,,0,55,,4625,3,,,0,15,,4593,3,,,0,15,,4626,3,,,0,15,,4594,3,,,0,55,,4627,3,,,0,15,,4595,3,,,0,15,,4628,3,,,0,15,,4596,3,,,0,55,,4629,3,,,0,15,,4597,3,,,0,15,,4630,3,,,0,15,,4598,3,,,0,55,,4631,3,,,0,15,,4599,3,,,0,15,,4632,3,,,0,15,,4600,3,,,0,55,,4633,3,,,0,15,,4601,3,,,0,15,,4634,3,,,0,15,,4602,3,,,0,55,,4635,3,,,0,15,,4603,3,,,0,15,,4636,3,,,0,15,,4604,3,,,0,55,,4637,3,,,0,12,,4605,3,,,0,15,,4638,3,,,0,15,,4606,3,,,0,55,,4639,3,,,0,15,,4607,3,,,0,15,,4640,3,,,0,12,,4608,3,,,0,15,,4641,3,,,0,55,,4609,3,,,0,16,,4642,3,,,0,16,,4610,3,,,0,56,,4643,3,,,0,15,,4611,3,,,0,15,,4644,3,,,0,18,,4612,3,,,0,70,,4613,3,,,0,30,,4614,3,,,0,70,,4615,3,,,0,30,,4616,3,,,0,70,,4617,3,,,0,30,,4618,3,,,0,70,,4619,3,,,0
2500,'Holiday21111111',746,,5167,3,,,0,70,,5179,3,,,0,30,,5168,3,,,0,70,,5180,3,,,0,35,,5169,3,,,0,70,,5181,3,,,0,30,,5170,3,,,0,70,,5182,3,,,0,30,,5171,3,,,0,70,,5183,3,,,0,30,,5172,3,,,0,70,,5184,3,,,0,30,,5173,3,,,0,70,,5185,3,,,0,30,,5174,3,,,0,70,,5186,3,,,0,30,,5175,3,,,0,70,,5187,3,,,0,30,,5176,3,,,0,70,,5188,3,,,0,30,,5177,3,,,0,70,,5189,3,,,0,30,,5178,3,,,0,70,,5190,3,,,0,30,,5191,3,,,0,70,,5192,3,,,0,30,,5193,3,,,0,70,,5194,3,,,0
2500,'Saturday',716,,5208,3,,,0,30,,5207,3,,,0,70,,5209,3,,,0,30,,5206,3,,,0,70,,5210,3,,,0,30,,5205,3,,,0,70,,5211,3,,,0,30,,5204,3,,,0,70,,5212,3,,,0,30,,5203,3,,,0,70,,5213,3,,,0,30,,5202,3,,,0,70,,5214,3,,,0,30,,5201,3,,,0,70,,5215,3,,,0,30,,5200,3,,,0,70,,5216,3,,,0,30,,5199,3,,,0,70,,5217,3,,,0,30,,5198,3,,,0,70,,5218,3,,,0,30,,5197,3,,,0,72,,5219,3,,,0,30,,5196,3,,,0,70,,5220,3,,,0,30,,5195,3,,,0,70,,5221,3,,,0,30,,5223,3,,,0,70,,5222,3,,,0,30,,5224,3,,,0
2500,'Sunday',746,,5225,3,,,0,70,,5237,3,,,0,30,,5226,3,,,0,70,,5238,3,,,0,30,,5227,3,,,0,70,,5239,3,,,0,30,,5228,3,,,0,70,,5240,3,,,0,30,,5229,3,,,0,70,,5241,3,,,0,30,,5230,3,,,0,70,,5242,3,,,0,30,,5231,3,,,0,70,,5243,3,,,0,30,,5232,3,,,0,70,,5244,3,,,0,30,,5233,3,,,0,70,,5245,3,,,0,30,,5234,3,,,0,70,,5246,3,,,0,30,,5235,3,,,0,72,,5247,3,,,0,30,,5236,3,,,0,70,,5248,3,,,0,30,,5249,3,,,0,70,,5250,3,,,0,30,,5251,3,,,0,70,,5252,3,,,0
2500,'Weekday',510,,5253,3,,,0,28,,5254,3,,,0,66,,5255,3,,,0,30,,5256,3,,,0,66,,5257,3,,,0,15,,5258,3,,,0,15,,5259,3,,,0,15,,5260,3,,,0,55,,5261,3,,,0,20,,5262,3,,,0,15,,5263,3,,,0,15,,5264,3,,,0,70,,5265,3,,,0,30,,5266,3,,,0,70,,5267,3,,,0,30,,5268,3,,,0,70,,5269,3,,,0,30,,5270,3,,,0,70,,5271,3,,,0,30,,5272,3,,,0,70,,5273,3,,,0,30,,5274,3,,,0,70,,5275,3,,,0,13,,5276,3,,,0,15,,5277,3,,,0,55,,5278,3,,,0,15,,5279,3,,,0,15,,5280,3,,,0,15,,5281,3,,,0,55,,5282,3,,,0,15,,5283,3,,,0,15,,5284,3,,,0,15,,5285,3,,,0,55,,5286,3,,,0,15,,5287,3,,,0,15,,5288,3,,,0,17,,5289,3,,,0,72,,5290,3,,,0,30,,5291,3,,,0,70,,5292,3,,,0,30,,5293,3,,,0,70,,5294,3,,,0,30,,5295,3,,,0,70,,5296,3,,,0,30,,5297,3,,,0,70,,5298,3,,,0,30,,5299,3,,,0,70,,5300,3,,,0
