400,'Holiday21111111',1222,,7084,76,,,0,100,,7088,76,,,0,100,,7085,76,,,0,100,,7089,76,,,0,100,,7086,76,,,0,100,,7090,76,,,0,100,,7087,76,,,0
400,'Holiday3-505-1111111',922,,7091,76,,,0,100,,7097,76,,,0,100,,7092,76,,,0,100,,7098,76,,,0,100,,7093,76,,,0,100,,7099,76,,,0,100,,7094,76,,,0,100,,7100,76,,,0,100,,7095,76,,,0,100,,7101,76,,,0,100,,7096,76,,,0,100,,7102,76,,,0,98,,7103,76,,,0
400,'Saturday',922,,7104,76,,,0,100,,7110,76,,,0,100,,7105,76,,,0,100,,7111,76,,,0,100,,7106,76,,,0,100,,7112,76,,,0,100,,7107,76,,,0,100,,7113,76,,,0,100,,7108,76,,,0,100,,7114,76,,,0,100,,7109,76,,,0,100,,7115,76,,,0,98,,7116,76,,,0
400,'Sunday',1222,,7117,76,,,0,100,,7121,76,,,0,100,,7118,76,,,0,100,,7122,76,,,0,100,,7119,76,,,0,100,,7123,76,,,0,100,,7120,76,,,0
400,'Weekday',622,,7124,76,,,0,101,,7125,76,,,0,105,,7126,76,,,0,23,,7127,76,,,0,77,,7128,76,,,0,29,,7129,76,,,0,70,,7130,76,,,0,30,,7131,76,,,0,70,,7132,76,,,0,30,,7133,76,,,0,70,,7134,76,,,0,30,,7135,76,,,0,70,,7136,76,,,0,30,,7137,76,,,0,70,,7138,76,,,0,30,,7139,76,,,0,73,,7140,76,,,0,71,,7141,76,,,0,27,,7142,76,,,0,30,,7143,76,,,0,70,,7144,76,,,0,30,,7145,76,,,0,72,,7146,76,,,0,27,,7150,76,,,0,70,,7147,76,,,0,96,,7148,76,,,0,99,,7149,76,,,0
1001,'Holiday21111111',801,,7659,24,,,0,30,,7676,24,,,0,70,,7677,24,,,0,30,,7675,24,,,0,71,,7657,24,,,0,30,,7662,24,,,0,15,,7661,24,,,0,55,,7663,24,,,0,15,,7664,24,,,0,15,,7665,24,,,0,15,,7666,24,,,0,55,,7667,24,,,0,15,,7668,24,,,0,15,,7669,24,,,0,15,,7670,24,,,0,55,,7671,24,,,0,15,,7672,24,,,0,15,,7673,24,,,0,15,,7674,24,,,0,55,,7660,24,,,0,15,,7658,24,,,0,15,,7652,24,,,0,15,,7635,24,,,0,55,,7645,24,,,0,15,,7647,24,,,0,15,,7650,24,,,0,15,,7640,24,,,0,55,,7654,24,,,0,15,,7644,24,,,0,15,,7648,24,,,0,15,,7636,24,,,0,55,,7641,24,,,0,15,,7655,24,,,0,15,,7643,24,,,0,10,,7649,24,,,0,59,,7642,24,,,0,31,,7638,24,,,0,70,,7653,24,,,0,29,,7637,24,,,0,70,,7646,24,,,0,30,,7656,24,,,0,70,,7639,24,,,0,30,,7651,24,,,0
1001,'Holiday3-505-1111111',731,,7720,24,,,0,70,,7721,24,,,0,30,,7722,24,,,0,70,,7723,24,,,0,30,,7724,24,,,0,16,,7726,24,,,0,55,,7725,24,,,0,15,,7727,24,,,0,15,,7711,24,,,0,15,,7719,24,,,0,55,,7696,24,,,0,15,,7703,24,,,0,15,,7684,24,,,0,15,,7712,24,,,0,55,,7693,24,,,0,15,,7697,24,,,0,15,,7704,24,,,0,15,,7685,24,,,0,55,,7713,24,,,0,15,,7708,24,,,0,15,,7698,24,,,0,15,,7705,24,,,0,55,,7686,24,,,0,15,,7714,24,,,0,15,,7707,24,,,0,15,,7699,24,,,0,55,,7692,24,,,0,15,,7687,24,,,0,15,,7715,24,,,0,15,,7694,24,,,0,55,,7700,24,,,0,15,,7691,24,,,0,15,,7688,24,,,0,15,,7716,24,,,0,55,,7709,24,,,0,15,,7701,24,,,0,15,,7706,24,,,0,15,,7689,24,,,0,55,,7717,24,,,0,15,,7710,24,,,0,15,,7702,24,,,0,15,,7695,24,,,0,55,,7690,24,,,0,29,,7718,24,,,0,70,,7678,24,,,0,30,,7682,24,,,0,70,,7680,24,,,0,30,,7679,24,,,0,70,,7683,24,,,0,30,,7681,24,,,0
1001,'Saturday',731,,7770,24,,,0,70,,7771,24,,,0,30,,7772,24,,,0,70,,7773,24,,,0,30,,7774,24,,,0,16,,7776,24,,,0,55,,7775,24,,,0,15,,7777,24,,,0,15,,7761,24,,,0,15,,7769,24,,,0,55,,7746,24,,,0,15,,7753,24,,,0,15,,7734,24,,,0,15,,7762,24,,,0,55,,7743,24,,,0,15,,7747,24,,,0,15,,7754,24,,,0,15,,7735,24,,,0,55,,7763,24,,,0,15,,7758,24,,,0,15,,7748,24,,,0,15,,7755,24,,,0,55,,7736,24,,,0,15,,7764,24,,,0,15,,7757,24,,,0,15,,7749,24,,,0,55,,7742,24,,,0,15,,7737,24,,,0,15,,7765,24,,,0,15,,7744,24,,,0,55,,7750,24,,,0,15,,7741,24,,,0,15,,7738,24,,,0,15,,7766,24,,,0,55,,7759,24,,,0,15,,7751,24,,,0,15,,7756,24,,,0,15,,7739,24,,,0,55,,7767,24,,,0,15,,7760,24,,,0,15,,7752,24,,,0,15,,7745,24,,,0,55,,7740,24,,,0,29,,7768,24,,,0,70,,7728,24,,,0,30,,7732,24,,,0,70,,7730,24,,,0,30,,7729,24,,,0,70,,7733,24,,,0,30,,7731,24,,,0
1001,'Sunday',801,,7802,24,,,0,30,,7819,24,,,0,70,,7820,24,,,0,30,,7818,24,,,0,71,,7800,24,,,0,30,,7805,24,,,0,15,,7804,24,,,0,55,,7806,24,,,0,15,,7807,24,,,0,15,,7808,24,,,0,15,,7809,24,,,0,55,,7810,24,,,0,15,,7811,24,,,0,15,,7812,24,,,0,15,,7813,24,,,0,55,,7814,24,,,0,15,,7815,24,,,0,15,,7816,24,,,0,15,,7817,24,,,0,55,,7803,24,,,0,15,,7801,24,,,0,15,,7795,24,,,0,15,,7778,24,,,0,55,,7788,24,,,0,15,,7790,24,,,0,15,,7793,24,,,0,15,,7783,24,,,0,55,,7797,24,,,0,15,,7787,24,,,0,15,,7791,24,,,0,15,,7779,24,,,0,55,,7784,24,,,0,15,,7798,24,,,0,15,,7786,24,,,0,10,,7792,24,,,0,59,,7785,24,,,0,31,,7781,24,,,0,70,,7796,24,,,0,29,,7780,24,,,0,70,,7789,24,,,0,30,,7799,24,,,0,70,,7782,24,,,0,30,,7794,24,,,0
1001,'Weekday',528,,7821,24,,,0,28,,7822,24,,,0,70,,7823,24,,,0,15,,7856,24,,,0,15,,7824,24,,,0,55,,7857,24,,,0,16,,7825,24,,,0,15,,7858,24,,,0,15,,7826,24,,,0,60,,7859,24,,,0,15,,7827,24,,,0,15,,7860,24,,,0,55,,7828,24,,,0,15,,7861,24,,,0,15,,7829,24,,,0,15,,7862,24,,,0,55,,7830,24,,,0,15,,7863,24,,,0,15,,7831,24,,,0,15,,7864,24,,,0,55,,7832,24,,,0,15,,7865,24,,,0,15,,7833,24,,,0,15,,7866,24,,,0,55,,7834,24,,,0,15,,7867,24,,,0,15,,7835,24,,,0,15,,7868,24,,,0,55,,7836,24,,,0,15,,7869,24,,,0,15,,7837,24,,,0,15,,7870,24,,,0,55,,7838,24,,,0,16,,7871,24,,,0,15,,7839,24,,,0,15,,7872,24,,,0,55,,7840,24,,,0,15,,7873,24,,,0,12,,7841,24,,,0,15,,7874,24,,,0,55,,7842,24,,,0,15,,7875,24,,,0,15,,7843,24,,,0,15,,7876,24,,,0,12,,7844,24,,,0,55,,7877,24,,,0,15,,7845,24,,,0,18,,7878,24,,,0,55,,7846,24,,,0,14,,7879,24,,,0,18,,7847,24,,,0,15,,7880,24,,,0,55,,7848,24,,,0,30,,7849,24,,,0,70,,7850,24,,,0,30,,7851,24,,,0,70,,7852,24,,,0,30,,7853,24,,,0,70,,7854,24,,,0,30,,7855,24,,,0
