200,'Holiday21111111',811,,3368,39,,,0,100,,3369,39,,,0,32,,3392,39,,,0,70,,3370,39,,,0,30,,3381,39,,,0,70,,3371,39,,,0,30,,3382,39,,,0,70,,3372,39,,,0,30,,3383,39,,,0,70,,3373,39,,,0,30,,3384,39,,,0,70,,3374,39,,,0,30,,3385,39,,,0,70,,3375,39,,,0,30,,3386,39,,,0,70,,3376,39,,,0,30,,3387,39,,,0,70,,3377,39,,,0,30,,3388,39,,,0,70,,3378,39,,,0,28,,3389,39,,,0,70,,3379,39,,,0,33,,3390,39,,,0,70,,3380,39,,,0,30,,3391,39,,,0,70,,3393,39,,,0,30,,3394,39,,,0
200,'Saturday',641,,3395,39,,,0,100,,3396,39,,,0,100,,3397,39,,,0,102,,3398,39,,,0,70,,3411,39,,,0,20,,3399,39,,,0,20,,3425,39,,,0,60,,3412,39,,,0,20,,3400,39,,,0,20,,3426,39,,,0,60,,3413,39,,,0,20,,3401,39,,,0,20,,3427,39,,,0,65,,3414,39,,,0,20,,3402,39,,,0,20,,3428,39,,,0,60,,3415,39,,,0,20,,3403,39,,,0,20,,3429,39,,,0,60,,3416,39,,,0,25,,3404,39,,,0,60,,3430,39,,,0,20,,3417,39,,,0,20,,3405,39,,,0,60,,3431,39,,,0,20,,3418,39,,,0,20,,3406,39,,,0,70,,3419,39,,,0,30,,3407,39,,,0,70,,3420,39,,,0,28,,3408,39,,,0,70,,3421,39,,,0,30,,3409,39,,,0,70,,3422,39,,,0,30,,3410,39,,,0,70,,3423,39,,,0
200,'Sunday',811,,3432,39,,,0,100,,3433,39,,,0,102,,3434,39,,,0,20,,3445,39,,,0,20,,3458,39,,,0,60,,3435,39,,,0,20,,3446,39,,,0,20,,3459,39,,,0,60,,3436,39,,,0,20,,3447,39,,,0,20,,3460,39,,,0,65,,3437,39,,,0,20,,3448,39,,,0,20,,3461,39,,,0,60,,3438,39,,,0,20,,3449,39,,,0,20,,3462,39,,,0,60,,3439,39,,,0,25,,3450,39,,,0,60,,3463,39,,,0,20,,3440,39,,,0,20,,3451,39,,,0,60,,3464,39,,,0,20,,3441,39,,,0,20,,3452,39,,,0,70,,3442,39,,,0,30,,3453,39,,,0,70,,3443,39,,,0,28,,3454,39,,,0,70,,3444,39,,,0,30,,3455,39,,,0,70,,3456,39,,,0,30,,3457,39,,,0
200,'Weekday',507,,3465,39,,,0,30,,3467,39,,,0,70,,3469,39,,,0,28,,3498,39,,,0,15,,3471,39,,,0,55,,3472,39,,,0,15,,3499,39,,,0,18,,3473,39,,,0,15,,3474,39,,,0,55,,3475,39,,,0,16,,3476,39,,,0,15,,3477,39,,,0,15,,3500,39,,,0,55,,3478,39,,,0,15,,3501,39,,,0,15,,3479,39,,,0,16,,3480,39,,,0,54,,3502,39,,,0,15,,3503,39,,,0,15,,3504,39,,,0,15,,3481,39,,,0,55,,3505,39,,,0,15,,3506,39,,,0,17,,3482,39,,,0,15,,3507,39,,,0,55,,3483,39,,,0,15,,3484,39,,,0,15,,3508,39,,,0,15,,3509,39,,,0,55,,3485,39,,,0,15,,3486,39,,,0,15,,3510,39,,,0,15,,3511,39,,,0,55,,3487,39,,,0,15,,3512,39,,,0,15,,3513,39,,,0,15,,3488,39,,,0,55,,3514,39,,,0,15,,3515,39,,,0,15,,3516,39,,,0,15,,3489,39,,,0,55,,3490,39,,,0,15,,3491,39,,,0,15,,3517,39,,,0,15,,3518,39,,,0,55,,3519,39,,,0,15,,3520,39,,,0,15,,3492,39,,,0,15,,3521,39,,,0,56,,3493,39,,,0,15,,3522,39,,,0,12,,3494,39,,,0,15,,3523,39,,,0,59,,3524,39,,,0,30,,3525,39,,,0,70,,3497,39,,,0,30,,3495,39,,,0,70,,3466,39,,,0,30,,3496,39,,,0,72,,3468,39,,,0,27,,3470,39,,,0
300,'Holiday21111111',825,,3689,37,,,0,100,,3690,37,,,0,30,,3702,37,,,0,72,,3691,37,,,0,30,,3703,37,,,0,70,,3692,37,,,0,30,,3704,37,,,0,70,,3693,37,,,0,30,,3705,37,,,0,70,,3694,37,,,0,30,,3706,37,,,0,70,,3695,37,,,0,30,,3707,37,,,0,70,,3696,37,,,0,30,,3708,37,,,0,70,,3697,37,,,0,30,,3709,37,,,0,70,,3698,37,,,0,30,,3710,37,,,0,68,,3699,37,,,0,32,,3711,37,,,0,71,,3700,37,,,0,29,,3712,37,,,0,73,,3701,37,,,0,70,,3713,37,,,0,29,,3714,37,,,0
300,'Saturday',725,,3715,37,,,0,100,,3716,37,,,0,100,,3717,37,,,0,30,,3731,37,,,0,72,,3718,37,,,0,30,,3732,37,,,0,60,,3719,37,,,0,20,,3744,37,,,0,20,,3733,37,,,0,60,,3720,37,,,0,20,,3745,37,,,0,65,,3734,37,,,0,20,,3721,37,,,0,20,,3746,37,,,0,60,,3735,37,,,0,20,,3722,37,,,0,20,,3747,37,,,0,60,,3736,37,,,0,20,,3723,37,,,0,25,,3748,37,,,0,60,,3737,37,,,0,20,,3724,37,,,0,20,,3749,37,,,0,60,,3738,37,,,0,20,,3725,37,,,0,30,,3739,37,,,0,68,,3726,37,,,0,30,,3740,37,,,0,70,,3727,37,,,0,30,,3741,37,,,0,70,,3728,37,,,0,30,,3742,37,,,0,69,,3729,37,,,0,30,,3743,37,,,0,70,,3730,37,,,0
300,'Sunday',825,,3750,37,,,0,100,,3751,37,,,0,30,,3763,37,,,0,72,,3752,37,,,0,30,,3764,37,,,0,60,,3753,37,,,0,20,,3776,37,,,0,20,,3765,37,,,0,60,,3754,37,,,0,20,,3777,37,,,0,65,,3766,37,,,0,20,,3755,37,,,0,20,,3778,37,,,0,60,,3767,37,,,0,20,,3756,37,,,0,20,,3781,37,,,0,60,,3768,37,,,0,20,,3757,37,,,0,25,,3779,37,,,0,60,,3769,37,,,0,20,,3758,37,,,0,20,,3780,37,,,0,60,,3770,37,,,0,20,,3759,37,,,0,30,,3771,37,,,0,68,,3760,37,,,0,30,,3772,37,,,0,70,,3761,37,,,0,30,,3773,37,,,0,70,,3762,37,,,0,30,,3774,37,,,0,69,,3775,37,,,0
300,'Weekday',552,,3782,37,,,0,71,,3824,37,,,0,14,,3825,37,,,0,15,,3784,37,,,0,55,,3785,37,,,0,16,,3786,37,,,0,17,,3826,37,,,0,13,,3827,37,,,0,55,,3787,37,,,0,16,,3788,37,,,0,15,,3789,37,,,0,15,,3790,37,,,0,55,,3791,37,,,0,17,,3828,37,,,0,15,,3792,37,,,0,15,,3829,37,,,0,55,,3793,37,,,0,20,,3794,37,,,0,18,,3795,37,,,0,55,,3796,37,,,0,15,,3830,37,,,0,15,,3797,37,,,0,15,,3798,37,,,0,55,,3799,37,,,0,15,,3831,37,,,0,15,,3800,37,,,0,15,,3832,37,,,0,55,,3801,37,,,0,15,,3802,37,,,0,15,,3833,37,,,0,15,,3834,37,,,0,55,,3835,37,,,0,15,,3836,37,,,0,15,,3837,37,,,0,15,,3803,37,,,0,55,,3804,37,,,0,15,,3805,37,,,0,15,,3806,37,,,0,15,,3807,37,,,0,57,,3838,37,,,0,15,,3808,37,,,0,15,,3839,37,,,0,15,,3840,37,,,0,54,,3809,37,,,0,15,,3810,37,,,0,15,,3811,37,,,0,15,,3841,37,,,0,55,,3842,37,,,0,15,,3819,37,,,0,11,,3818,37,,,0,15,,3812,37,,,0,55,,3822,37,,,0,14,,3817,37,,,0,16,,3813,37,,,0,70,,3814,37,,,0,30,,3823,37,,,0,69,,3816,37,,,0,31,,3821,37,,,0,70,,3820,37,,,0,28,,3815,37,,,0,30,,3783,37,,,0
5200,'Saturday',2315,,5462,27,,,0,97,,5463,27,,,0,95,,5461,27,,,0
5200,'Weekday',2315,,5466,27,,,0,97,,5465,27,,,0,95,,5464,27,,,0
