600,'Holiday21111111',910,,4111,37,,,0,106,,4112,37,,,0,100,,4113,37,,,0,100,,4114,37,,,0,100,,4115,37,,,0,100,,4116,37,,,0,102,,4117,37,,,0,100,,4118,37,,,0,100,,4119,37,,,0,100,,4120,37,,,0,101,,4121,37,,,0,103,,4122,37,,,0
600,'Saturday',810,,4137,37,,,0,100,,4136,37,,,0,106,,4135,37,,,0,100,,4134,37,,,0,100,,4133,37,,,0,100,,4132,37,,,0,100,,4131,37,,,0,100,,4130,37,,,0,100,,4129,37,,,0,100,,4128,37,,,0,100,,4127,37,,,0,100,,4126,37,,,0,100,,4125,37,,,0,100,,4124,37,,,0,100,,4123,37,,,0
600,'Sunday',910,,4138,37,,,0,106,,4139,37,,,0,100,,4140,37,,,0,100,,4141,37,,,0,100,,4142,37,,,0,100,,4143,37,,,0,102,,4144,37,,,0,100,,4145,37,,,0,100,,4146,37,,,0,100,,4147,37,,,0,100,,4148,37,,,0,100,,4149,37,,,0
600,'Weekday',619,,4150,37,,,0,30,,4151,37,,,0,70,,4152,37,,,0,33,,4153,37,,,0,65,,4154,37,,,0,35,,4155,37,,,0,70,,4156,37,,,0,28,,4157,37,,,0,70,,4158,37,,,0,30,,4159,37,,,0,70,,4160,37,,,0,30,,4161,37,,,0,70,,4162,37,,,0,30,,4163,37,,,0,70,,4164,37,,,0,30,,4165,37,,,0,70,,4166,37,,,0,25,,4167,37,,,0,77,,4168,37,,,0,30,,4169,37,,,0,71,,4170,37,,,0,30,,4171,37,,,0,74,,4172,37,,,0,30,,4173,37,,,0,66,,4174,37,,,0,30,,4175,37,,,0,66,,4176,37,,,0,30,,4177,37,,,0,70,,4178,37,,,0,100,,4179,37,,,0,100,,4180,37,,,0
1101,'Holiday21111111',813,,4799,5,,,0,30,,4798,5,,,0,70,,4797,5,,,0,30,,4800,5,,,0,74,,4796,5,,,0,30,,4801,5,,,0,70,,4795,5,,,0,30,,4802,5,,,0,70,,4803,5,,,0,30,,4794,5,,,0,70,,4804,5,,,0,30,,4793,5,,,0,70,,4792,5,,,0,30,,4805,5,,,0,70,,4791,5,,,0,30,,4806,5,,,0,70,,4807,5,,,0,30,,4790,5,,,0,70,,4808,5,,,0,30,,4789,5,,,0,70,,4809,5,,,0,30,,4788,5,,,0,70,,4787,5,,,0,30,,4810,5,,,0,70,,4811,5,,,0,30,,4812,5,,,0,70,,4813,5,,,0
1101,'Saturday',713,,4828,5,,,0,30,,4829,5,,,0,70,,4814,5,,,0,30,,4830,5,,,0,70,,4815,5,,,0,30,,4831,5,,,0,70,,4816,5,,,0,30,,4832,5,,,0,70,,4817,5,,,0,30,,4833,5,,,0,70,,4818,5,,,0,30,,4834,5,,,0,70,,4819,5,,,0,30,,4835,5,,,0,70,,4820,5,,,0,30,,4836,5,,,0,70,,4821,5,,,0,30,,4837,5,,,0,70,,4822,5,,,0,30,,4838,5,,,0,70,,4823,5,,,0,30,,4839,5,,,0,70,,4824,5,,,0,30,,4840,5,,,0,70,,4825,5,,,0,32,,4841,5,,,0,70,,4826,5,,,0,30,,4842,5,,,0,70,,4827,5,,,0,30,,4843,5,,,0
1101,'Sunday',813,,4856,5,,,0,30,,4855,5,,,0,70,,4854,5,,,0,30,,4857,5,,,0,70,,4853,5,,,0,30,,4858,5,,,0,70,,4852,5,,,0,30,,4859,5,,,0,70,,4860,5,,,0,30,,4851,5,,,0,70,,4861,5,,,0,30,,4850,5,,,0,70,,4849,5,,,0,30,,4862,5,,,0,70,,4848,5,,,0,30,,4863,5,,,0,70,,4864,5,,,0,30,,4847,5,,,0,70,,4865,5,,,0,30,,4846,5,,,0,70,,4866,5,,,0,30,,4845,5,,,0,70,,4844,5,,,0,32,,4867,5,,,0,70,,4868,5,,,0,30,,4869,5,,,0,70,,4870,5,,,0
1101,'Weekday',509,,4871,5,,,0,30,,4872,5,,,0,67,,4873,5,,,0,13,,4925,5,,,0,15,,4874,5,,,0,15,,4926,5,,,0,55,,4875,5,,,0,15,,4876,5,,,0,15,,4877,5,,,0,15,,4878,5,,,0,55,,4879,5,,,0,15,,4880,5,,,0,12,,4881,5,,,0,18,,4882,5,,,0,55,,4916,5,,,0,17,,4883,5,,,0,15,,4917,5,,,0,15,,4884,5,,,0,55,,4918,5,,,0,15,,4885,5,,,0,15,,4919,5,,,0,15,,4886,5,,,0,55,,4920,5,,,0,15,,4887,5,,,0,15,,4921,5,,,0,15,,4888,5,,,0,55,,4922,5,,,0,15,,4889,5,,,0,15,,4923,5,,,0,15,,4890,5,,,0,55,,4924,5,,,0,15,,4891,5,,,0,15,,4914,5,,,0,15,,4892,5,,,0,55,,4915,5,,,0,15,,4893,5,,,0,20,,4894,5,,,0,18,,4895,5,,,0,55,,4896,5,,,0,20,,4897,5,,,0,15,,4898,5,,,0,60,,4899,5,,,0,20,,4900,5,,,0,20,,4901,5,,,0,60,,4902,5,,,0,20,,4903,5,,,0,20,,4904,5,,,0,72,,4905,5,,,0,30,,4906,5,,,0,70,,4907,5,,,0,30,,4908,5,,,0,70,,4909,5,,,0,30,,4910,5,,,0,69,,4911,5,,,0,30,,4912,5,,,0,70,,4913,5,,,0
5100,'Saturday',2318,,5451,32,,,0,97,,5450,32,,,0,95,,5449,32,,,0
5100,'Weekday',2318,,5454,32,,,0,97,,5453,32,,,0,95,,5452,32,,,0
