301,'Holiday21111111',734,,6885,23,,,0,100,,6886,23,,,0,70,,6909,23,,,0,30,,6887,23,,,0,70,,6898,23,,,0,32,,6888,23,,,0,70,,6899,23,,,0,30,,6889,23,,,0,70,,6900,23,,,0,30,,6890,23,,,0,70,,6901,23,,,0,30,,6891,23,,,0,70,,6902,23,,,0,30,,6892,23,,,0,70,,6903,23,,,0,30,,6893,23,,,0,70,,6904,23,,,0,30,,6894,23,,,0,70,,6905,23,,,0,30,,6895,23,,,0,70,,6906,23,,,0,29,,6896,23,,,0,70,,6907,23,,,0,33,,6897,23,,,0,70,,6908,23,,,0,30,,6910,23,,,0,70,,6911,23,,,0,29,,6912,23,,,0
301,'Holiday3-505-1111111',604,,6929,23,,,0,100,,6913,23,,,0,101,,6914,23,,,0,100,,6915,23,,,0,30,,6943,23,,,0,70,,6930,23,,,0,31,,6916,23,,,0,20,,6931,23,,,0,60,,6945,23,,,0,20,,6917,23,,,0,20,,6932,23,,,0,60,,6946,23,,,0,25,,6918,23,,,0,60,,6933,23,,,0,20,,6947,23,,,0,20,,6919,23,,,0,60,,6934,23,,,0,20,,6948,23,,,0,20,,6920,23,,,0,65,,6935,23,,,0,20,,6949,23,,,0,20,,6921,23,,,0,60,,6936,23,,,0,20,,6944,23,,,0,20,,6922,23,,,0,60,,6937,23,,,0,30,,6923,23,,,0,70,,6938,23,,,0,29,,6924,23,,,0,70,,6939,23,,,0,30,,6925,23,,,0,70,,6940,23,,,0,30,,6926,23,,,0,70,,6941,23,,,0,29,,6927,23,,,0,70,,6942,23,,,0,30,,6928,23,,,0
301,'Saturday',604,,6966,23,,,0,100,,6950,23,,,0,101,,6951,23,,,0,100,,6952,23,,,0,30,,6980,23,,,0,70,,6967,23,,,0,31,,6953,23,,,0,20,,6968,23,,,0,60,,6982,23,,,0,20,,6954,23,,,0,20,,6969,23,,,0,60,,6983,23,,,0,25,,6955,23,,,0,60,,6970,23,,,0,20,,6984,23,,,0,20,,6956,23,,,0,60,,6971,23,,,0,20,,6985,23,,,0,20,,6957,23,,,0,65,,6972,23,,,0,20,,6986,23,,,0,20,,6958,23,,,0,60,,6973,23,,,0,20,,6981,23,,,0,20,,6959,23,,,0,60,,6974,23,,,0,30,,6960,23,,,0,70,,6975,23,,,0,29,,6961,23,,,0,70,,6976,23,,,0,30,,6962,23,,,0,70,,6977,23,,,0,30,,6963,23,,,0,70,,6978,23,,,0,29,,6964,23,,,0,70,,6979,23,,,0,30,,6965,23,,,0
301,'Sunday',735,,6987,23,,,0,100,,6988,23,,,0,100,,6989,23,,,0,20,,7000,23,,,0,60,,7014,23,,,0,21,,6990,23,,,0,20,,7001,23,,,0,60,,7015,23,,,0,20,,6991,23,,,0,20,,7002,23,,,0,60,,7016,23,,,0,25,,6992,23,,,0,60,,7003,23,,,0,20,,7017,23,,,0,20,,6993,23,,,0,60,,7004,23,,,0,20,,7018,23,,,0,20,,6994,23,,,0,65,,7005,23,,,0,20,,7019,23,,,0,20,,6995,23,,,0,60,,7006,23,,,0,20,,7020,23,,,0,20,,6996,23,,,0,60,,7007,23,,,0,30,,6997,23,,,0,70,,7008,23,,,0,29,,6998,23,,,0,70,,7009,23,,,0,30,,6999,23,,,0,70,,7010,23,,,0,30,,7011,23,,,0,70,,7012,23,,,0,29,,7013,23,,,0
301,'Weekday',501,,7073,23,,,0,26,,7053,23,,,0,30,,7022,23,,,0,70,,7024,23,,,0,15,,7071,23,,,0,15,,7082,23,,,0,55,,7052,23,,,0,16,,7025,23,,,0,15,,7070,23,,,0,15,,7079,23,,,0,55,,7026,23,,,0,15,,7076,23,,,0,15,,7074,23,,,0,15,,7027,23,,,0,55,,7077,23,,,0,15,,7081,23,,,0,15,,7075,23,,,0,16,,7028,23,,,0,55,,7029,23,,,0,15,,7051,23,,,0,15,,7050,23,,,0,11,,7030,23,,,0,55,,7080,23,,,0,15,,7067,23,,,0,15,,7031,23,,,0,15,,7032,23,,,0,55,,7062,23,,,0,15,,7033,23,,,0,15,,7066,23,,,0,15,,7034,23,,,0,55,,7035,23,,,0,15,,7060,23,,,0,15,,7036,23,,,0,15,,7037,23,,,0,55,,7059,23,,,0,15,,7038,23,,,0,15,,7039,23,,,0,18,,7040,23,,,0,55,,7078,23,,,0,15,,7064,23,,,0,15,,7072,23,,,0,15,,7061,23,,,0,55,,7041,23,,,0,15,,7057,23,,,0,15,,7042,23,,,0,15,,7043,23,,,0,55,,7056,23,,,0,15,,7044,23,,,0,15,,7065,23,,,0,12,,7045,23,,,0,55,,7055,23,,,0,23,,7046,23,,,0,15,,7069,23,,,0,55,,7047,23,,,0,14,,7048,23,,,0,17,,7049,23,,,0,70,,7068,23,,,0,30,,7083,23,,,0,70,,7058,23,,,0,30,,7054,23,,,0,70,,7063,23,,,0,29,,7023,23,,,0,70,,7021,23,,,0
5100,'Holiday3-505-1111111',2302,,8867,6,,,0,100,,8866,6,,,0,100,,8865,6,,,0
5100,'Saturday',2302,,8870,6,,,0,100,,8869,6,,,0,100,,8868,6,,,0
5100,'Weekday',2312,,8873,6,,,0,90,,8872,6,,,0,100,,8871,6,,,0
5201,'Holiday3-505-1111111',2334,,8893,8,,,0,98,,8892,8,,,0
5201,'Saturday',2334,,8895,8,,,0,98,,8894,8,,,0
5201,'Weekday',2344,,8897,8,,,0,88,,8896,8,,,0
