400,'Holiday21111111',1157,,4005,32,,,0,100,,4009,32,,,0,100,,4006,32,,,0,100,,4010,32,,,0,100,,4007,32,,,0,100,,4011,32,,,0,100,,4008,32,,,0
400,'Saturday',857,,4012,32,,,0,100,,4018,32,,,0,100,,4013,32,,,0,100,,4019,32,,,0,100,,4014,32,,,0,100,,4020,32,,,0,100,,4015,32,,,0,100,,4021,32,,,0,100,,4016,32,,,0,100,,4022,32,,,0,100,,4017,32,,,0,100,,4023,32,,,0,98,,4024,32,,,0
400,'Sunday',1157,,4025,32,,,0,100,,4029,32,,,0,100,,4026,32,,,0,100,,4030,32,,,0,100,,4027,32,,,0,100,,4031,32,,,0,100,,4028,32,,,0
400,'Weekday',558,,4047,32,,,0,100,,4039,32,,,0,100,,4046,32,,,0,67,,4048,32,,,0,75,,4038,32,,,0,29,,4049,32,,,0,30,,4045,32,,,0,70,,4050,32,,,0,30,,4037,32,,,0,70,,4051,32,,,0,30,,4044,32,,,0,70,,4052,32,,,0,30,,4036,32,,,0,70,,4053,32,,,0,30,,4043,32,,,0,71,,4054,32,,,0,70,,4035,32,,,0,30,,4055,32,,,0,70,,4042,32,,,0,29,,4056,32,,,0,30,,4034,32,,,0,71,,4057,32,,,0,71,,4041,32,,,0,100,,4033,32,,,0,57,,4040,32,,,0,100,,4032,32,,,0
1000,'Holiday21111111',817,,4292,19,,,0,30,,4286,19,,,0,70,,4291,19,,,0,28,,4283,19,,,0,70,,4285,19,,,0,30,,4263,19,,,0,55,,4251,19,,,0,15,,4254,19,,,0,15,,4273,19,,,0,15,,4271,19,,,0,55,,4264,19,,,0,15,,4270,19,,,0,15,,4255,19,,,0,15,,4274,19,,,0,55,,4262,19,,,0,15,,4265,19,,,0,15,,4280,19,,,0,15,,4256,19,,,0,55,,4275,19,,,0,15,,4269,19,,,0,15,,4266,19,,,0,15,,4260,19,,,0,55,,4257,19,,,0,15,,4276,19,,,0,15,,4253,19,,,0,15,,4267,19,,,0,55,,4279,19,,,0,15,,4258,19,,,0,15,,4277,19,,,0,15,,4272,19,,,0,55,,4268,19,,,0,15,,4252,19,,,0,15,,4259,19,,,0,15,,4278,19,,,0,55,,4261,19,,,0,15,,4250,19,,,0,30,,4281,19,,,0,68,,4287,19,,,0,30,,4282,19,,,0,70,,4288,19,,,0,30,,4284,19,,,0,70,,4289,19,,,0,30,,4290,19,,,0
1000,'Saturday',713,,4299,19,,,0,30,,4300,19,,,0,70,,4301,19,,,0,30,,4302,19,,,0,70,,4303,19,,,0,17,,4343,19,,,0,15,,4304,19,,,0,55,,4305,19,,,0,15,,4306,19,,,0,15,,4307,19,,,0,15,,4308,19,,,0,55,,4309,19,,,0,15,,4310,19,,,0,15,,4311,19,,,0,15,,4312,19,,,0,55,,4313,19,,,0,15,,4314,19,,,0,15,,4315,19,,,0,15,,4316,19,,,0,55,,4317,19,,,0,15,,4318,19,,,0,15,,4319,19,,,0,15,,4320,19,,,0,55,,4321,19,,,0,15,,4322,19,,,0,15,,4323,19,,,0,15,,4324,19,,,0,55,,4325,19,,,0,15,,4326,19,,,0,15,,4327,19,,,0,15,,4328,19,,,0,55,,4329,19,,,0,15,,4330,19,,,0,15,,4331,19,,,0,15,,4332,19,,,0,55,,4333,19,,,0,15,,4334,19,,,0,15,,4335,19,,,0,15,,4336,19,,,0,55,,4337,19,,,0,15,,4338,19,,,0,15,,4339,19,,,0,15,,4340,19,,,0,68,,4341,19,,,0,30,,4342,19,,,0,70,,4295,19,,,0,30,,4293,19,,,0,70,,4297,19,,,0,30,,4296,19,,,0,70,,4294,19,,,0,30,,4298,19,,,0
1000,'Sunday',817,,4386,19,,,0,30,,4380,19,,,0,70,,4385,19,,,0,28,,4377,19,,,0,70,,4379,19,,,0,30,,4357,19,,,0,55,,4345,19,,,0,15,,4348,19,,,0,15,,4367,19,,,0,15,,4365,19,,,0,55,,4358,19,,,0,15,,4364,19,,,0,15,,4349,19,,,0,15,,4368,19,,,0,55,,4356,19,,,0,15,,4359,19,,,0,15,,4374,19,,,0,15,,4350,19,,,0,55,,4369,19,,,0,15,,4363,19,,,0,15,,4360,19,,,0,15,,4354,19,,,0,55,,4351,19,,,0,15,,4370,19,,,0,15,,4347,19,,,0,15,,4361,19,,,0,55,,4373,19,,,0,15,,4352,19,,,0,15,,4371,19,,,0,15,,4366,19,,,0,55,,4362,19,,,0,15,,4346,19,,,0,15,,4353,19,,,0,15,,4372,19,,,0,55,,4355,19,,,0,15,,4344,19,,,0,30,,4375,19,,,0,68,,4381,19,,,0,30,,4376,19,,,0,70,,4382,19,,,0,30,,4378,19,,,0,70,,4383,19,,,0,30,,4384,19,,,0
1000,'Weekday',507,,4397,19,,,0,30,,4406,19,,,0,66,,4392,19,,,0,27,,4423,19,,,0,15,,4420,19,,,0,57,,4424,19,,,0,14,,4416,19,,,0,14,,4425,19,,,0,15,,4401,19,,,0,55,,4426,19,,,0,12,,4407,19,,,0,17,,4427,19,,,0,15,,4387,19,,,0,15,,4428,19,,,0,55,,4413,19,,,0,15,,4429,19,,,0,15,,4422,19,,,0,15,,4430,19,,,0,55,,4419,19,,,0,15,,4431,19,,,0,15,,4408,19,,,0,15,,4432,19,,,0,55,,4404,19,,,0,15,,4433,19,,,0,15,,4396,19,,,0,15,,4434,19,,,0,58,,4405,19,,,0,12,,4435,19,,,0,15,,4391,19,,,0,15,,4436,19,,,0,55,,4409,19,,,0,15,,4437,19,,,0,15,,4421,19,,,0,15,,4438,19,,,0,56,,4395,19,,,0,15,,4439,19,,,0,15,,4418,19,,,0,57,,4440,19,,,0,15,,4415,19,,,0,15,,4441,19,,,0,15,,4410,19,,,0,56,,4442,19,,,0,12,,4414,19,,,0,16,,4443,19,,,0,14,,4403,19,,,0,58,,4444,19,,,0,15,,4398,19,,,0,15,,4445,19,,,0,15,,4400,19,,,0,55,,4446,19,,,0,13,,4411,19,,,0,15,,4447,19,,,0,12,,4399,19,,,0,15,,4448,19,,,0,55,,4394,19,,,0,30,,4417,19,,,0,70,,4402,19,,,0,30,,4412,19,,,0,70,,4388,19,,,0,30,,4390,19,,,0,69,,4393,19,,,0,30,,4389,19,,,0
5000,'Saturday',2313,,5440,18,,,0,97,,5439,18,,,0,95,,5441,18,,,0
5000,'Weekday',2313,,5443,18,,,0,97,,5442,18,,,0,95,,5444,18,,,0
