100,'Holiday21111111',707,,2846,33,,,0,15,,2847,33,,,0,15,,2848,33,,,0,15,,2849,33,,,0,55,,2850,33,,,0,15,,2851,33,,,0,15,,2852,33,,,0,15,,2853,33,,,0,55,,2854,33,,,0,17,,2855,33,,,0,15,,2856,33,,,0,15,,2857,33,,,0,55,,2813,33,,,0,15,,2825,33,,,0,15,,2809,33,,,0,15,,2814,33,,,0,55,,2839,33,,,0,15,,2835,33,,,0,15,,2826,33,,,0,15,,2833,33,,,0,55,,2815,33,,,0,15,,2840,33,,,0,15,,2821,33,,,0,15,,2827,33,,,0,55,,2836,33,,,0,15,,2816,33,,,0,15,,2841,33,,,0,15,,2832,33,,,0,55,,2837,33,,,0,15,,2828,33,,,0,15,,2820,33,,,0,15,,2817,33,,,0,55,,2842,33,,,0,15,,2822,33,,,0,15,,2811,33,,,0,15,,2829,33,,,0,55,,2808,33,,,0,15,,2818,33,,,0,15,,2843,33,,,0,15,,2834,33,,,0,55,,2823,33,,,0,15,,2830,33,,,0,15,,2810,33,,,0,15,,2819,33,,,0,55,,2844,33,,,0,13,,2812,33,,,0,18,,2845,33,,,0,18,,2831,33,,,0,49,,2824,33,,,0,21,,2838,33,,,0,30,,2805,33,,,0,70,,2803,33,,,0,30,,2804,33,,,0,70,,2806,33,,,0,30,,2807,33,,,0,70,,2858,33,,,0,30,,2859,33,,,0
100,'Saturday',652,,2907,33,,,0,55,,2908,33,,,0,15,,2909,33,,,0,15,,2910,33,,,0,15,,2911,33,,,0,55,,2912,33,,,0,17,,2913,33,,,0,15,,2914,33,,,0,15,,2915,33,,,0,55,,2916,33,,,0,16,,2917,33,,,0,16,,2918,33,,,0,15,,2919,33,,,0,55,,2896,33,,,0,15,,2883,33,,,0,15,,2890,33,,,0,15,,2873,33,,,0,55,,2897,33,,,0,15,,2881,33,,,0,13,,2920,33,,,0,14,,2884,33,,,0,54,,2880,33,,,0,14,,2874,33,,,0,14,,2898,33,,,0,14,,2905,33,,,0,54,,2885,33,,,0,14,,2921,33,,,0,14,,2879,33,,,0,14,,2875,33,,,0,14,,2871,33,,,0,54,,2872,33,,,0,14,,2886,33,,,0,14,,2903,33,,,0,14,,2922,33,,,0,54,,2899,33,,,0,14,,2893,33,,,0,14,,2895,33,,,0,14,,2887,33,,,0,54,,2870,33,,,0,14,,2876,33,,,0,14,,2923,33,,,0,15,,2900,33,,,0,53,,2892,33,,,0,15,,2882,33,,,0,14,,2888,33,,,0,15,,2891,33,,,0,13,,2877,33,,,0,53,,2901,33,,,0,12,,2906,33,,,0,15,,2894,33,,,0,15,,2889,33,,,0,55,,2904,33,,,0,15,,2878,33,,,0,18,,2902,33,,,0,18,,2860,33,,,0,70,,2864,33,,,0,30,,2867,33,,,0,70,,2861,33,,,0,30,,2865,33,,,0,70,,2868,33,,,0,30,,2862,33,,,0,70,,2866,33,,,0,29,,2869,33,,,0,68,,2863,33,,,0
100,'Sunday',652,,2968,33,,,0,55,,2969,33,,,0,15,,2970,33,,,0,15,,2971,33,,,0,15,,2972,33,,,0,55,,2973,33,,,0,17,,2974,33,,,0,15,,2975,33,,,0,15,,2976,33,,,0,55,,2977,33,,,0,16,,2978,33,,,0,16,,2979,33,,,0,15,,2980,33,,,0,55,,2957,33,,,0,15,,2944,33,,,0,15,,2951,33,,,0,15,,2934,33,,,0,55,,2958,33,,,0,15,,2942,33,,,0,13,,2981,33,,,0,14,,2945,33,,,0,54,,2941,33,,,0,14,,2935,33,,,0,14,,2959,33,,,0,14,,2966,33,,,0,54,,2946,33,,,0,14,,2982,33,,,0,14,,2940,33,,,0,14,,2936,33,,,0,14,,2932,33,,,0,54,,2933,33,,,0,14,,2947,33,,,0,14,,2964,33,,,0,14,,2983,33,,,0,54,,2960,33,,,0,14,,2954,33,,,0,14,,2956,33,,,0,14,,2948,33,,,0,54,,2931,33,,,0,14,,2937,33,,,0,14,,2984,33,,,0,15,,2961,33,,,0,53,,2953,33,,,0,15,,2943,33,,,0,14,,2949,33,,,0,15,,2952,33,,,0,13,,2938,33,,,0,53,,2962,33,,,0,12,,2967,33,,,0,15,,2955,33,,,0,15,,2950,33,,,0,55,,2965,33,,,0,15,,2939,33,,,0,18,,2963,33,,,0,18,,2924,33,,,0,70,,2927,33,,,0,30,,2929,33,,,0,70,,2925,33,,,0,30,,2928,33,,,0,70,,2930,33,,,0,30,,2926,33,,,0
100,'Weekday',507,,3073,33,,,0,15,,3074,33,,,0,12,,3075,33,,,0,12,,3076,33,,,0,12,,3077,33,,,0,52,,3078,33,,,0,14,,3079,33,,,0,12,,3080,33,,,0,12,,3065,33,,,0,52,,3066,33,,,0,12,,3069,33,,,0,15,,3081,33,,,0,12,,3070,33,,,0,12,,3071,33,,,0,52,,3067,33,,,0,12,,3072,33,,,0,12,,3068,33,,,0,12,,3010,33,,,0,12,,3003,33,,,0,52,,3030,33,,,0,12,,3006,33,,,0,12,,3018,33,,,0,12,,3002,33,,,0,12,,3007,33,,,0,52,,3005,33,,,0,12,,3009,33,,,0,12,,3004,33,,,0,12,,3017,33,,,0,12,,3008,33,,,0,52,,3011,33,,,0,12,,3023,33,,,0,12,,3012,33,,,0,13,,3016,33,,,0,12,,3024,33,,,0,52,,3029,33,,,0,12,,3022,33,,,0,13,,3028,33,,,0,13,,3021,33,,,0,12,,3013,33,,,0,52,,3014,33,,,0,12,,3025,33,,,0,11,,3026,33,,,0,12,,3015,33,,,0,13,,3027,33,,,0,51,,3020,33,,,0,12,,3084,33,,,0,12,,3019,33,,,0,10,,3062,33,,,0,11,,3063,33,,,0,51,,3064,33,,,0,11,,3061,33,,,0,10,,3049,33,,,0,10,,3082,33,,,0,11,,3050,33,,,0,11,,3051,33,,,0,50,,3052,33,,,0,10,,3053,33,,,0,10,,3054,33,,,0,10,,3039,33,,,0,11,,3041,33,,,0,11,,3033,33,,,0,51,,3040,33,,,0,11,,3035,33,,,0,10,,3042,33,,,0,12,,3045,33,,,0,11,,3043,33,,,0,51,,3047,33,,,0,11,,3038,33,,,0,10,,3048,33,,,0,7,,3034,33,,,0,9,,3036,33,,,0,9,,3037,33,,,0,10,,3046,33,,,0,50,,3044,33,,,0,10,,3060,33,,,0,11,,3055,33,,,0,12,,3059,33,,,0,12,,3056,33,,,0,52,,3058,33,,,0,12,,3057,33,,,0,12,,3083,33,,,0,10,,2985,33,,,0,15,,2986,33,,,0,52,,2987,33,,,0,14,,2988,33,,,0,11,,2989,33,,,0,20,,2990,33,,,0,55,,2991,33,,,0,14,,2992,33,,,0,15,,2999,33,,,0,15,,2993,33,,,0,55,,3000,33,,,0,20,,2994,33,,,0,15,,2997,33,,,0,15,,2995,33,,,0,55,,2998,33,,,0,15,,2996,33,,,0,15,,3032,33,,,0,15,,3001,33,,,0,55,,3031,33,,,0
600,'Holiday21111111',849,,4111,2,,,0,106,,4112,2,,,0,100,,4113,2,,,0,100,,4114,2,,,0,100,,4115,2,,,0,100,,4116,2,,,0,102,,4117,2,,,0,100,,4118,2,,,0,100,,4119,2,,,0,100,,4120,2,,,0,101,,4121,2,,,0,143,,4122,2,,,0
600,'Saturday',749,,4137,2,,,0,100,,4136,2,,,0,106,,4135,2,,,0,100,,4134,2,,,0,100,,4133,2,,,0,100,,4132,2,,,0,100,,4131,2,,,0,100,,4130,2,,,0,100,,4129,2,,,0,100,,4128,2,,,0,100,,4127,2,,,0,100,,4126,2,,,0,100,,4125,2,,,0,100,,4124,2,,,0,100,,4123,2,,,0
600,'Sunday',849,,4138,2,,,0,106,,4139,2,,,0,100,,4140,2,,,0,100,,4141,2,,,0,100,,4142,2,,,0,100,,4143,2,,,0,102,,4144,2,,,0,100,,4145,2,,,0,100,,4146,2,,,0,100,,4147,2,,,0,100,,4148,2,,,0,100,,4149,2,,,0
600,'Weekday',556,,4150,2,,,0,70,,4151,2,,,0,30,,4152,2,,,0,71,,4153,2,,,0,25,,4154,2,,,0,75,,4155,2,,,0,30,,4156,2,,,0,70,,4157,2,,,0,30,,4158,2,,,0,70,,4159,2,,,0,30,,4160,2,,,0,70,,4161,2,,,0,30,,4162,2,,,0,70,,4163,2,,,0,30,,4164,2,,,0,70,,4165,2,,,0,30,,4166,2,,,0,65,,4167,2,,,0,35,,4168,2,,,0,70,,4169,2,,,0,31,,4170,2,,,0,70,,4171,2,,,0,74,,4172,2,,,0,30,,4173,2,,,0,69,,4174,2,,,0,30,,4175,2,,,0,26,,4176,2,,,0,70,,4177,2,,,0,30,,4178,2,,,0,100,,4179,2,,,0,100,,4180,2,,,0
5100,'Saturday',2304,,5451,2,,,0,97,,5450,2,,,0,55,,5449,2,,,0
5100,'Weekday',2304,,5454,2,,,0,97,,5453,2,,,0,55,,5452,2,,,0
8000,'Weekday',554,,5493,2,,,0,70,,5489,2,,,0,30,,5494,2,,,0,70,,5490,2,,,0,30,,5495,2,,,0,70,,5491,2,,,0,31,,5496,2,,,0,70,,5492,2,,,0,30,,5497,2,,,0,70,,5471,2,,,0,30,,5480,2,,,0,70,,5472,2,,,0,34,,5481,2,,,0,68,,5473,2,,,0,30,,5482,2,,,0,70,,5474,2,,,0,30,,5483,2,,,0,70,,5475,2,,,0,30,,5484,2,,,0,71,,5476,2,,,0,30,,5485,2,,,0,68,,5477,2,,,0,29,,5486,2,,,0,73,,5478,2,,,0,29,,5487,2,,,0,73,,5479,2,,,0,29,,5488,2,,,0
8100,'Weekday',537,,5534,2,,,0,70,,5539,2,,,0,31,,5535,2,,,0,71,,5540,2,,,0,30,,5536,2,,,0,73,,5541,2,,,0,33,,5537,2,,,0,72,,5542,2,,,0,30,,5538,2,,,0,69,,5545,2,,,0,30,,5546,2,,,0,70,,5547,2,,,0,30,,5548,2,,,0,69,,5549,2,,,0,30,,5550,2,,,0,70,,5551,2,,,0,30,,5552,2,,,0,67,,5553,2,,,0,30,,5554,2,,,0,66,,5543,2,,,0,30,,5544,2,,,0,67,,5528,2,,,0,29,,5532,2,,,0,76,,5530,2,,,0,29,,5529,2,,,0,75,,5533,2,,,0,29,,5531,2,,,0
