400,'Holiday21111111',1157,,7084,33,,,0,100,,7088,33,,,0,100,,7085,33,,,0,100,,7089,33,,,0,100,,7086,33,,,0,100,,7090,33,,,0,100,,7087,33,,,0
400,'Holiday3-505-1111111',857,,7091,33,,,0,100,,7097,33,,,0,100,,7092,33,,,0,100,,7098,33,,,0,100,,7093,33,,,0,100,,7099,33,,,0,100,,7094,33,,,0,100,,7100,33,,,0,100,,7095,33,,,0,100,,7101,33,,,0,100,,7096,33,,,0,100,,7102,33,,,0,98,,7103,33,,,0
400,'Saturday',857,,7104,33,,,0,100,,7110,33,,,0,100,,7105,33,,,0,100,,7111,33,,,0,100,,7106,33,,,0,100,,7112,33,,,0,100,,7107,33,,,0,100,,7113,33,,,0,100,,7108,33,,,0,100,,7114,33,,,0,100,,7109,33,,,0,100,,7115,33,,,0,98,,7116,33,,,0
400,'Sunday',1157,,7117,33,,,0,100,,7121,33,,,0,100,,7118,33,,,0,100,,7122,33,,,0,100,,7119,33,,,0,100,,7123,33,,,0,100,,7120,33,,,0
400,'Weekday',559,,7124,33,,,0,141,,7125,33,,,0,102,,7126,33,,,0,23,,7127,33,,,0,77,,7128,33,,,0,29,,7129,33,,,0,70,,7130,33,,,0,30,,7131,33,,,0,70,,7132,33,,,0,30,,7133,33,,,0,70,,7134,33,,,0,30,,7135,33,,,0,70,,7136,33,,,0,30,,7137,33,,,0,70,,7138,33,,,0,30,,7139,33,,,0,70,,7140,33,,,0,31,,7141,33,,,0,69,,7142,33,,,0,30,,7143,33,,,0,70,,7144,33,,,0,30,,7145,33,,,0,73,,7146,33,,,0,28,,7150,33,,,0,70,,7147,33,,,0,57,,7148,33,,,0,100,,7149,33,,,0
1000,'Holiday21111111',817,,7427,20,,,0,30,,7421,20,,,0,70,,7426,20,,,0,28,,7418,20,,,0,70,,7420,20,,,0,30,,7398,20,,,0,55,,7386,20,,,0,15,,7389,20,,,0,15,,7408,20,,,0,15,,7406,20,,,0,55,,7399,20,,,0,15,,7405,20,,,0,15,,7390,20,,,0,15,,7409,20,,,0,55,,7397,20,,,0,15,,7400,20,,,0,15,,7415,20,,,0,15,,7391,20,,,0,55,,7410,20,,,0,15,,7404,20,,,0,15,,7401,20,,,0,15,,7395,20,,,0,55,,7392,20,,,0,15,,7411,20,,,0,15,,7388,20,,,0,15,,7402,20,,,0,55,,7414,20,,,0,15,,7393,20,,,0,15,,7412,20,,,0,15,,7407,20,,,0,55,,7403,20,,,0,15,,7387,20,,,0,15,,7394,20,,,0,15,,7413,20,,,0,55,,7396,20,,,0,15,,7385,20,,,0,30,,7416,20,,,0,68,,7422,20,,,0,30,,7417,20,,,0,70,,7423,20,,,0,30,,7419,20,,,0,70,,7424,20,,,0,30,,7425,20,,,0
1000,'Holiday3-505-1111111',713,,7434,20,,,0,30,,7435,20,,,0,70,,7436,20,,,0,30,,7437,20,,,0,70,,7438,20,,,0,17,,7478,20,,,0,15,,7439,20,,,0,55,,7440,20,,,0,15,,7441,20,,,0,15,,7442,20,,,0,15,,7443,20,,,0,55,,7444,20,,,0,15,,7445,20,,,0,15,,7446,20,,,0,15,,7447,20,,,0,55,,7448,20,,,0,15,,7449,20,,,0,15,,7450,20,,,0,15,,7451,20,,,0,55,,7452,20,,,0,15,,7453,20,,,0,15,,7454,20,,,0,15,,7455,20,,,0,55,,7456,20,,,0,15,,7457,20,,,0,15,,7458,20,,,0,15,,7459,20,,,0,55,,7460,20,,,0,15,,7461,20,,,0,15,,7462,20,,,0,15,,7463,20,,,0,55,,7464,20,,,0,15,,7465,20,,,0,15,,7466,20,,,0,15,,7467,20,,,0,55,,7468,20,,,0,15,,7469,20,,,0,15,,7470,20,,,0,15,,7471,20,,,0,55,,7472,20,,,0,15,,7473,20,,,0,15,,7474,20,,,0,15,,7475,20,,,0,68,,7476,20,,,0,30,,7477,20,,,0,70,,7430,20,,,0,30,,7428,20,,,0,70,,7432,20,,,0,30,,7431,20,,,0,70,,7429,20,,,0,30,,7433,20,,,0
1000,'Saturday',713,,7485,20,,,0,30,,7486,20,,,0,70,,7487,20,,,0,30,,7488,20,,,0,70,,7489,20,,,0,17,,7529,20,,,0,15,,7490,20,,,0,55,,7491,20,,,0,15,,7492,20,,,0,15,,7493,20,,,0,15,,7494,20,,,0,55,,7495,20,,,0,15,,7496,20,,,0,15,,7497,20,,,0,15,,7498,20,,,0,55,,7499,20,,,0,15,,7500,20,,,0,15,,7501,20,,,0,15,,7502,20,,,0,55,,7503,20,,,0,15,,7504,20,,,0,15,,7505,20,,,0,15,,7506,20,,,0,55,,7507,20,,,0,15,,7508,20,,,0,15,,7509,20,,,0,15,,7510,20,,,0,55,,7511,20,,,0,15,,7512,20,,,0,15,,7513,20,,,0,15,,7514,20,,,0,55,,7515,20,,,0,15,,7516,20,,,0,15,,7517,20,,,0,15,,7518,20,,,0,55,,7519,20,,,0,15,,7520,20,,,0,15,,7521,20,,,0,15,,7522,20,,,0,55,,7523,20,,,0,15,,7524,20,,,0,15,,7525,20,,,0,15,,7526,20,,,0,68,,7527,20,,,0,30,,7528,20,,,0,70,,7481,20,,,0,30,,7479,20,,,0,70,,7483,20,,,0,30,,7482,20,,,0,70,,7480,20,,,0,30,,7484,20,,,0
1000,'Sunday',817,,7572,20,,,0,30,,7566,20,,,0,70,,7571,20,,,0,28,,7563,20,,,0,70,,7565,20,,,0,30,,7543,20,,,0,55,,7531,20,,,0,15,,7534,20,,,0,15,,7553,20,,,0,15,,7551,20,,,0,55,,7544,20,,,0,15,,7550,20,,,0,15,,7535,20,,,0,15,,7554,20,,,0,55,,7542,20,,,0,15,,7545,20,,,0,15,,7560,20,,,0,15,,7536,20,,,0,55,,7555,20,,,0,15,,7549,20,,,0,15,,7546,20,,,0,15,,7540,20,,,0,55,,7537,20,,,0,15,,7556,20,,,0,15,,7533,20,,,0,15,,7547,20,,,0,55,,7559,20,,,0,15,,7538,20,,,0,15,,7557,20,,,0,15,,7552,20,,,0,55,,7548,20,,,0,15,,7532,20,,,0,15,,7539,20,,,0,15,,7558,20,,,0,55,,7541,20,,,0,15,,7530,20,,,0,30,,7561,20,,,0,68,,7567,20,,,0,30,,7562,20,,,0,70,,7568,20,,,0,30,,7564,20,,,0,70,,7569,20,,,0,30,,7570,20,,,0
1000,'Weekday',507,,7583,20,,,0,30,,7592,20,,,0,66,,7578,20,,,0,27,,7609,20,,,0,15,,7606,20,,,0,55,,7610,20,,,0,10,,7602,20,,,0,17,,7611,20,,,0,15,,7587,20,,,0,15,,7612,20,,,0,55,,7593,20,,,0,17,,7613,20,,,0,15,,7573,20,,,0,15,,7614,20,,,0,55,,7599,20,,,0,15,,7615,20,,,0,15,,7608,20,,,0,15,,7616,20,,,0,55,,7605,20,,,0,15,,7617,20,,,0,15,,7594,20,,,0,15,,7618,20,,,0,55,,7590,20,,,0,15,,7619,20,,,0,15,,7582,20,,,0,15,,7620,20,,,0,58,,7591,20,,,0,12,,7621,20,,,0,15,,7577,20,,,0,15,,7622,20,,,0,55,,7595,20,,,0,15,,7623,20,,,0,15,,7607,20,,,0,15,,7624,20,,,0,56,,7581,20,,,0,15,,7625,20,,,0,15,,7604,20,,,0,57,,7626,20,,,0,15,,7601,20,,,0,15,,7627,20,,,0,15,,7596,20,,,0,56,,7628,20,,,0,12,,7600,20,,,0,16,,7629,20,,,0,14,,7589,20,,,0,58,,7630,20,,,0,15,,7584,20,,,0,15,,7631,20,,,0,15,,7586,20,,,0,55,,7632,20,,,0,13,,7597,20,,,0,15,,7633,20,,,0,12,,7585,20,,,0,15,,7634,20,,,0,55,,7580,20,,,0,30,,7603,20,,,0,70,,7588,20,,,0,30,,7598,20,,,0,70,,7574,20,,,0,30,,7576,20,,,0,69,,7579,20,,,0,30,,7575,20,,,0
5000,'Holiday3-505-1111111',2310,,8851,19,,,0,100,,8850,19,,,0,100,,8852,19,0,8 4 9 10,0
5000,'Saturday',2310,,8854,19,,,0,100,,8853,19,,,0,100,,8855,19,0,8 4 9 10,0
5000,'Weekday',2320,,8857,19,,,0,90,,8856,19,,,0,100,,8858,19,0,8 4 9 10,0
