200,'Saturday',645,,3186,4,,0,100,,3187,4,,0,100,,3188,4,,0,102,,3189,4,,0,70,,3202,4,,0,20,,3190,4,,0,20,,3216,4,,0,60,,3203,4,,0,20,,3191,4,,0,20,,3217,4,,0,60,,3204,4,,0,20,,3192,4,,0,20,,3218,4,,0,65,,3205,4,,0,20,,3193,4,,0,60,,3219,4,,0,20,,3206,4,,0,20,,3194,4,,0,60,,3220,4,,0,20,,3207,4,,0,25,,3195,4,,0,60,,3221,4,,0,20,,3208,4,,0,20,,3196,4,,0,60,,3222,4,,0,20,,3209,4,,0,20,,3197,4,,0,70,,3210,4,,0,30,,3198,4,,0,70,,3211,4,,0,28,,3199,4,,0,70,,3212,4,,0,30,,3200,4,,0,70,,3213,4,,0,30,,3201,4,,0,70,,3214,4,,0
200,'Sunday',815,,3223,4,,0,100,,3224,4,,0,102,,3225,4,,0,20,,3236,4,,0,20,,3249,4,,0,60,,3226,4,,0,20,,3237,4,,0,20,,3250,4,,0,60,,3227,4,,0,20,,3238,4,,0,20,,3251,4,,0,65,,3228,4,,0,20,,3239,4,,0,60,,3252,4,,0,20,,3229,4,,0,20,,3240,4,,0,60,,3253,4,,0,20,,3230,4,,0,25,,3241,4,,0,60,,3254,4,,0,20,,3231,4,,0,20,,3242,4,,0,60,,3255,4,,0,20,,3232,4,,0,20,,3243,4,,0,70,,3233,4,,0,30,,3244,4,,0,70,,3234,4,,0,28,,3245,4,,0,70,,3235,4,,0,30,,3246,4,,0,70,,3247,4,,0,30,,3248,4,,0
200,'Weekday',511,,3256,4,,0,30,,3258,4,,0,70,,3260,4,,0,28,,3289,4,,0,15,,3262,4,,0,55,,3263,4,,0,15,,3290,4,,0,18,,3264,4,,0,15,,3265,4,,0,55,,3266,4,,0,16,,3267,4,,0,15,,3268,4,,0,15,,3291,4,,0,55,,3269,4,,0,15,,3292,4,,0,15,,3270,4,,0,16,,3271,4,,0,54,,3293,4,,0,15,,3294,4,,0,15,,3295,4,,0,15,,3272,4,,0,55,,3296,4,,0,15,,3297,4,,0,17,,3273,4,,0,55,,3298,4,,0,15,,3274,4,,0,15,,3275,4,,0,15,,3299,4,,0,55,,3300,4,,0,15,,3276,4,,0,15,,3277,4,,0,15,,3301,4,,0,55,,3302,4,,0,15,,3278,4,,0,15,,3303,4,,0,15,,3304,4,,0,55,,3279,4,,0,15,,3305,4,,0,15,,3306,4,,0,15,,3307,4,,0,55,,3280,4,,0,15,,3281,4,,0,15,,3282,4,,0,15,,3308,4,,0,55,,3309,4,,0,15,,3310,4,,0,15,,3311,4,,0,15,,3283,4,,0,55,,3312,4,,0,16,,3284,4,,0,15,,3313,4,,0,12,,3285,4,,0,15,,3314,4,,0,59,,3315,4,,0,30,,3316,4,,0,70,,3288,4,,0,30,,3286,4,,0,70,,3257,4,,0,30,,3287,4,,0,72,,3259,4,,0,27,,3261,4,,0
201,'Saturday',632,,3318,,,0,100,,3319,,,0,100,,3320,,,0,70,,3348,,,0,30,,3321,,,0,70,,3335,,,0,20,,3322,,,0,20,,3349,,,0,60,,3336,,,0,20,,3323,,,0,20,,3350,,,0,65,,3337,,,0,20,,3324,,,0,20,,3351,,,0,60,,3338,,,0,20,,3325,,,0,20,,3352,,,0,60,,3339,,,0,20,,3326,,,0,25,,3353,,,0,60,,3340,,,0,20,,3327,,,0,20,,3354,,,0,60,,3341,,,0,20,,3328,,,0,20,,3355,,,0,60,,3342,,,0,20,,3329,,,0,70,,3343,,,0,30,,3330,,,0,70,,3344,,,0,30,,3331,,,0,70,,3345,,,0,30,,3332,,,0,70,,3346,,,0,30,,3333,,,0,70,,3347,,,0,30,,3334,,,0
201,'Sunday',732,,3356,,,0,100,,3357,,,0,70,,3380,,,0,30,,3358,,,0,70,,3369,,,0,20,,3359,,,0,20,,3389,,,0,60,,3370,,,0,20,,3360,,,0,20,,3390,,,0,65,,3371,,,0,20,,3361,,,0,20,,3388,,,0,60,,3372,,,0,20,,3362,,,0,20,,3386,,,0,60,,3373,,,0,20,,3363,,,0,25,,3384,,,0,60,,3374,,,0,20,,3364,,,0,20,,3385,,,0,60,,3375,,,0,20,,3365,,,0,20,,3387,,,0,60,,3376,,,0,20,,3366,,,0,70,,3377,,,0,30,,3367,,,0,70,,3378,,,0,30,,3368,,,0,70,,3379,,,0,30,,3381,,,0,70,,3382,,,0,30,,3383,,,0
201,'Weekday',501,,3415,,,0,29,,3416,,,0,28,,3417,,,0,55,,3418,,,0,15,,3392,,,0,15,,3419,,,0,15,,3420,,,0,55,,3393,,,0,15,,3421,,,0,15,,3394,,,0,15,,3395,,,0,55,,3422,,,0,15,,3423,,,0,15,,3424,,,0,15,,3396,,,0,55,,3425,,,0,18,,3397,,,0,15,,3426,,,0,55,,3427,,,0,15,,3428,,,0,15,,3429,,,0,15,,3398,,,0,55,,3430,,,0,17,,3431,,,0,15,,3399,,,0,15,,3432,,,0,55,,3433,,,0,15,,3400,,,0,15,,3434,,,0,15,,3401,,,0,55,,3435,,,0,15,,3402,,,0,15,,3403,,,0,13,,3436,,,0,55,,3437,,,0,15,,3404,,,0,15,,3438,,,0,17,,3439,,,0,58,,3440,,,0,15,,3441,,,0,15,,3405,,,0,15,,3442,,,0,53,,3406,,,0,15,,3443,,,0,15,,3407,,,0,15,,3444,,,0,56,,3445,,,0,14,,3446,,,0,14,,3447,,,0,15,,3448,,,0,55,,3408,,,0,15,,3449,,,0,18,,3409,,,0,70,,3411,,,0,30,,3413,,,0,70,,3450,,,0,30,,3412,,,0,70,,3410,,,0,30,,3414,,,0,70,,3451,,,0,30,,3391,,,0
300,'Saturday',728,,3452,4,,0,100,,3453,4,,0,100,,3454,4,,0,30,,3468,4,,0,73,,3455,4,,0,70,,3469,4,,0,20,,3456,4,,0,20,,3481,4,,0,60,,3470,4,,0,20,,3457,4,,0,20,,3482,4,,0,65,,3471,4,,0,20,,3458,4,,0,20,,3483,4,,0,60,,3472,4,,0,20,,3459,4,,0,20,,3484,4,,0,60,,3473,4,,0,20,,3460,4,,0,25,,3485,4,,0,60,,3474,4,,0,20,,3461,4,,0,20,,3486,4,,0,60,,3475,4,,0,20,,3462,4,,0,70,,3476,4,,0,27,,3463,4,,0,30,,3477,4,,0,70,,3464,4,,0,30,,3478,4,,0,70,,3465,4,,0,30,,3479,4,,0,69,,3466,4,,0,30,,3480,4,,0,70,,3467,4,,0
300,'Sunday',828,,3487,4,,0,100,,3488,4,,0,30,,3500,4,,0,73,,3489,4,,0,70,,3501,4,,0,20,,3490,4,,0,20,,3513,4,,0,60,,3502,4,,0,20,,3491,4,,0,20,,3514,4,,0,65,,3503,4,,0,20,,3492,4,,0,20,,3515,4,,0,60,,3504,4,,0,20,,3493,4,,0,20,,3518,4,,0,60,,3505,4,,0,20,,3494,4,,0,25,,3516,4,,0,60,,3506,4,,0,20,,3495,4,,0,20,,3517,4,,0,60,,3507,4,,0,20,,3496,4,,0,70,,3508,4,,0,27,,3497,4,,0,30,,3509,4,,0,70,,3498,4,,0,30,,3510,4,,0,70,,3499,4,,0,30,,3511,4,,0,69,,3512,4,,0
300,'Weekday',555,,3519,4,,0,71,,3561,4,,0,14,,3562,4,,0,15,,3521,4,,0,55,,3522,4,,0,16,,3523,4,,0,17,,3563,4,,0,13,,3564,4,,0,55,,3524,4,,0,16,,3525,4,,0,15,,3526,4,,0,15,,3527,4,,0,55,,3528,4,,0,17,,3565,4,,0,15,,3529,4,,0,15,,3566,4,,0,55,,3530,4,,0,20,,3531,4,,0,18,,3532,4,,0,55,,3533,4,,0,15,,3567,4,,0,15,,3534,4,,0,15,,3535,4,,0,55,,3536,4,,0,15,,3568,4,,0,15,,3537,4,,0,15,,3569,4,,0,55,,3538,4,,0,15,,3539,4,,0,15,,3570,4,,0,15,,3571,4,,0,55,,3572,4,,0,15,,3573,4,,0,15,,3574,4,,0,15,,3540,4,,0,55,,3541,4,,0,15,,3542,4,,0,15,,3543,4,,0,15,,3544,4,,0,57,,3575,4,,0,15,,3545,4,,0,15,,3576,4,,0,15,,3577,4,,0,54,,3546,4,,0,15,,3547,4,,0,15,,3548,4,,0,15,,3578,4,,0,55,,3579,4,,0,15,,3556,4,,0,11,,3555,4,,0,15,,3549,4,,0,55,,3559,4,,0,14,,3554,4,,0,16,,3550,4,,0,70,,3551,4,,0,30,,3560,4,,0,69,,3553,4,,0,31,,3558,4,,0,70,,3557,4,,0,28,,3552,4,,0,70,,3520,4,,0
301,'Saturday',549,,3596,,,0,100,,3580,,,0,100,,3581,,,0,100,,3582,,,0,70,,3610,,,0,30,,3597,,,0,70,,3583,,,0,20,,3598,,,0,20,,3612,,,0,60,,3584,,,0,20,,3599,,,0,20,,3613,,,0,65,,3585,,,0,20,,3600,,,0,60,,3614,,,0,20,,3586,,,0,20,,3601,,,0,60,,3615,,,0,20,,3587,,,0,25,,3602,,,0,60,,3616,,,0,20,,3588,,,0,20,,3603,,,0,60,,3611,,,0,20,,3589,,,0,20,,3604,,,0,70,,3590,,,0,30,,3605,,,0,70,,3591,,,0,30,,3606,,,0,70,,3592,,,0,30,,3607,,,0,70,,3593,,,0,30,,3608,,,0,70,,3594,,,0,30,,3609,,,0,70,,3595,,,0
301,'Sunday',719,,3617,,,0,100,,3618,,,0,100,,3619,,,0,20,,3630,,,0,20,,3644,,,0,60,,3620,,,0,20,,3631,,,0,20,,3645,,,0,60,,3621,,,0,20,,3632,,,0,20,,3646,,,0,65,,3622,,,0,20,,3633,,,0,60,,3647,,,0,20,,3623,,,0,20,,3634,,,0,60,,3648,,,0,20,,3624,,,0,25,,3635,,,0,60,,3649,,,0,20,,3625,,,0,20,,3636,,,0,60,,3650,,,0,20,,3626,,,0,20,,3637,,,0,70,,3627,,,0,30,,3638,,,0,70,,3628,,,0,30,,3639,,,0,70,,3629,,,0,30,,3640,,,0,70,,3641,,,0,30,,3642,,,0,70,,3643,,,0
301,'Weekday',448,,3703,,,0,70,,3683,,,0,28,,3652,,,0,70,,3654,,,0,15,,3701,,,0,15,,3712,,,0,13,,3682,,,0,55,,3655,,,0,15,,3700,,,0,15,,3709,,,0,15,,3656,,,0,55,,3706,,,0,16,,3704,,,0,15,,3657,,,0,55,,3707,,,0,15,,3711,,,0,15,,3705,,,0,15,,3658,,,0,55,,3659,,,0,15,,3681,,,0,15,,3680,,,0,15,,3660,,,0,14,,3710,,,0,56,,3697,,,0,15,,3661,,,0,15,,3662,,,0,55,,3692,,,0,15,,3663,,,0,15,,3696,,,0,14,,3664,,,0,14,,3665,,,0,54,,3690,,,0,14,,3666,,,0,14,,3667,,,0,14,,3689,,,0,55,,3668,,,0,15,,3669,,,0,15,,3670,,,0,15,,3708,,,0,55,,3694,,,0,15,,3702,,,0,15,,3691,,,0,15,,3671,,,0,55,,3687,,,0,16,,3672,,,0,15,,3673,,,0,15,,3686,,,0,56,,3674,,,0,14,,3695,,,0,15,,3675,,,0,15,,3685,,,0,63,,3676,,,0,12,,3699,,,0,19,,3677,,,0,53,,3678,,,0,17,,3679,,,0,30,,3698,,,0,70,,3713,,,0,30,,3688,,,0,70,,3684,,,0,30,,3693,,,0,70,,3653,,,0,30,,3651,,,0
600,'Saturday',815,,3819,4,,0,100,,3818,4,,0,106,,3817,4,,0,100,,3816,4,,0,100,,3815,4,,0,100,,3814,4,,0,100,,3813,4,,0,100,,3812,4,,0,100,,3811,4,,0,100,,3810,4,,0,100,,3809,4,,0,100,,3808,4,,0,100,,3807,4,,0,100,,3806,4,,0,100,,3805,4,,0
600,'Sunday',915,,3820,4,,0,106,,3821,4,,0,100,,3822,4,,0,100,,3823,4,,0,100,,3824,4,,0,100,,3825,4,,0,102,,3826,4,,0,100,,3827,4,,0,100,,3828,4,,0,100,,3829,4,,0,100,,3830,4,,0,100,,3831,4,,0
600,'Weekday',624,,3832,4,,0,30,,3833,4,,0,70,,3834,4,,0,32,,3835,4,,0,65,,3836,4,,0,35,,3837,4,,0,70,,3838,4,,0,28,,3839,4,,0,70,,3840,4,,0,30,,3841,4,,0,70,,3842,4,,0,30,,3843,4,,0,70,,3844,4,,0,30,,3845,4,,0,70,,3846,4,,0,30,,3847,4,,0,70,,3848,4,,0,25,,3849,4,,0,77,,3850,4,,0,30,,3851,4,,0,71,,3852,4,,0,30,,3853,4,,0,74,,3854,4,,0,70,,3855,4,,0,26,,3856,4,,0,30,,3857,4,,0,66,,3858,4,,0,30,,3859,4,,0,70,,3860,4,,0,100,,3861,4,,0,100,,3862,4,,0
601,'Saturday',716,,3877,,,0,100,,3876,,,0,100,,3875,,,0,110,,3874,,,0,100,,3873,,,0,100,,3872,,,0,100,,3871,,,0,100,,3870,,,0,100,,3869,,,0,100,,3868,,,0,100,,3867,,,0,100,,3866,,,0,100,,3865,,,0,100,,3864,,,0,100,,3863,,,0
601,'Sunday',816,,3878,,,0,100,,3879,,,0,113,,3880,,,0,100,,3881,,,0,100,,3882,,,0,100,,3883,,,0,104,,3884,,,0,100,,3885,,,0,100,,3886,,,0,100,,3887,,,0,100,,3888,,,0,100,,3889,,,0
601,'Weekday',525,,3890,,,0,100,,3891,,,0,30,,3892,,,0,70,,3893,,,0,75,,3894,,,0,30,,3895,,,0,70,,3896,,,0,30,,3897,,,0,25,,3898,,,0,70,,3899,,,0,30,,3900,,,0,70,,3901,,,0,30,,3902,,,0,70,,3903,,,0,30,,3904,,,0,70,,3905,,,0,30,,3906,,,0,70,,3907,,,0,33,,3908,,,0,70,,3909,,,0,30,,3910,,,0,70,,3911,,,0,30,,3912,,,0,74,,3913,,,0,70,,3914,,,0,30,,3915,,,0,70,,3916,,,0,26,,3917,,,0,100,,3918,,,0,100,,3919,,,0
1100,'Saturday',811,,4229,4,,0,30,,4244,4,,0,70,,4230,4,,0,30,,4245,4,,0,70,,4231,4,,0,30,,4246,4,,0,70,,4232,4,,0,30,,4247,4,,0,70,,4233,4,,0,30,,4248,4,,0,70,,4234,4,,0,30,,4249,4,,0,70,,4235,4,,0,30,,4250,4,,0,70,,4236,4,,0,30,,4251,4,,0,70,,4237,4,,0,30,,4252,4,,0,70,,4238,4,,0,30,,4253,4,,0,70,,4239,4,,0,30,,4254,4,,0,70,,4240,4,,0,30,,4255,4,,0,70,,4241,4,,0,30,,4256,4,,0,70,,4242,4,,0,30,,4257,4,,0,70,,4243,4,,0
1100,'Sunday',811,,4284,4,,0,30,,4285,4,,0,70,,4268,4,,0,30,,4269,4,,0,70,,4267,4,,0,30,,4270,4,,0,70,,4266,4,,0,30,,4271,4,,0,70,,4265,4,,0,30,,4272,4,,0,70,,4264,4,,0,30,,4273,4,,0,70,,4263,4,,0,30,,4274,4,,0,70,,4262,4,,0,30,,4275,4,,0,70,,4261,4,,0,30,,4276,4,,0,70,,4260,4,,0,30,,4277,4,,0,70,,4259,4,,0,30,,4278,4,,0,70,,4258,4,,0,30,,4279,4,,0,70,,4280,4,,0,30,,4281,4,,0,70,,4282,4,,0,30,,4283,4,,0
1100,'Weekday',542,,4286,4,,0,61,,4287,4,,0,23,,4288,4,,0,10,,4341,4,,0,23,,4289,4,,0,50,,4342,4,,0,15,,4290,4,,0,15,,4291,4,,0,15,,4292,4,,0,55,,4293,4,,0,17,,4294,4,,0,18,,4295,4,,0,15,,4296,4,,0,55,,4297,4,,0,14,,4330,4,,0,15,,4298,4,,0,15,,4331,4,,0,55,,4299,4,,0,15,,4332,4,,0,15,,4300,4,,0,15,,4333,4,,0,55,,4301,4,,0,15,,4334,4,,0,15,,4302,4,,0,15,,4335,4,,0,55,,4303,4,,0,15,,4336,4,,0,15,,4304,4,,0,15,,4337,4,,0,55,,4305,4,,0,15,,4338,4,,0,15,,4306,4,,0,15,,4339,4,,0,55,,4307,4,,0,19,,4340,4,,0,15,,4308,4,,0,55,,4309,4,,0,15,,4310,4,,0,20,,4311,4,,0,65,,4312,4,,0,15,,4313,4,,0,20,,4314,4,,0,20,,4315,4,,0,55,,4316,4,,0,20,,4317,4,,0,20,,4318,4,,0,60,,4319,4,,0,13,,4320,4,,0,20,,4321,4,,0,70,,4322,4,,0,30,,4323,4,,0,70,,4324,4,,0,28,,4325,4,,0,70,,4326,4,,0,30,,4327,4,,0,70,,4328,4,,0,30,,4329,4,,0
1101,'Saturday',708,,4357,,,0,30,,4358,,,0,70,,4343,,,0,30,,4359,,,0,70,,4344,,,0,30,,4360,,,0,70,,4345,,,0,30,,4361,,,0,70,,4346,,,0,30,,4362,,,0,70,,4347,,,0,30,,4363,,,0,70,,4348,,,0,30,,4364,,,0,70,,4349,,,0,30,,4365,,,0,70,,4350,,,0,30,,4366,,,0,70,,4351,,,0,30,,4367,,,0,70,,4352,,,0,30,,4368,,,0,70,,4353,,,0,30,,4369,,,0,70,,4354,,,0,32,,4370,,,0,70,,4355,,,0,30,,4371,,,0,70,,4356,,,0,30,,4372,,,0
1101,'Sunday',808,,4385,,,0,30,,4384,,,0,70,,4383,,,0,30,,4386,,,0,70,,4382,,,0,30,,4387,,,0,70,,4381,,,0,30,,4388,,,0,70,,4389,,,0,30,,4380,,,0,70,,4390,,,0,30,,4379,,,0,70,,4378,,,0,30,,4391,,,0,70,,4377,,,0,30,,4392,,,0,70,,4393,,,0,30,,4376,,,0,70,,4394,,,0,30,,4375,,,0,70,,4395,,,0,30,,4374,,,0,70,,4373,,,0,32,,4396,,,0,70,,4397,,,0,30,,4398,,,0,70,,4399,,,0
1101,'Weekday',504,,4400,,,0,30,,4401,,,0,66,,4402,,,0,13,,4454,,,0,15,,4403,,,0,15,,4455,,,0,15,,4404,,,0,55,,4405,,,0,15,,4406,,,0,15,,4407,,,0,15,,4408,,,0,55,,4409,,,0,12,,4410,,,0,18,,4411,,,0,15,,4445,,,0,57,,4412,,,0,15,,4446,,,0,15,,4413,,,0,55,,4447,,,0,15,,4414,,,0,15,,4448,,,0,15,,4415,,,0,55,,4449,,,0,15,,4416,,,0,15,,4450,,,0,15,,4417,,,0,55,,4451,,,0,15,,4418,,,0,15,,4452,,,0,15,,4419,,,0,55,,4453,,,0,15,,4420,,,0,15,,4443,,,0,15,,4421,,,0,55,,4444,,,0,15,,4422,,,0,20,,4423,,,0,18,,4424,,,0,55,,4425,,,0,20,,4426,,,0,15,,4427,,,0,60,,4428,,,0,20,,4429,,,0,20,,4430,,,0,60,,4431,,,0,20,,4432,,,0,20,,4433,,,0,72,,4434,,,0,30,,4435,,,0,70,,4436,,,0,30,,4437,,,0,70,,4438,,,0,30,,4439,,,0,70,,4440,,,0,30,,4441,,,0,70,,4442,,,0
2500,'Saturday',735,,4655,4,,0,70,,4654,4,,0,30,,4656,4,,0,70,,4653,4,,0,30,,4657,4,,0,70,,4652,4,,0,30,,4658,4,,0,70,,4651,4,,0,30,,4659,4,,0,70,,4650,4,,0,30,,4660,4,,0,70,,4649,4,,0,30,,4661,4,,0,70,,4648,4,,0,30,,4662,4,,0,70,,4647,4,,0,30,,4663,4,,0,70,,4646,4,,0,30,,4664,4,,0,70,,4645,4,,0,30,,4665,4,,0,70,,4644,4,,0,32,,4666,4,,0,70,,4643,4,,0,30,,4667,4,,0,70,,4642,4,,0,30,,4668,4,,0,70,,4670,4,,0,30,,4669,4,,0,70,,4671,4,,0
2500,'Sunday',805,,4672,4,,0,30,,4684,4,,0,70,,4673,4,,0,30,,4685,4,,0,70,,4674,4,,0,30,,4686,4,,0,70,,4675,4,,0,30,,4687,4,,0,70,,4676,4,,0,30,,4688,4,,0,70,,4677,4,,0,30,,4689,4,,0,70,,4678,4,,0,30,,4690,4,,0,70,,4679,4,,0,30,,4691,4,,0,70,,4680,4,,0,30,,4692,4,,0,70,,4681,4,,0,30,,4693,4,,0,70,,4682,4,,0,32,,4694,4,,0,70,,4683,4,,0,30,,4695,4,,0,70,,4696,4,,0,30,,4697,4,,0,70,,4698,4,,0,30,,4699,4,,0
2500,'Weekday',528,,4700,4,,0,28,,4701,4,,0,67,,4702,4,,0,30,,4703,4,,0,66,,4704,4,,0,15,,4705,4,,0,15,,4706,4,,0,55,,4707,4,,0,15,,4708,4,,0,20,,4709,4,,0,15,,4710,4,,0,55,,4711,4,,0,30,,4712,4,,0,70,,4713,4,,0,30,,4714,4,,0,70,,4715,4,,0,30,,4716,4,,0,70,,4717,4,,0,30,,4718,4,,0,70,,4719,4,,0,30,,4720,4,,0,70,,4721,4,,0,33,,4722,4,,0,13,,4723,4,,0,55,,4724,4,,0,15,,4725,4,,0,15,,4726,4,,0,15,,4727,4,,0,55,,4728,4,,0,15,,4729,4,,0,15,,4730,4,,0,15,,4731,4,,0,55,,4732,4,,0,15,,4733,4,,0,15,,4734,4,,0,15,,4735,4,,0,57,,4736,4,,0,28,,4737,4,,0,70,,4738,4,,0,30,,4739,4,,0,70,,4740,4,,0,30,,4741,4,,0,70,,4742,4,,0,30,,4743,4,,0,70,,4744,4,,0,28,,4745,4,,0,70,,4746,4,,0,30,,4747,4,,0
2501,'Saturday',713,,4760,,,0,30,,4761,,,0,70,,4759,,,0,30,,4762,,,0,70,,4758,,,0,30,,4763,,,0,70,,4757,,,0,30,,4764,,,0,70,,4756,,,0,30,,4765,,,0,70,,4755,,,0,30,,4766,,,0,70,,4754,,,0,30,,4767,,,0,70,,4753,,,0,30,,4768,,,0,70,,4752,,,0,30,,4769,,,0,70,,4751,,,0,30,,4770,,,0,70,,4750,,,0,30,,4771,,,0,70,,4749,,,0,30,,4772,,,0,70,,4748,,,0,30,,4773,,,0,70,,4775,,,0,30,,4774,,,0,70,,4776,,,0,30,,4777,,,0
2501,'Sunday',743,,4789,,,0,70,,4778,,,0,30,,4790,,,0,70,,4779,,,0,30,,4791,,,0,70,,4780,,,0,30,,4792,,,0,70,,4781,,,0,30,,4793,,,0,70,,4782,,,0,30,,4794,,,0,70,,4783,,,0,30,,4795,,,0,70,,4784,,,0,30,,4796,,,0,70,,4785,,,0,30,,4797,,,0,70,,4786,,,0,30,,4798,,,0,70,,4787,,,0,30,,4799,,,0,70,,4788,,,0,30,,4800,,,0,70,,4801,,,0,30,,4802,,,0,70,,4803,,,0,30,,4804,,,0,70,,4805,,,0
2501,'Weekday',508,,4806,,,0,35,,4807,,,0,63,,4808,,,0,25,,4809,,,0,71,,4810,,,0,15,,4811,,,0,15,,4812,,,0,15,,4813,,,0,56,,4814,,,0,15,,4815,,,0,15,,4816,,,0,16,,4817,,,0,70,,4818,,,0,30,,4819,,,0,70,,4820,,,0,30,,4821,,,0,70,,4822,,,0,30,,4823,,,0,70,,4824,,,0,30,,4825,,,0,70,,4826,,,0,30,,4827,,,0,68,,4828,,,0,15,,4829,,,0,15,,4830,,,0,55,,4831,,,0,15,,4832,,,0,15,,4833,,,0,15,,4834,,,0,55,,4835,,,0,15,,4836,,,0,15,,4837,,,0,15,,4838,,,0,55,,4839,,,0,15,,4840,,,0,15,,4841,,,0,15,,4842,,,0,72,,4843,,,0,30,,4844,,,0,70,,4845,,,0,30,,4846,,,0,70,,4847,,,0,30,,4848,,,0,70,,4849,,,0,30,,4850,,,0,70,,4851,,,0,30,,4852,,,0,68,,4853,,,0
5200,'Saturday',2318,,4881,,,0,97,,4882,,,0,95,,4880,,,0
5200,'Weekday',2318,,4885,,,0,97,,4884,,,0,95,,4883,,,0
