1000,'Holiday21111111',823,,4292,35,,,0,30,,4286,35,,,0,70,,4291,35,,,0,29,,4283,35,,,0,70,,4285,35,,,0,30,,4263,35,,,0,55,,4251,35,,,0,15,,4254,35,,,0,15,,4273,35,,,0,15,,4271,35,,,0,55,,4264,35,,,0,15,,4270,35,,,0,15,,4255,35,,,0,15,,4274,35,,,0,55,,4262,35,,,0,15,,4265,35,,,0,15,,4280,35,,,0,15,,4256,35,,,0,55,,4275,35,,,0,15,,4269,35,,,0,15,,4266,35,,,0,15,,4260,35,,,0,55,,4257,35,,,0,15,,4276,35,,,0,15,,4253,35,,,0,15,,4267,35,,,0,55,,4279,35,,,0,15,,4258,35,,,0,15,,4277,35,,,0,15,,4272,35,,,0,55,,4268,35,,,0,15,,4252,35,,,0,15,,4259,35,,,0,15,,4278,35,,,0,55,,4261,35,,,0,15,,4250,35,,,0,30,,4281,35,,,0,67,,4287,35,,,0,30,,4282,35,,,0,70,,4288,35,,,0,30,,4284,35,,,0,70,,4289,35,,,0,30,,4290,35,,,0
1000,'Saturday',719,,4299,35,,,0,30,,4300,35,,,0,70,,4301,35,,,0,30,,4302,35,,,0,70,,4303,35,,,0,18,,4343,35,,,0,15,,4304,35,,,0,55,,4305,35,,,0,15,,4306,35,,,0,15,,4307,35,,,0,15,,4308,35,,,0,55,,4309,35,,,0,15,,4310,35,,,0,15,,4311,35,,,0,15,,4312,35,,,0,55,,4313,35,,,0,15,,4314,35,,,0,15,,4315,35,,,0,15,,4316,35,,,0,55,,4317,35,,,0,15,,4318,35,,,0,15,,4319,35,,,0,15,,4320,35,,,0,55,,4321,35,,,0,15,,4322,35,,,0,15,,4323,35,,,0,15,,4324,35,,,0,55,,4325,35,,,0,15,,4326,35,,,0,15,,4327,35,,,0,15,,4328,35,,,0,55,,4329,35,,,0,15,,4330,35,,,0,15,,4331,35,,,0,15,,4332,35,,,0,55,,4333,35,,,0,15,,4334,35,,,0,15,,4335,35,,,0,15,,4336,35,,,0,55,,4337,35,,,0,15,,4338,35,,,0,15,,4339,35,,,0,15,,4340,35,,,0,67,,4341,35,,,0,30,,4342,35,,,0,70,,4295,35,,,0,30,,4293,35,,,0,70,,4297,35,,,0,30,,4296,35,,,0,70,,4294,35,,,0,30,,4298,35,,,0
1000,'Sunday',823,,4386,35,,,0,30,,4380,35,,,0,70,,4385,35,,,0,29,,4377,35,,,0,70,,4379,35,,,0,30,,4357,35,,,0,55,,4345,35,,,0,15,,4348,35,,,0,15,,4367,35,,,0,15,,4365,35,,,0,55,,4358,35,,,0,15,,4364,35,,,0,15,,4349,35,,,0,15,,4368,35,,,0,55,,4356,35,,,0,15,,4359,35,,,0,15,,4374,35,,,0,15,,4350,35,,,0,55,,4369,35,,,0,15,,4363,35,,,0,15,,4360,35,,,0,15,,4354,35,,,0,55,,4351,35,,,0,15,,4370,35,,,0,15,,4347,35,,,0,15,,4361,35,,,0,55,,4373,35,,,0,15,,4352,35,,,0,15,,4371,35,,,0,15,,4366,35,,,0,55,,4362,35,,,0,15,,4346,35,,,0,15,,4353,35,,,0,15,,4372,35,,,0,55,,4355,35,,,0,15,,4344,35,,,0,30,,4375,35,,,0,67,,4381,35,,,0,30,,4376,35,,,0,70,,4382,35,,,0,30,,4378,35,,,0,70,,4383,35,,,0,30,,4384,35,,,0
1000,'Weekday',513,,4397,35,,,0,30,,4406,35,,,0,66,,4392,35,,,0,27,,4423,35,,,0,15,,4420,35,,,0,57,,4424,35,,,0,15,,4416,35,,,0,14,,4425,35,,,0,16,,4401,35,,,0,55,,4426,35,,,0,12,,4407,35,,,0,17,,4427,35,,,0,15,,4387,35,,,0,55,,4428,35,,,0,14,,4413,35,,,0,15,,4429,35,,,0,15,,4422,35,,,0,55,,4430,35,,,0,15,,4419,35,,,0,15,,4431,35,,,0,15,,4408,35,,,0,55,,4432,35,,,0,15,,4404,35,,,0,15,,4433,35,,,0,15,,4396,35,,,0,55,,4434,35,,,0,18,,4405,35,,,0,12,,4435,35,,,0,15,,4391,35,,,0,55,,4436,35,,,0,15,,4409,35,,,0,15,,4437,35,,,0,15,,4421,35,,,0,55,,4438,35,,,0,17,,4395,35,,,0,15,,4439,35,,,0,15,,4418,35,,,0,57,,4440,35,,,0,15,,4415,35,,,0,15,,4441,35,,,0,15,,4410,35,,,0,56,,4442,35,,,0,11,,4414,35,,,0,16,,4443,35,,,0,14,,4403,35,,,0,58,,4444,35,,,0,15,,4398,35,,,0,15,,4445,35,,,0,15,,4400,35,,,0,55,,4446,35,,,0,12,,4411,35,,,0,15,,4447,35,,,0,12,,4399,35,,,0,55,,4448,35,,,0,15,,4394,35,,,0,30,,4417,35,,,0,70,,4402,35,,,0,30,,4412,35,,,0,70,,4388,35,,,0,30,,4390,35,,,0,69,,4393,35,,,0,30,,4389,35,,,0
2501,'Holiday21111111',758,,5312,24,,,0,70,,5301,24,,,0,30,,5313,24,,,0,70,,5302,24,,,0,30,,5314,24,,,0,70,,5303,24,,,0,30,,5315,24,,,0,70,,5304,24,,,0,30,,5316,24,,,0,70,,5305,24,,,0,30,,5317,24,,,0,70,,5306,24,,,0,30,,5318,24,,,0,70,,5307,24,,,0,30,,5319,24,,,0,70,,5308,24,,,0,30,,5320,24,,,0,70,,5309,24,,,0,30,,5321,24,,,0,70,,5310,24,,,0,30,,5322,24,,,0,70,,5311,24,,,0,30,,5323,24,,,0,70,,5324,24,,,0,30,,5325,24,,,0,70,,5326,24,,,0,30,,5327,24,,,0,70,,5328,24,,,0
2501,'Saturday',728,,5341,24,,,0,30,,5342,24,,,0,70,,5340,24,,,0,30,,5343,24,,,0,70,,5339,24,,,0,30,,5344,24,,,0,70,,5338,24,,,0,30,,5345,24,,,0,70,,5337,24,,,0,30,,5346,24,,,0,70,,5336,24,,,0,30,,5347,24,,,0,70,,5335,24,,,0,30,,5348,24,,,0,70,,5334,24,,,0,30,,5349,24,,,0,70,,5333,24,,,0,30,,5350,24,,,0,70,,5332,24,,,0,30,,5351,24,,,0,70,,5331,24,,,0,30,,5352,24,,,0,70,,5330,24,,,0,30,,5353,24,,,0,70,,5329,24,,,0,30,,5354,24,,,0,70,,5356,24,,,0,30,,5355,24,,,0,70,,5357,24,,,0,30,,5358,24,,,0
2501,'Sunday',758,,5370,24,,,0,70,,5359,24,,,0,30,,5371,24,,,0,70,,5360,24,,,0,30,,5372,24,,,0,70,,5361,24,,,0,30,,5373,24,,,0,70,,5362,24,,,0,30,,5374,24,,,0,70,,5363,24,,,0,30,,5375,24,,,0,70,,5364,24,,,0,30,,5376,24,,,0,70,,5365,24,,,0,30,,5377,24,,,0,70,,5366,24,,,0,30,,5378,24,,,0,70,,5367,24,,,0,30,,5379,24,,,0,70,,5368,24,,,0,30,,5380,24,,,0,70,,5369,24,,,0,30,,5381,24,,,0,70,,5382,24,,,0,30,,5383,24,,,0,70,,5384,24,,,0,30,,5385,24,,,0,70,,5386,24,,,0
2501,'Weekday',521,,5387,24,,,0,35,,5388,24,,,0,66,,5389,24,,,0,25,,5390,24,,,0,71,,5391,24,,,0,15,,5392,24,,,0,15,,5393,24,,,0,55,,5394,24,,,0,16,,5395,24,,,0,15,,5396,24,,,0,15,,5397,24,,,0,56,,5398,24,,,0,30,,5399,24,,,0,70,,5400,24,,,0,30,,5401,24,,,0,70,,5402,24,,,0,30,,5403,24,,,0,70,,5404,24,,,0,30,,5405,24,,,0,70,,5406,24,,,0,30,,5407,24,,,0,70,,5408,24,,,0,28,,5409,24,,,0,16,,5410,24,,,0,55,,5411,24,,,0,17,,5412,24,,,0,15,,5413,24,,,0,15,,5414,24,,,0,55,,5415,24,,,0,15,,5416,24,,,0,15,,5417,24,,,0,15,,5418,24,,,0,55,,5419,24,,,0,14,,5420,24,,,0,15,,5421,24,,,0,15,,5422,24,,,0,55,,5423,24,,,0,29,,5424,24,,,0,70,,5425,24,,,0,28,,5426,24,,,0,70,,5427,24,,,0,30,,5428,24,,,0,70,,5429,24,,,0,30,,5430,24,,,0,70,,5431,24,,,0,29,,5432,24,,,0,70,,5433,24,,,0,28,,5434,24,,,0
5000,'Saturday',2319,,5440,34,,,0,97,,5439,34,,,0,95,,5441,34,,,0
5000,'Weekday',2319,,5443,34,,,0,97,,5442,34,,,0,95,,5444,34,,,0
