1101,'Holiday21111111',819,,8064,13,,,0,30,,8063,13,,,0,70,,8062,13,,,0,30,,8065,13,,,0,74,,8061,13,,,0,30,,8066,13,,,0,70,,8060,13,,,0,30,,8067,13,,,0,70,,8068,13,,,0,30,,8059,13,,,0,70,,8069,13,,,0,30,,8058,13,,,0,70,,8057,13,,,0,30,,8070,13,,,0,70,,8056,13,,,0,30,,8071,13,,,0,70,,8072,13,,,0,30,,8055,13,,,0,70,,8073,13,,,0,30,,8054,13,,,0,70,,8074,13,,,0,30,,8053,13,,,0,70,,8052,13,,,0,30,,8075,13,,,0,70,,8076,13,,,0,30,,8077,13,,,0,70,,8078,13,,,0
1101,'Holiday3-505-1111111',719,,8093,13,,,0,30,,8094,13,,,0,70,,8079,13,,,0,30,,8095,13,,,0,70,,8080,13,,,0,30,,8096,13,,,0,70,,8081,13,,,0,30,,8097,13,,,0,70,,8082,13,,,0,30,,8098,13,,,0,70,,8083,13,,,0,30,,8099,13,,,0,70,,8084,13,,,0,30,,8100,13,,,0,70,,8085,13,,,0,30,,8101,13,,,0,70,,8086,13,,,0,30,,8102,13,,,0,70,,8087,13,,,0,30,,8103,13,,,0,70,,8088,13,,,0,30,,8104,13,,,0,70,,8089,13,,,0,30,,8105,13,,,0,70,,8090,13,,,0,32,,8106,13,,,0,70,,8091,13,,,0,30,,8107,13,,,0,70,,8092,13,,,0,30,,8108,13,,,0
1101,'Saturday',719,,8123,13,,,0,30,,8124,13,,,0,70,,8109,13,,,0,30,,8125,13,,,0,70,,8110,13,,,0,30,,8126,13,,,0,70,,8111,13,,,0,30,,8127,13,,,0,70,,8112,13,,,0,30,,8128,13,,,0,70,,8113,13,,,0,30,,8129,13,,,0,70,,8114,13,,,0,30,,8130,13,,,0,70,,8115,13,,,0,30,,8131,13,,,0,70,,8116,13,,,0,30,,8132,13,,,0,70,,8117,13,,,0,30,,8133,13,,,0,70,,8118,13,,,0,30,,8134,13,,,0,70,,8119,13,,,0,30,,8135,13,,,0,70,,8120,13,,,0,32,,8136,13,,,0,70,,8121,13,,,0,30,,8137,13,,,0,70,,8122,13,,,0,30,,8138,13,,,0
1101,'Sunday',819,,8151,13,,,0,30,,8150,13,,,0,70,,8149,13,,,0,30,,8152,13,,,0,70,,8148,13,,,0,30,,8153,13,,,0,70,,8147,13,,,0,30,,8154,13,,,0,70,,8155,13,,,0,30,,8146,13,,,0,70,,8156,13,,,0,30,,8145,13,,,0,70,,8144,13,,,0,30,,8157,13,,,0,70,,8143,13,,,0,30,,8158,13,,,0,70,,8159,13,,,0,30,,8142,13,,,0,70,,8160,13,,,0,30,,8141,13,,,0,70,,8161,13,,,0,30,,8140,13,,,0,70,,8139,13,,,0,32,,8162,13,,,0,70,,8163,13,,,0,30,,8164,13,,,0,70,,8165,13,,,0
1101,'Weekday',514,,8166,13,,,0,28,,8167,13,,,0,66,,8168,13,,,0,15,,8220,13,,,0,15,,8169,13,,,0,15,,8221,13,,,0,55,,8170,13,,,0,14,,8171,13,,,0,15,,8172,13,,,0,15,,8173,13,,,0,55,,8174,13,,,0,16,,8175,13,,,0,15,,8176,13,,,0,20,,8177,13,,,0,52,,8211,13,,,0,17,,8178,13,,,0,15,,8212,13,,,0,15,,8179,13,,,0,55,,8213,13,,,0,15,,8180,13,,,0,15,,8214,13,,,0,15,,8181,13,,,0,55,,8215,13,,,0,15,,8182,13,,,0,15,,8216,13,,,0,15,,8183,13,,,0,55,,8217,13,,,0,15,,8184,13,,,0,15,,8218,13,,,0,15,,8185,13,,,0,55,,8219,13,,,0,15,,8186,13,,,0,15,,8209,13,,,0,15,,8187,13,,,0,56,,8210,13,,,0,15,,8188,13,,,0,20,,8189,13,,,0,58,,8190,13,,,0,15,,8191,13,,,0,20,,8192,13,,,0,15,,8193,13,,,0,60,,8194,13,,,0,20,,8195,13,,,0,20,,8196,13,,,0,60,,8197,13,,,0,20,,8198,13,,,0,20,,8199,13,,,0,71,,8200,13,,,0,30,,8201,13,,,0,70,,8202,13,,,0,30,,8203,13,,,0,70,,8204,13,,,0,30,,8205,13,,,0,69,,8206,13,,,0,30,,8207,13,,,0,70,,8208,13,,,0
5100,'Holiday3-505-1111111',2323,,8867,40,4,,0,97,,8866,40,4,,0,100,,8865,40,4,,0
5100,'Saturday',2323,,8870,40,4,,0,97,,8869,40,4,,0,100,,8868,40,4,,0
5100,'Weekday',2333,,8873,40,4,,0,87,,8872,40,4,,0,100,,8871,40,4,,0
5101,'Holiday3-505-1111111',2323,,8875,1,,,0,97,,8874,1,,,0,100,,8876,1,0,16 17 4 18 10,0
5101,'Saturday',2323,,8878,1,,,0,97,,8877,1,,,0,100,,8879,1,0,16 17 4 18 10,0
5101,'Weekday',2333,,8881,1,,,0,87,,8880,1,,,0,100,,8882,1,0,16 17 4 18 10,0
