201,'Holiday21111111',745,,6496,22,,,0,100,,6497,22,,,0,70,,6520,22,,,0,30,,6498,22,,,0,70,,6509,22,,,0,30,,6499,22,,,0,70,,6510,22,,,0,30,,6500,22,,,0,70,,6511,22,,,0,30,,6501,22,,,0,70,,6512,22,,,0,30,,6502,22,,,0,70,,6513,22,,,0,30,,6503,22,,,0,70,,6514,22,,,0,30,,6504,22,,,0,70,,6515,22,,,0,30,,6505,22,,,0,70,,6516,22,,,0,30,,6506,22,,,0,72,,6517,22,,,0,30,,6507,22,,,0,70,,6518,22,,,0,33,,6508,22,,,0,70,,6519,22,,,0,30,,6522,22,,,0,70,,6523,22,,,0,30,,6521,22,,,0
201,'Holiday3-505-1111111',645,,6524,22,,,0,100,,6525,22,,,0,100,,6526,22,,,0,70,,6554,22,,,0,30,,6527,22,,,0,71,,6541,22,,,0,20,,6528,22,,,0,20,,6555,22,,,0,60,,6542,22,,,0,20,,6529,22,,,0,20,,6556,22,,,0,65,,6543,22,,,0,20,,6530,22,,,0,60,,6557,22,,,0,20,,6544,22,,,0,20,,6531,22,,,0,60,,6558,22,,,0,20,,6545,22,,,0,20,,6532,22,,,0,65,,6559,22,,,0,20,,6546,22,,,0,20,,6533,22,,,0,60,,6560,22,,,0,20,,6547,22,,,0,20,,6534,22,,,0,60,,6561,22,,,0,20,,6548,22,,,0,20,,6535,22,,,0,69,,6549,22,,,0,30,,6536,22,,,0,70,,6550,22,,,0,30,,6537,22,,,0,70,,6551,22,,,0,30,,6538,22,,,0,70,,6552,22,,,0,30,,6539,22,,,0,70,,6553,22,,,0,30,,6540,22,,,0
201,'Saturday',645,,6562,22,,,0,100,,6563,22,,,0,100,,6564,22,,,0,70,,6592,22,,,0,30,,6565,22,,,0,71,,6579,22,,,0,20,,6566,22,,,0,20,,6593,22,,,0,60,,6580,22,,,0,20,,6567,22,,,0,20,,6594,22,,,0,65,,6581,22,,,0,20,,6568,22,,,0,60,,6595,22,,,0,20,,6582,22,,,0,20,,6569,22,,,0,60,,6596,22,,,0,20,,6583,22,,,0,20,,6570,22,,,0,65,,6597,22,,,0,20,,6584,22,,,0,20,,6571,22,,,0,60,,6598,22,,,0,20,,6585,22,,,0,20,,6572,22,,,0,60,,6599,22,,,0,20,,6586,22,,,0,20,,6573,22,,,0,69,,6587,22,,,0,30,,6574,22,,,0,70,,6588,22,,,0,30,,6575,22,,,0,70,,6589,22,,,0,30,,6576,22,,,0,70,,6590,22,,,0,30,,6577,22,,,0,70,,6591,22,,,0,30,,6578,22,,,0
201,'Sunday',745,,6600,22,,,0,100,,6601,22,,,0,70,,6624,22,,,0,30,,6602,22,,,0,71,,6613,22,,,0,20,,6603,22,,,0,20,,6633,22,,,0,60,,6614,22,,,0,20,,6604,22,,,0,20,,6634,22,,,0,65,,6615,22,,,0,20,,6605,22,,,0,60,,6632,22,,,0,20,,6616,22,,,0,20,,6606,22,,,0,60,,6630,22,,,0,20,,6617,22,,,0,20,,6607,22,,,0,65,,6628,22,,,0,20,,6618,22,,,0,20,,6608,22,,,0,60,,6629,22,,,0,20,,6619,22,,,0,20,,6609,22,,,0,60,,6631,22,,,0,20,,6620,22,,,0,20,,6610,22,,,0,69,,6621,22,,,0,30,,6611,22,,,0,70,,6622,22,,,0,30,,6612,22,,,0,70,,6623,22,,,0,30,,6625,22,,,0,70,,6626,22,,,0,30,,6627,22,,,0
201,'Weekday',514,,6659,22,,,0,27,,6660,22,,,0,70,,6661,22,,,0,15,,6662,22,,,0,15,,6636,22,,,0,15,,6663,22,,,0,55,,6664,22,,,0,15,,6637,22,,,0,15,,6665,22,,,0,15,,6638,22,,,0,55,,6639,22,,,0,15,,6666,22,,,0,15,,6667,22,,,0,15,,6668,22,,,0,55,,6640,22,,,0,15,,6669,22,,,0,15,,6641,22,,,0,60,,6670,22,,,0,15,,6671,22,,,0,15,,6672,22,,,0,15,,6673,22,,,0,55,,6642,22,,,0,15,,6674,22,,,0,15,,6675,22,,,0,15,,6643,22,,,0,55,,6676,22,,,0,15,,6677,22,,,0,15,,6644,22,,,0,15,,6678,22,,,0,55,,6645,22,,,0,15,,6679,22,,,0,15,,6646,22,,,0,15,,6647,22,,,0,55,,6680,22,,,0,15,,6681,22,,,0,15,,6648,22,,,0,15,,6682,22,,,0,55,,6683,22,,,0,17,,6684,22,,,0,15,,6685,22,,,0,15,,6649,22,,,0,55,,6686,22,,,0,15,,6650,22,,,0,15,,6687,22,,,0,15,,6651,22,,,0,55,,6688,22,,,0,15,,6689,22,,,0,15,,6690,22,,,0,15,,6691,22,,,0,55,,6692,22,,,0,13,,6652,22,,,0,17,,6693,22,,,0,16,,6653,22,,,0,70,,6655,22,,,0,30,,6657,22,,,0,70,,6694,22,,,0,30,,6656,22,,,0,70,,6654,22,,,0,30,,6658,22,,,0,70,,6695,22,,,0,30,,6635,22,,,0
1201,'Holiday21111111',815,,8381,27,,,0,100,,8382,27,,,0,30,,8380,27,,,0,70,,8383,27,,,0,33,,8379,27,,,0,67,,8384,27,,,0,30,,8378,27,,,0,70,,8385,27,,,0,30,,8377,27,,,0,70,,8386,27,,,0,30,,8376,27,,,0,70,,8387,27,,,0,33,,8375,27,,,0,67,,8388,27,,,0,30,,8374,27,,,0,70,,8389,27,,,0,30,,8373,27,,,0,70,,8390,27,,,0,30,,8372,27,,,0,73,,8397,27,,,0,30,,8398,27,,,0,70,,8394,27,,,0,30,,8393,27,,,0,69,,8392,27,,,0,30,,8391,27,,,0,70,,8396,27,,,0,30,,8395,27,,,0
1201,'Holiday3-505-1111111',743,,8413,27,,,0,70,,8416,27,,,0,30,,8412,27,,,0,70,,8417,27,,,0,30,,8411,27,,,0,70,,8418,27,,,0,35,,8410,27,,,0,65,,8419,27,,,0,30,,8409,27,,,0,70,,8420,27,,,0,30,,8408,27,,,0,70,,8421,27,,,0,30,,8407,27,,,0,70,,8422,27,,,0,35,,8406,27,,,0,65,,8423,27,,,0,30,,8405,27,,,0,70,,8424,27,,,0,30,,8404,27,,,0,70,,8425,27,,,0,30,,8403,27,,,0,70,,8426,27,,,0,30,,8402,27,,,0,70,,8427,27,,,0,30,,8401,27,,,0,69,,8415,27,,,0,30,,8400,27,,,0,70,,8414,27,,,0,30,,8399,27,,,0,70,,8428,27,,,0
1201,'Saturday',743,,8443,27,,,0,70,,8446,27,,,0,30,,8442,27,,,0,70,,8447,27,,,0,30,,8441,27,,,0,70,,8448,27,,,0,35,,8440,27,,,0,65,,8449,27,,,0,30,,8439,27,,,0,70,,8450,27,,,0,30,,8438,27,,,0,70,,8451,27,,,0,30,,8437,27,,,0,70,,8452,27,,,0,35,,8436,27,,,0,65,,8453,27,,,0,30,,8435,27,,,0,70,,8454,27,,,0,30,,8434,27,,,0,70,,8455,27,,,0,30,,8433,27,,,0,70,,8456,27,,,0,30,,8432,27,,,0,70,,8457,27,,,0,30,,8431,27,,,0,69,,8445,27,,,0,30,,8430,27,,,0,70,,8444,27,,,0,30,,8429,27,,,0,70,,8458,27,,,0
1201,'Sunday',813,,8468,27,,,0,100,,8469,27,,,0,30,,8467,27,,,0,70,,8470,27,,,0,35,,8466,27,,,0,65,,8471,27,,,0,30,,8465,27,,,0,70,,8472,27,,,0,30,,8464,27,,,0,70,,8473,27,,,0,30,,8463,27,,,0,70,,8474,27,,,0,35,,8462,27,,,0,65,,8475,27,,,0,30,,8461,27,,,0,70,,8476,27,,,0,30,,8460,27,,,0,70,,8477,27,,,0,30,,8459,27,,,0,70,,8478,27,,,0,35,,8479,27,,,0,70,,8480,27,,,0,30,,8481,27,,,0,69,,8482,27,,,0,30,,8483,27,,,0,70,,8484,27,,,0,30,,8485,27,,,0
1201,'Weekday',515,,8486,27,,,0,99,,8487,27,,,0,30,,8488,27,,,0,73,,8489,27,,,0,31,,8490,27,,,0,76,,8491,27,,,0,28,,8492,27,,,0,68,,8493,27,,,0,30,,8494,27,,,0,70,,8495,27,,,0,30,,8496,27,,,0,71,,8497,27,,,0,30,,8498,27,,,0,70,,8499,27,,,0,30,,8500,27,,,0,70,,8501,27,,,0,30,,8502,27,,,0,70,,8503,27,,,0,32,,8504,27,,,0,60,,8505,27,,,0,24,,8506,27,,,0,65,,8507,27,,,0,25,,8508,27,,,0,20,,8509,27,,,0,65,,8510,27,,,0,25,,8520,27,,,0,19,,8521,27,,,0,65,,8511,27,,,0,30,,8515,27,,,0,69,,8512,27,,,0,28,,8517,27,,,0,69,,8513,27,,,0,28,,8516,27,,,0,70,,8514,27,,,0,29,,8518,27,,,0,70,,8519,27,,,0
8700,'Weekday',607,,9010,15,,,0,45,,9011,15,,,0,85,,9012,15,,,0,86,,9013,15,,,0,85,,9014,15,,,0,601,,9015,15,,,0,45,,9016,15,,,0,85,,9017,15,,,0,85,,9018,15,,,0,85,,9019,15,,,0,44,,9020,15,,,0
