100,'Holiday21111111',708,,2846,35,,,0,15,,2847,35,,,0,15,,2848,35,,,0,15,,2849,35,,,0,55,,2850,35,,,0,15,,2851,35,,,0,15,,2852,35,,,0,15,,2853,35,,,0,55,,2854,35,,,0,17,,2855,35,,,0,15,,2856,35,,,0,15,,2857,35,,,0,55,,2813,35,,,0,15,,2825,35,,,0,15,,2809,35,,,0,15,,2814,35,,,0,55,,2839,35,,,0,15,,2835,35,,,0,15,,2826,35,,,0,15,,2833,35,,,0,55,,2815,35,,,0,15,,2840,35,,,0,15,,2821,35,,,0,15,,2827,35,,,0,55,,2836,35,,,0,15,,2816,35,,,0,15,,2841,35,,,0,15,,2832,35,,,0,55,,2837,35,,,0,15,,2828,35,,,0,15,,2820,35,,,0,15,,2817,35,,,0,55,,2842,35,,,0,15,,2822,35,,,0,15,,2811,35,,,0,15,,2829,35,,,0,55,,2808,35,,,0,15,,2818,35,,,0,15,,2843,35,,,0,15,,2834,35,,,0,55,,2823,35,,,0,15,,2830,35,,,0,15,,2810,35,,,0,15,,2819,35,,,0,55,,2844,35,,,0,13,,2812,35,,,0,18,,2845,35,,,0,18,,2831,35,,,0,49,,2824,35,,,0,21,,2838,35,,,0,30,,2805,35,,,0,70,,2803,35,,,0,30,,2804,35,,,0,70,,2806,35,,,0,30,,2807,35,,,0,70,,2858,35,,,0,30,,2859,35,,,0
100,'Saturday',653,,2907,35,,,0,55,,2908,35,,,0,15,,2909,35,,,0,15,,2910,35,,,0,15,,2911,35,,,0,55,,2912,35,,,0,17,,2913,35,,,0,15,,2914,35,,,0,15,,2915,35,,,0,55,,2916,35,,,0,16,,2917,35,,,0,16,,2918,35,,,0,15,,2919,35,,,0,55,,2896,35,,,0,15,,2883,35,,,0,15,,2890,35,,,0,15,,2873,35,,,0,55,,2897,35,,,0,15,,2881,35,,,0,13,,2920,35,,,0,14,,2884,35,,,0,54,,2880,35,,,0,14,,2874,35,,,0,14,,2898,35,,,0,14,,2905,35,,,0,54,,2885,35,,,0,14,,2921,35,,,0,14,,2879,35,,,0,14,,2875,35,,,0,54,,2871,35,,,0,14,,2872,35,,,0,14,,2886,35,,,0,14,,2903,35,,,0,14,,2922,35,,,0,54,,2899,35,,,0,14,,2893,35,,,0,14,,2895,35,,,0,14,,2887,35,,,0,54,,2870,35,,,0,14,,2876,35,,,0,14,,2923,35,,,0,15,,2900,35,,,0,53,,2892,35,,,0,15,,2882,35,,,0,14,,2888,35,,,0,15,,2891,35,,,0,13,,2877,35,,,0,53,,2901,35,,,0,12,,2906,35,,,0,15,,2894,35,,,0,15,,2889,35,,,0,55,,2904,35,,,0,15,,2878,35,,,0,18,,2902,35,,,0,58,,2860,35,,,0,30,,2864,35,,,0,70,,2867,35,,,0,30,,2861,35,,,0,70,,2865,35,,,0,30,,2868,35,,,0,70,,2862,35,,,0,30,,2866,35,,,0,29,,2869,35,,,0,67,,2863,35,,,0
100,'Sunday',653,,2968,35,,,0,55,,2969,35,,,0,15,,2970,35,,,0,15,,2971,35,,,0,15,,2972,35,,,0,55,,2973,35,,,0,17,,2974,35,,,0,15,,2975,35,,,0,15,,2976,35,,,0,55,,2977,35,,,0,16,,2978,35,,,0,16,,2979,35,,,0,15,,2980,35,,,0,55,,2957,35,,,0,15,,2944,35,,,0,15,,2951,35,,,0,15,,2934,35,,,0,55,,2958,35,,,0,15,,2942,35,,,0,13,,2981,35,,,0,14,,2945,35,,,0,54,,2941,35,,,0,14,,2935,35,,,0,14,,2959,35,,,0,14,,2966,35,,,0,54,,2946,35,,,0,14,,2982,35,,,0,14,,2940,35,,,0,14,,2936,35,,,0,54,,2932,35,,,0,14,,2933,35,,,0,14,,2947,35,,,0,14,,2964,35,,,0,14,,2983,35,,,0,54,,2960,35,,,0,14,,2954,35,,,0,14,,2956,35,,,0,14,,2948,35,,,0,54,,2931,35,,,0,14,,2937,35,,,0,14,,2984,35,,,0,15,,2961,35,,,0,53,,2953,35,,,0,15,,2943,35,,,0,14,,2949,35,,,0,15,,2952,35,,,0,13,,2938,35,,,0,53,,2962,35,,,0,12,,2967,35,,,0,15,,2955,35,,,0,15,,2950,35,,,0,55,,2965,35,,,0,15,,2939,35,,,0,18,,2963,35,,,0,58,,2924,35,,,0,30,,2927,35,,,0,70,,2929,35,,,0,30,,2925,35,,,0,70,,2928,35,,,0,30,,2930,35,,,0,70,,2926,35,,,0
100,'Weekday',508,,3073,35,,,0,15,,3074,35,,,0,12,,3075,35,,,0,12,,3076,35,,,0,12,,3077,35,,,0,52,,3078,35,,,0,14,,3079,35,,,0,12,,3080,35,,,0,12,,3065,35,,,0,52,,3066,35,,,0,12,,3069,35,,,0,15,,3081,35,,,0,12,,3070,35,,,0,12,,3071,35,,,0,52,,3067,35,,,0,12,,3072,35,,,0,12,,3068,35,,,0,12,,3010,35,,,0,12,,3003,35,,,0,52,,3030,35,,,0,12,,3006,35,,,0,12,,3018,35,,,0,12,,3002,35,,,0,12,,3007,35,,,0,52,,3005,35,,,0,12,,3009,35,,,0,12,,3004,35,,,0,12,,3017,35,,,0,12,,3008,35,,,0,52,,3011,35,,,0,12,,3023,35,,,0,12,,3012,35,,,0,13,,3016,35,,,0,12,,3024,35,,,0,52,,3029,35,,,0,12,,3022,35,,,0,13,,3028,35,,,0,13,,3021,35,,,0,12,,3013,35,,,0,52,,3014,35,,,0,12,,3025,35,,,0,11,,3026,35,,,0,12,,3015,35,,,0,13,,3027,35,,,0,51,,3020,35,,,0,12,,3084,35,,,0,12,,3019,35,,,0,10,,3062,35,,,0,11,,3063,35,,,0,51,,3064,35,,,0,11,,3061,35,,,0,10,,3049,35,,,0,10,,3082,35,,,0,11,,3050,35,,,0,11,,3051,35,,,0,50,,3052,35,,,0,10,,3053,35,,,0,10,,3054,35,,,0,10,,3039,35,,,0,11,,3041,35,,,0,11,,3033,35,,,0,51,,3040,35,,,0,11,,3035,35,,,0,10,,3042,35,,,0,12,,3045,35,,,0,11,,3043,35,,,0,51,,3047,35,,,0,11,,3038,35,,,0,10,,3048,35,,,0,7,,3034,35,,,0,9,,3036,35,,,0,9,,3037,35,,,0,10,,3046,35,,,0,50,,3044,35,,,0,10,,3060,35,,,0,11,,3055,35,,,0,12,,3059,35,,,0,12,,3056,35,,,0,52,,3058,35,,,0,12,,3057,35,,,0,12,,3083,35,,,0,10,,2985,35,,,0,15,,2986,35,,,0,52,,2987,35,,,0,14,,2988,35,,,0,11,,2989,35,,,0,19,,2990,35,,,0,55,,2991,35,,,0,14,,2992,35,,,0,15,,2999,35,,,0,15,,2993,35,,,0,55,,3000,35,,,0,20,,2994,35,,,0,15,,2997,35,,,0,15,,2995,35,,,0,55,,2998,35,,,0,15,,2996,35,,,0,15,,3032,35,,,0,15,,3001,35,,,0,55,,3031,35,,,0
600,'Holiday21111111',850,,4111,4,,,0,106,,4112,4,,,0,100,,4113,4,,,0,100,,4114,4,,,0,100,,4115,4,,,0,100,,4116,4,,,0,102,,4117,4,,,0,100,,4118,4,,,0,100,,4119,4,,,0,100,,4120,4,,,0,101,,4121,4,,,0,143,,4122,4,,,0
600,'Saturday',750,,4137,4,,,0,100,,4136,4,,,0,106,,4135,4,,,0,100,,4134,4,,,0,100,,4133,4,,,0,100,,4132,4,,,0,100,,4131,4,,,0,100,,4130,4,,,0,100,,4129,4,,,0,100,,4128,4,,,0,100,,4127,4,,,0,100,,4126,4,,,0,100,,4125,4,,,0,100,,4124,4,,,0,100,,4123,4,,,0
600,'Sunday',850,,4138,4,,,0,106,,4139,4,,,0,100,,4140,4,,,0,100,,4141,4,,,0,100,,4142,4,,,0,100,,4143,4,,,0,102,,4144,4,,,0,100,,4145,4,,,0,100,,4146,4,,,0,100,,4147,4,,,0,100,,4148,4,,,0,100,,4149,4,,,0
600,'Weekday',557,,4150,4,,,0,70,,4151,4,,,0,30,,4152,4,,,0,71,,4153,4,,,0,25,,4154,4,,,0,75,,4155,4,,,0,30,,4156,4,,,0,70,,4157,4,,,0,30,,4158,4,,,0,70,,4159,4,,,0,30,,4160,4,,,0,70,,4161,4,,,0,30,,4162,4,,,0,70,,4163,4,,,0,30,,4164,4,,,0,70,,4165,4,,,0,30,,4166,4,,,0,65,,4167,4,,,0,35,,4168,4,,,0,70,,4169,4,,,0,31,,4170,4,,,0,70,,4171,4,,,0,74,,4172,4,,,0,30,,4173,4,,,0,69,,4174,4,,,0,30,,4175,4,,,0,26,,4176,4,,,0,70,,4177,4,,,0,30,,4178,4,,,0,100,,4179,4,,,0,100,,4180,4,,,0
5100,'Saturday',2304,,5451,4,,,0,97,,5450,4,,,0,55,,5449,4,,,0
5100,'Weekday',2304,,5454,4,,,0,97,,5453,4,,,0,55,,5452,4,,,0
8000,'Weekday',555,,5493,4,,,0,70,,5489,4,,,0,30,,5494,4,,,0,70,,5490,4,,,0,30,,5495,4,,,0,70,,5491,4,,,0,31,,5496,4,,,0,70,,5492,4,,,0,30,,5497,4,,,0,70,,5471,4,,,0,30,,5480,4,,,0,70,,5472,4,,,0,74,,5481,4,,,0,28,,5473,4,,,0,30,,5482,4,,,0,70,,5474,4,,,0,30,,5483,4,,,0,70,,5475,4,,,0,30,,5484,4,,,0,71,,5476,4,,,0,30,,5485,4,,,0,68,,5477,4,,,0,29,,5486,4,,,0,73,,5478,4,,,0,29,,5487,4,,,0,73,,5479,4,,,0,69,,5488,4,,,0
8100,'Weekday',538,,5534,4,,,0,70,,5539,4,,,0,31,,5535,4,,,0,71,,5540,4,,,0,30,,5536,4,,,0,73,,5541,4,,,0,33,,5537,4,,,0,72,,5542,4,,,0,30,,5538,4,,,0,69,,5545,4,,,0,30,,5546,4,,,0,70,,5547,4,,,0,30,,5548,4,,,0,69,,5549,4,,,0,30,,5550,4,,,0,70,,5551,4,,,0,30,,5552,4,,,0,67,,5553,4,,,0,30,,5554,4,,,0,66,,5543,4,,,0,30,,5544,4,,,0,67,,5528,4,,,0,29,,5532,4,,,0,76,,5530,4,,,0,29,,5529,4,,,0,75,,5533,4,,,0,29,,5531,4,,,0
