600,'Holiday21111111',907,,7215,34,,,0,106,,7216,34,,,0,100,,7217,34,,,0,100,,7218,34,,,0,100,,7219,34,,,0,100,,7220,34,,,0,102,,7221,34,,,0,100,,7222,34,,,0,100,,7223,34,,,0,100,,7224,34,,,0,101,,7225,34,,,0,103,,7226,34,,,0
600,'Holiday3-505-1111111',807,,7241,34,,,0,100,,7240,34,,,0,106,,7239,34,,,0,100,,7238,34,,,0,100,,7237,34,,,0,100,,7236,34,,,0,100,,7235,34,,,0,100,,7234,34,,,0,100,,7233,34,,,0,100,,7232,34,,,0,100,,7231,34,,,0,100,,7230,34,,,0,100,,7229,34,,,0,100,,7228,34,,,0,100,,7227,34,,,0
600,'Saturday',807,,7256,34,,,0,100,,7255,34,,,0,106,,7254,34,,,0,100,,7253,34,,,0,100,,7252,34,,,0,100,,7251,34,,,0,100,,7250,34,,,0,100,,7249,34,,,0,100,,7248,34,,,0,100,,7247,34,,,0,100,,7246,34,,,0,100,,7245,34,,,0,100,,7244,34,,,0,100,,7243,34,,,0,100,,7242,34,,,0
600,'Sunday',907,,7257,34,,,0,106,,7258,34,,,0,100,,7259,34,,,0,100,,7260,34,,,0,100,,7261,34,,,0,100,,7262,34,,,0,102,,7263,34,,,0,100,,7264,34,,,0,100,,7265,34,,,0,100,,7266,34,,,0,100,,7267,34,,,0,100,,7268,34,,,0
600,'Weekday',613,,7269,34,,,0,32,,7270,34,,,0,70,,7271,34,,,0,32,,7272,34,,,0,69,,7273,34,,,0,32,,7274,34,,,0,70,,7275,34,,,0,28,,7276,34,,,0,70,,7277,34,,,0,30,,7278,34,,,0,70,,7279,34,,,0,30,,7280,34,,,0,70,,7281,34,,,0,30,,7282,34,,,0,70,,7283,34,,,0,30,,7284,34,,,0,70,,7285,34,,,0,27,,7286,34,,,0,73,,7287,34,,,0,34,,7288,34,,,0,79,,7298,34,,,0,73,,7296,34,,,0,26,,7295,34,,,0,26,,7293,34,,,0,68,,7299,34,,,0,29,,7297,34,,,0,69,,7294,34,,,0,30,,7289,34,,,0,69,,7290,34,,,0,100,,7291,34,,,0,100,,7292,34,,,0
1101,'Holiday21111111',810,,8064,2,,,0,30,,8063,2,,,0,70,,8062,2,,,0,30,,8065,2,,,0,74,,8061,2,,,0,30,,8066,2,,,0,70,,8060,2,,,0,30,,8067,2,,,0,70,,8068,2,,,0,30,,8059,2,,,0,70,,8069,2,,,0,30,,8058,2,,,0,70,,8057,2,,,0,30,,8070,2,,,0,70,,8056,2,,,0,30,,8071,2,,,0,70,,8072,2,,,0,30,,8055,2,,,0,70,,8073,2,,,0,30,,8054,2,,,0,70,,8074,2,,,0,30,,8053,2,,,0,70,,8052,2,,,0,30,,8075,2,,,0,70,,8076,2,,,0,30,,8077,2,,,0,70,,8078,2,,,0
1101,'Holiday3-505-1111111',710,,8093,2,,,0,30,,8094,2,,,0,70,,8079,2,,,0,30,,8095,2,,,0,70,,8080,2,,,0,30,,8096,2,,,0,70,,8081,2,,,0,30,,8097,2,,,0,70,,8082,2,,,0,30,,8098,2,,,0,70,,8083,2,,,0,30,,8099,2,,,0,70,,8084,2,,,0,30,,8100,2,,,0,70,,8085,2,,,0,30,,8101,2,,,0,70,,8086,2,,,0,30,,8102,2,,,0,70,,8087,2,,,0,30,,8103,2,,,0,70,,8088,2,,,0,30,,8104,2,,,0,70,,8089,2,,,0,30,,8105,2,,,0,70,,8090,2,,,0,32,,8106,2,,,0,70,,8091,2,,,0,30,,8107,2,,,0,70,,8092,2,,,0,30,,8108,2,,,0
1101,'Saturday',710,,8123,2,,,0,30,,8124,2,,,0,70,,8109,2,,,0,30,,8125,2,,,0,70,,8110,2,,,0,30,,8126,2,,,0,70,,8111,2,,,0,30,,8127,2,,,0,70,,8112,2,,,0,30,,8128,2,,,0,70,,8113,2,,,0,30,,8129,2,,,0,70,,8114,2,,,0,30,,8130,2,,,0,70,,8115,2,,,0,30,,8131,2,,,0,70,,8116,2,,,0,30,,8132,2,,,0,70,,8117,2,,,0,30,,8133,2,,,0,70,,8118,2,,,0,30,,8134,2,,,0,70,,8119,2,,,0,30,,8135,2,,,0,70,,8120,2,,,0,32,,8136,2,,,0,70,,8121,2,,,0,30,,8137,2,,,0,70,,8122,2,,,0,30,,8138,2,,,0
1101,'Sunday',810,,8151,2,,,0,30,,8150,2,,,0,70,,8149,2,,,0,30,,8152,2,,,0,70,,8148,2,,,0,30,,8153,2,,,0,70,,8147,2,,,0,30,,8154,2,,,0,70,,8155,2,,,0,30,,8146,2,,,0,70,,8156,2,,,0,30,,8145,2,,,0,70,,8144,2,,,0,30,,8157,2,,,0,70,,8143,2,,,0,30,,8158,2,,,0,70,,8159,2,,,0,30,,8142,2,,,0,70,,8160,2,,,0,30,,8141,2,,,0,70,,8161,2,,,0,30,,8140,2,,,0,70,,8139,2,,,0,32,,8162,2,,,0,70,,8163,2,,,0,30,,8164,2,,,0,70,,8165,2,,,0
1101,'Weekday',506,,8166,2,,,0,28,,8167,2,,,0,66,,8168,2,,,0,13,,8220,2,,,0,15,,8169,2,,,0,15,,8221,2,,,0,15,,8170,2,,,0,54,,8171,2,,,0,15,,8172,2,,,0,15,,8173,2,,,0,15,,8174,2,,,0,55,,8175,2,,,0,15,,8176,2,,,0,20,,8177,2,,,0,12,,8211,2,,,0,58,,8178,2,,,0,15,,8212,2,,,0,15,,8179,2,,,0,55,,8213,2,,,0,15,,8180,2,,,0,15,,8214,2,,,0,15,,8181,2,,,0,55,,8215,2,,,0,15,,8182,2,,,0,15,,8216,2,,,0,15,,8183,2,,,0,55,,8217,2,,,0,15,,8184,2,,,0,15,,8218,2,,,0,15,,8185,2,,,0,55,,8219,2,,,0,15,,8186,2,,,0,15,,8209,2,,,0,15,,8187,2,,,0,55,,8210,2,,,0,15,,8188,2,,,0,20,,8189,2,,,0,18,,8190,2,,,0,55,,8191,2,,,0,20,,8192,2,,,0,15,,8193,2,,,0,60,,8194,2,,,0,20,,8195,2,,,0,20,,8196,2,,,0,60,,8197,2,,,0,20,,8198,2,,,0,20,,8199,2,,,0,72,,8200,2,,,0,30,,8201,2,,,0,70,,8202,2,,,0,30,,8203,2,,,0,70,,8204,2,,,0,30,,8205,2,,,0,70,,8206,2,,,0,30,,8207,2,,,0,70,,8208,2,,,0
2501,'Holiday21111111',744,,8697,2,,,0,70,,8686,2,,,0,30,,8698,2,,,0,70,,8687,2,,,0,30,,8699,2,,,0,70,,8688,2,,,0,30,,8700,2,,,0,70,,8689,2,,,0,30,,8701,2,,,0,70,,8690,2,,,0,30,,8702,2,,,0,70,,8691,2,,,0,30,,8703,2,,,0,70,,8692,2,,,0,30,,8704,2,,,0,70,,8693,2,,,0,30,,8705,2,,,0,70,,8694,2,,,0,30,,8706,2,,,0,70,,8695,2,,,0,30,,8707,2,,,0,70,,8696,2,,,0,30,,8708,2,,,0,70,,8709,2,,,0,30,,8710,2,,,0,70,,8711,2,,,0,30,,8712,2,,,0,70,,8713,2,,,0
2501,'Holiday3-505-1111111',714,,8726,2,,,0,30,,8727,2,,,0,70,,8725,2,,,0,30,,8728,2,,,0,70,,8724,2,,,0,30,,8729,2,,,0,70,,8723,2,,,0,30,,8730,2,,,0,70,,8722,2,,,0,30,,8731,2,,,0,70,,8721,2,,,0,30,,8732,2,,,0,70,,8720,2,,,0,30,,8733,2,,,0,70,,8719,2,,,0,30,,8734,2,,,0,70,,8718,2,,,0,30,,8735,2,,,0,70,,8717,2,,,0,30,,8736,2,,,0,70,,8716,2,,,0,30,,8737,2,,,0,70,,8715,2,,,0,30,,8738,2,,,0,70,,8714,2,,,0,30,,8739,2,,,0,70,,8741,2,,,0,30,,8740,2,,,0,70,,8742,2,,,0,30,,8743,2,,,0
2501,'Saturday',714,,8756,2,,,0,30,,8757,2,,,0,70,,8755,2,,,0,30,,8758,2,,,0,70,,8754,2,,,0,30,,8759,2,,,0,70,,8753,2,,,0,30,,8760,2,,,0,70,,8752,2,,,0,30,,8761,2,,,0,70,,8751,2,,,0,30,,8762,2,,,0,70,,8750,2,,,0,30,,8763,2,,,0,70,,8749,2,,,0,30,,8764,2,,,0,70,,8748,2,,,0,30,,8765,2,,,0,70,,8747,2,,,0,30,,8766,2,,,0,70,,8746,2,,,0,30,,8767,2,,,0,70,,8745,2,,,0,30,,8768,2,,,0,70,,8744,2,,,0,30,,8769,2,,,0,70,,8771,2,,,0,30,,8770,2,,,0,70,,8772,2,,,0,30,,8773,2,,,0
2501,'Sunday',744,,8785,2,,,0,70,,8774,2,,,0,30,,8786,2,,,0,70,,8775,2,,,0,30,,8787,2,,,0,70,,8776,2,,,0,30,,8788,2,,,0,70,,8777,2,,,0,30,,8789,2,,,0,70,,8778,2,,,0,30,,8790,2,,,0,70,,8779,2,,,0,30,,8791,2,,,0,70,,8780,2,,,0,30,,8792,2,,,0,70,,8781,2,,,0,30,,8793,2,,,0,70,,8782,2,,,0,30,,8794,2,,,0,70,,8783,2,,,0,30,,8795,2,,,0,70,,8784,2,,,0,30,,8796,2,,,0,70,,8797,2,,,0,30,,8798,2,,,0,70,,8799,2,,,0,30,,8800,2,,,0,70,,8801,2,,,0
2501,'Weekday',509,,8802,2,,,0,35,,8803,2,,,0,63,,8804,2,,,0,25,,8805,2,,,0,71,,8806,2,,,0,16,,8807,2,,,0,15,,8808,2,,,0,15,,8809,2,,,0,55,,8810,2,,,0,15,,8811,2,,,0,15,,8812,2,,,0,15,,8813,2,,,0,70,,8814,2,,,0,30,,8815,2,,,0,70,,8816,2,,,0,30,,8817,2,,,0,70,,8818,2,,,0,30,,8819,2,,,0,70,,8820,2,,,0,30,,8821,2,,,0,70,,8822,2,,,0,29,,8823,2,,,0,70,,8824,2,,,0,18,,8825,2,,,0,15,,8826,2,,,0,55,,8827,2,,,0,15,,8828,2,,,0,15,,8829,2,,,0,15,,8830,2,,,0,55,,8831,2,,,0,15,,8832,2,,,0,15,,8833,2,,,0,15,,8834,2,,,0,55,,8835,2,,,0,15,,8836,2,,,0,15,,8837,2,,,0,15,,8838,2,,,0,70,,8839,2,,,0,30,,8840,2,,,0,69,,8841,2,,,0,30,,8842,2,,,0,70,,8843,2,,,0,30,,8844,2,,,0,70,,8845,2,,,0,30,,8846,2,,,0,70,,8847,2,,,0,30,,8848,2,,,0,70,,8849,2,,,0
5200,'Holiday3-505-1111111',2319,,8884,29,,,0,98,,8885,29,,,0,100,,8883,29,,,0
5200,'Saturday',2319,,8887,29,,,0,98,,8888,29,,,0,100,,8886,29,,,0
5200,'Weekday',2329,,8891,29,,,0,88,,8890,29,,,0,100,,8889,29,,,0
