200,'Holiday21111111',802,,6300,20,,,0,100,,6301,20,,,0,32,,6324,20,,,0,70,,6302,20,,,0,30,,6313,20,,,0,70,,6303,20,,,0,30,,6314,20,,,0,70,,6304,20,,,0,30,,6315,20,,,0,70,,6305,20,,,0,30,,6316,20,,,0,70,,6306,20,,,0,30,,6317,20,,,0,70,,6307,20,,,0,30,,6318,20,,,0,70,,6308,20,,,0,30,,6319,20,,,0,70,,6309,20,,,0,30,,6320,20,,,0,70,,6310,20,,,0,28,,6321,20,,,0,70,,6311,20,,,0,33,,6322,20,,,0,70,,6312,20,,,0,30,,6323,20,,,0,70,,6325,20,,,0,30,,6326,20,,,0
200,'Holiday3-505-1111111',632,,6327,20,,,0,100,,6328,20,,,0,100,,6329,20,,,0,101,,6330,20,,,0,70,,6343,20,,,0,20,,6331,20,,,0,20,,6357,20,,,0,60,,6344,20,,,0,20,,6332,20,,,0,20,,6358,20,,,0,60,,6345,20,,,0,20,,6333,20,,,0,20,,6359,20,,,0,65,,6346,20,,,0,20,,6334,20,,,0,20,,6360,20,,,0,60,,6347,20,,,0,20,,6335,20,,,0,20,,6361,20,,,0,60,,6348,20,,,0,25,,6336,20,,,0,20,,6362,20,,,0,60,,6349,20,,,0,20,,6337,20,,,0,20,,6363,20,,,0,60,,6350,20,,,0,20,,6338,20,,,0,70,,6351,20,,,0,30,,6339,20,,,0,70,,6352,20,,,0,29,,6340,20,,,0,70,,6353,20,,,0,30,,6341,20,,,0,70,,6354,20,,,0,30,,6342,20,,,0,70,,6355,20,,,0
200,'Saturday',632,,6364,20,,,0,100,,6365,20,,,0,100,,6366,20,,,0,101,,6367,20,,,0,70,,6380,20,,,0,20,,6368,20,,,0,20,,6394,20,,,0,60,,6381,20,,,0,20,,6369,20,,,0,20,,6395,20,,,0,60,,6382,20,,,0,20,,6370,20,,,0,20,,6396,20,,,0,65,,6383,20,,,0,20,,6371,20,,,0,20,,6397,20,,,0,60,,6384,20,,,0,20,,6372,20,,,0,20,,6398,20,,,0,60,,6385,20,,,0,25,,6373,20,,,0,20,,6399,20,,,0,60,,6386,20,,,0,20,,6374,20,,,0,20,,6400,20,,,0,60,,6387,20,,,0,20,,6375,20,,,0,70,,6388,20,,,0,30,,6376,20,,,0,70,,6389,20,,,0,29,,6377,20,,,0,70,,6390,20,,,0,30,,6378,20,,,0,70,,6391,20,,,0,30,,6379,20,,,0,70,,6392,20,,,0
200,'Sunday',802,,6401,20,,,0,100,,6402,20,,,0,101,,6403,20,,,0,20,,6414,20,,,0,20,,6427,20,,,0,60,,6404,20,,,0,20,,6415,20,,,0,20,,6428,20,,,0,60,,6405,20,,,0,20,,6416,20,,,0,20,,6429,20,,,0,65,,6406,20,,,0,20,,6417,20,,,0,20,,6430,20,,,0,60,,6407,20,,,0,20,,6418,20,,,0,20,,6431,20,,,0,60,,6408,20,,,0,25,,6419,20,,,0,20,,6432,20,,,0,60,,6409,20,,,0,20,,6420,20,,,0,20,,6433,20,,,0,60,,6410,20,,,0,20,,6421,20,,,0,70,,6411,20,,,0,30,,6422,20,,,0,70,,6412,20,,,0,29,,6423,20,,,0,70,,6413,20,,,0,30,,6424,20,,,0,70,,6425,20,,,0,30,,6426,20,,,0
200,'Weekday',457,,6434,20,,,0,66,,6436,20,,,0,30,,6438,20,,,0,72,,6467,20,,,0,15,,6440,20,,,0,15,,6441,20,,,0,55,,6468,20,,,0,15,,6442,20,,,0,15,,6443,20,,,0,15,,6444,20,,,0,55,,6445,20,,,0,15,,6446,20,,,0,15,,6469,20,,,0,15,,6447,20,,,0,57,,6470,20,,,0,15,,6448,20,,,0,15,,6449,20,,,0,15,,6471,20,,,0,57,,6472,20,,,0,15,,6473,20,,,0,15,,6450,20,,,0,15,,6474,20,,,0,55,,6475,20,,,0,17,,6451,20,,,0,15,,6476,20,,,0,55,,6452,20,,,0,15,,6453,20,,,0,15,,6477,20,,,0,15,,6478,20,,,0,55,,6454,20,,,0,15,,6455,20,,,0,15,,6479,20,,,0,15,,6480,20,,,0,55,,6456,20,,,0,15,,6481,20,,,0,15,,6482,20,,,0,15,,6457,20,,,0,55,,6483,20,,,0,15,,6484,20,,,0,15,,6485,20,,,0,15,,6458,20,,,0,55,,6459,20,,,0,15,,6460,20,,,0,15,,6486,20,,,0,15,,6487,20,,,0,55,,6488,20,,,0,16,,6489,20,,,0,15,,6461,20,,,0,15,,6490,20,,,0,53,,6462,20,,,0,15,,6491,20,,,0,13,,6463,20,,,0,15,,6492,20,,,0,59,,6493,20,,,0,30,,6494,20,,,0,70,,6466,20,,,0,30,,6464,20,,,0,70,,6435,20,,,0,30,,6465,20,,,0,70,,6437,20,,,0,30,,6439,20,,,0
1200,'Holiday21111111',831,,8232,9,,,0,70,,8231,9,,,0,30,,8233,9,,,0,73,,8230,9,,,0,27,,8234,9,,,0,70,,8229,9,,,0,30,,8235,9,,,0,70,,8228,9,,,0,30,,8236,9,,,0,70,,8227,9,,,0,30,,8237,9,,,0,73,,8226,9,,,0,27,,8238,9,,,0,70,,8225,9,,,0,30,,8239,9,,,0,70,,8224,9,,,0,30,,8240,9,,,0,70,,8223,9,,,0,30,,8241,9,,,0,73,,8222,9,,,0,30,,8242,9,,,0,70,,8243,9,,,0,30,,8244,9,,,0,70,,8245,9,,,0,30,,8246,9,,,0,70,,8247,9,,,0,30,,8248,9,,,0
1200,'Holiday3-505-1111111',759,,8263,9,,,0,70,,8264,9,,,0,30,,8262,9,,,0,70,,8265,9,,,0,75,,8261,9,,,0,25,,8266,9,,,0,30,,8260,9,,,0,70,,8267,9,,,0,30,,8259,9,,,0,70,,8268,9,,,0,30,,8258,9,,,0,70,,8269,9,,,0,75,,8257,9,,,0,25,,8270,9,,,0,30,,8256,9,,,0,70,,8271,9,,,0,30,,8255,9,,,0,70,,8272,9,,,0,30,,8254,9,,,0,70,,8273,9,,,0,30,,8253,9,,,0,70,,8274,9,,,0,30,,8252,9,,,0,70,,8275,9,,,0,30,,8251,9,,,0,70,,8276,9,,,0,30,,8250,9,,,0,70,,8277,9,,,0,30,,8249,9,,,0
1200,'Saturday',759,,8292,9,,,0,70,,8293,9,,,0,30,,8291,9,,,0,70,,8294,9,,,0,75,,8290,9,,,0,25,,8295,9,,,0,30,,8289,9,,,0,70,,8296,9,,,0,30,,8288,9,,,0,70,,8297,9,,,0,30,,8287,9,,,0,70,,8298,9,,,0,75,,8286,9,,,0,25,,8299,9,,,0,30,,8285,9,,,0,70,,8300,9,,,0,30,,8284,9,,,0,70,,8301,9,,,0,30,,8283,9,,,0,70,,8302,9,,,0,30,,8282,9,,,0,70,,8303,9,,,0,30,,8281,9,,,0,70,,8304,9,,,0,30,,8280,9,,,0,70,,8305,9,,,0,30,,8279,9,,,0,70,,8306,9,,,0,30,,8278,9,,,0
1200,'Sunday',829,,8317,9,,,0,30,,8316,9,,,0,70,,8318,9,,,0,75,,8315,9,,,0,25,,8319,9,,,0,30,,8314,9,,,0,70,,8320,9,,,0,30,,8313,9,,,0,70,,8321,9,,,0,30,,8312,9,,,0,70,,8322,9,,,0,75,,8311,9,,,0,25,,8323,9,,,0,30,,8310,9,,,0,70,,8324,9,,,0,30,,8309,9,,,0,70,,8325,9,,,0,30,,8308,9,,,0,70,,8326,9,,,0,75,,8307,9,,,0,30,,8327,9,,,0,70,,8328,9,,,0,30,,8329,9,,,0,70,,8330,9,,,0,30,,8331,9,,,0,70,,8332,9,,,0,30,,8333,9,,,0
1200,'Weekday',534,,8354,9,,,0,70,,8341,9,,,0,30,,8355,9,,,0,71,,8346,9,,,0,30,,8356,9,,,0,71,,8353,9,,,0,30,,8357,9,,,0,70,,8347,9,,,0,30,,8358,9,,,0,70,,8342,9,,,0,30,,8359,9,,,0,70,,8348,9,,,0,30,,8360,9,,,0,70,,8345,9,,,0,30,,8361,9,,,0,70,,8349,9,,,0,30,,8340,9,,,0,70,,8362,9,,,0,20,,8343,9,,,0,21,,8334,9,,,0,65,,8363,9,,,0,24,,8350,9,,,0,20,,8351,9,,,0,65,,8352,9,,,0,25,,8369,9,,,0,60,,8370,9,,,0,25,,8335,9,,,0,25,,8371,9,,,0,60,,8337,9,,,0,20,,8344,9,,,0,70,,8364,9,,,0,29,,8338,9,,,0,70,,8365,9,,,0,30,,8336,9,,,0,70,,8366,9,,,0,30,,8339,9,,,0,70,,8367,9,,,0,30,,8368,9,,,0
5200,'Holiday3-505-1111111',2304,,8884,8,,,0,100,,8885,8,,,0,100,,8883,8,,,0
5200,'Saturday',2304,,8887,8,,,0,100,,8888,8,,,0,100,,8886,8,,,0
5200,'Weekday',2314,,8891,8,,,0,90,,8890,8,,,0,100,,8889,8,,,0
