201,'Saturday',701,,3318,4,,0,100,,3319,4,,0,100,,3320,4,,0,30,,3348,4,,0,70,,3321,4,,0,31,,3335,4,,0,20,,3322,4,,0,60,,3349,4,,0,20,,3336,4,,0,20,,3323,4,,0,60,,3350,4,,0,25,,3337,4,,0,20,,3324,4,,0,60,,3351,4,,0,20,,3338,4,,0,20,,3325,4,,0,60,,3352,4,,0,20,,3339,4,,0,20,,3326,4,,0,65,,3353,4,,0,20,,3340,4,,0,60,,3327,4,,0,20,,3354,4,,0,20,,3341,4,,0,60,,3328,4,,0,20,,3355,4,,0,20,,3342,4,,0,60,,3329,4,,0,29,,3343,4,,0,70,,3330,4,,0,30,,3344,4,,0,70,,3331,4,,0,30,,3345,4,,0,70,,3332,4,,0,30,,3346,4,,0,70,,3333,4,,0,30,,3347,4,,0
201,'Sunday',801,,3356,4,,0,100,,3357,4,,0,30,,3380,4,,0,70,,3358,4,,0,31,,3369,4,,0,20,,3359,4,,0,60,,3389,4,,0,20,,3370,4,,0,20,,3360,4,,0,60,,3390,4,,0,25,,3371,4,,0,20,,3361,4,,0,60,,3388,4,,0,20,,3372,4,,0,20,,3362,4,,0,60,,3386,4,,0,20,,3373,4,,0,20,,3363,4,,0,65,,3384,4,,0,20,,3374,4,,0,60,,3364,4,,0,20,,3385,4,,0,20,,3375,4,,0,60,,3365,4,,0,20,,3387,4,,0,20,,3376,4,,0,60,,3366,4,,0,29,,3377,4,,0,70,,3367,4,,0,30,,3378,4,,0,70,,3368,4,,0,30,,3379,4,,0,70,,3381,4,,0,30,,3382,4,,0,70,,3383,4,,0
201,'Weekday',530,,3415,4,,0,29,,3416,4,,0,68,,3417,4,,0,15,,3418,4,,0,15,,3392,4,,0,55,,3419,4,,0,15,,3420,4,,0,15,,3393,4,,0,15,,3421,4,,0,55,,3394,4,,0,15,,3395,4,,0,17,,3422,4,,0,15,,3423,4,,0,55,,3424,4,,0,15,,3396,4,,0,15,,3425,4,,0,58,,3397,4,,0,15,,3426,4,,0,15,,3427,4,,0,15,,3428,4,,0,55,,3429,4,,0,15,,3398,4,,0,16,,3430,4,,0,17,,3431,4,,0,55,,3399,4,,0,15,,3432,4,,0,15,,3433,4,,0,15,,3400,4,,0,55,,3434,4,,0,15,,3401,4,,0,15,,3435,4,,0,15,,3402,4,,0,55,,3403,4,,0,13,,3436,4,,0,17,,3437,4,,0,15,,3404,4,,0,55,,3438,4,,0,17,,3439,4,,0,18,,3440,4,,0,15,,3441,4,,0,55,,3405,4,,0,15,,3442,4,,0,13,,3406,4,,0,15,,3443,4,,0,55,,3407,4,,0,15,,3444,4,,0,16,,3445,4,,0,14,,3446,4,,0,54,,3447,4,,0,15,,3448,4,,0,11,,3408,4,,0,15,,3449,4,,0,58,,3409,4,,0,30,,3411,4,,0,70,,3413,4,,0,29,,3450,4,,0,70,,3412,4,,0,30,,3410,4,,0,70,,3414,4,,0,30,,3451,4,,0,70,,3391,4,,0
300,'Saturday',703,,3452,,,0,100,,3453,,,0,100,,3454,,,0,30,,3468,,,0,70,,3455,,,0,30,,3469,,,0,20,,3456,,,0,60,,3481,,,0,20,,3470,,,0,20,,3457,,,0,60,,3482,,,0,25,,3471,,,0,20,,3458,,,0,60,,3483,,,0,20,,3472,,,0,20,,3459,,,0,60,,3484,,,0,20,,3473,,,0,20,,3460,,,0,65,,3485,,,0,20,,3474,,,0,60,,3461,,,0,20,,3486,,,0,20,,3475,,,0,60,,3462,,,0,30,,3476,,,0,70,,3463,,,0,30,,3477,,,0,70,,3464,,,0,30,,3478,,,0,70,,3465,,,0,30,,3479,,,0,70,,3466,,,0,30,,3480,,,0,70,,3467,,,0
300,'Sunday',803,,3487,,,0,100,,3488,,,0,30,,3500,,,0,70,,3489,,,0,30,,3501,,,0,20,,3490,,,0,60,,3513,,,0,20,,3502,,,0,20,,3491,,,0,60,,3514,,,0,25,,3503,,,0,20,,3492,,,0,60,,3515,,,0,20,,3504,,,0,20,,3493,,,0,60,,3518,,,0,20,,3505,,,0,20,,3494,,,0,65,,3516,,,0,20,,3506,,,0,60,,3495,,,0,20,,3517,,,0,20,,3507,,,0,60,,3496,,,0,30,,3508,,,0,70,,3497,,,0,30,,3509,,,0,70,,3498,,,0,30,,3510,,,0,70,,3499,,,0,30,,3511,,,0,70,,3512,,,0
300,'Weekday',531,,3519,,,0,71,,3561,,,0,14,,3562,,,0,15,,3521,,,0,15,,3522,,,0,54,,3523,,,0,17,,3563,,,0,13,,3564,,,0,15,,3524,,,0,55,,3525,,,0,15,,3526,,,0,15,,3527,,,0,15,,3528,,,0,57,,3565,,,0,15,,3529,,,0,15,,3566,,,0,15,,3530,,,0,60,,3531,,,0,18,,3532,,,0,15,,3533,,,0,15,,3567,,,0,55,,3534,,,0,15,,3535,,,0,15,,3536,,,0,15,,3568,,,0,55,,3537,,,0,15,,3569,,,0,15,,3538,,,0,15,,3539,,,0,55,,3570,,,0,15,,3571,,,0,15,,3572,,,0,15,,3573,,,0,54,,3574,,,0,15,,3540,,,0,15,,3541,,,0,15,,3542,,,0,55,,3543,,,0,15,,3544,,,0,17,,3575,,,0,15,,3545,,,0,55,,3576,,,0,15,,3577,,,0,14,,3546,,,0,15,,3547,,,0,55,,3548,,,0,15,,3578,,,0,15,,3579,,,0,15,,3556,,,0,54,,3555,,,0,15,,3549,,,0,15,,3559,,,0,14,,3554,,,0,56,,3550,,,0,30,,3551,,,0,70,,3560,,,0,29,,3553,,,0,71,,3558,,,0,30,,3557,,,0,70,,3552,,,0,30,,3520,,,0
401,'Saturday',1002,,3760,,,0,100,,3765,,,0,100,,3761,,,0,100,,3766,,,0,100,,3762,,,0,100,,3767,,,0,100,,3763,,,0,100,,3768,,,0,98,,3764,,,0,100,,3769,,,0,100,,3770,,,0
401,'Sunday',1102,,3778,,,0,100,,3774,,,0,100,,3771,,,0,100,,3775,,,0,100,,3772,,,0,100,,3776,,,0,100,,3773,,,0,98,,3777,,,0
401,'Weekday',559,,3786,,,0,100,,3793,,,0,71,,3804,,,0,74,,3785,,,0,26,,3794,,,0,70,,3792,,,0,30,,3795,,,0,70,,3784,,,0,30,,3796,,,0,70,,3791,,,0,30,,3797,,,0,70,,3783,,,0,30,,3798,,,0,70,,3790,,,0,30,,3799,,,0,70,,3782,,,0,30,,3800,,,0,70,,3789,,,0,31,,3801,,,0,71,,3781,,,0,31,,3802,,,0,69,,3788,,,0,29,,3803,,,0,71,,3780,,,0,98,,3787,,,0,59,,3779,,,0
1001,'Saturday',742,,4118,,,0,70,,4119,,,0,30,,4120,,,0,70,,4121,,,0,32,,4122,,,0,56,,4124,,,0,15,,4123,,,0,15,,4125,,,0,15,,4109,,,0,55,,4117,,,0,15,,4094,,,0,15,,4101,,,0,15,,4082,,,0,55,,4110,,,0,15,,4091,,,0,15,,4095,,,0,15,,4102,,,0,55,,4083,,,0,15,,4111,,,0,15,,4106,,,0,15,,4096,,,0,55,,4103,,,0,15,,4084,,,0,15,,4112,,,0,15,,4105,,,0,55,,4097,,,0,15,,4090,,,0,15,,4085,,,0,15,,4113,,,0,55,,4092,,,0,15,,4098,,,0,15,,4089,,,0,15,,4086,,,0,55,,4114,,,0,15,,4107,,,0,15,,4099,,,0,15,,4104,,,0,55,,4087,,,0,15,,4115,,,0,14,,4108,,,0,15,,4100,,,0,15,,4093,,,0,55,,4088,,,0,28,,4116,,,0,69,,4076,,,0,30,,4080,,,0,70,,4078,,,0,30,,4077,,,0,70,,4081,,,0,30,,4079,,,0
1001,'Sunday',812,,4150,,,0,30,,4167,,,0,70,,4168,,,0,32,,4166,,,0,71,,4148,,,0,30,,4153,,,0,55,,4152,,,0,15,,4154,,,0,15,,4155,,,0,15,,4156,,,0,55,,4157,,,0,15,,4158,,,0,15,,4159,,,0,15,,4160,,,0,55,,4161,,,0,15,,4162,,,0,15,,4163,,,0,15,,4164,,,0,55,,4165,,,0,15,,4151,,,0,15,,4149,,,0,15,,4143,,,0,55,,4126,,,0,15,,4136,,,0,15,,4138,,,0,15,,4141,,,0,55,,4131,,,0,15,,4145,,,0,15,,4135,,,0,15,,4139,,,0,55,,4127,,,0,15,,4132,,,0,15,,4146,,,0,15,,4134,,,0,10,,4140,,,0,59,,4133,,,0,30,,4129,,,0,70,,4144,,,0,28,,4128,,,0,69,,4137,,,0,30,,4147,,,0,70,,4130,,,0,30,,4142,,,0
1001,'Weekday',540,,4169,,,0,70,,4170,,,0,30,,4171,,,0,15,,4204,,,0,55,,4172,,,0,17,,4205,,,0,15,,4173,,,0,15,,4206,,,0,55,,4174,,,0,15,,4207,,,0,18,,4175,,,0,55,,4208,,,0,15,,4176,,,0,16,,4209,,,0,15,,4177,,,0,55,,4210,,,0,15,,4178,,,0,15,,4211,,,0,15,,4179,,,0,55,,4212,,,0,15,,4180,,,0,15,,4213,,,0,15,,4181,,,0,55,,4214,,,0,15,,4182,,,0,15,,4215,,,0,15,,4183,,,0,55,,4216,,,0,15,,4184,,,0,15,,4217,,,0,15,,4185,,,0,55,,4218,,,0,15,,4186,,,0,17,,4219,,,0,15,,4187,,,0,55,,4220,,,0,15,,4188,,,0,15,,4221,,,0,12,,4189,,,0,55,,4222,,,0,15,,4190,,,0,15,,4223,,,0,15,,4191,,,0,55,,4224,,,0,12,,4192,,,0,15,,4225,,,0,15,,4193,,,0,16,,4226,,,0,56,,4194,,,0,13,,4227,,,0,15,,4195,,,0,15,,4228,,,0,58,,4196,,,0,30,,4197,,,0,70,,4198,,,0,30,,4199,,,0,70,,4200,,,0,28,,4201,,,0,70,,4202,,,0,30,,4203,,,0
