401,'Holiday21111111',1045,,7158,22,,,0,100,,7154,22,,,0,100,,7151,22,,,0,100,,7155,22,,,0,100,,7152,22,,,0,100,,7156,22,,,0,100,,7153,22,,,0,100,,7157,22,,,0
401,'Holiday3-505-1111111',945,,7159,22,,,0,100,,7164,22,,,0,100,,7160,22,,,0,100,,7165,22,,,0,100,,7161,22,,,0,100,,7166,22,,,0,100,,7162,22,,,0,100,,7167,22,,,0,100,,7163,22,,,0,100,,7168,22,,,0,100,,7169,22,,,0
401,'Saturday',945,,7170,22,,,0,100,,7175,22,,,0,100,,7171,22,,,0,100,,7176,22,,,0,100,,7172,22,,,0,100,,7177,22,,,0,100,,7173,22,,,0,100,,7178,22,,,0,100,,7174,22,,,0,100,,7179,22,,,0,100,,7180,22,,,0
401,'Sunday',1045,,7188,22,,,0,100,,7184,22,,,0,100,,7181,22,,,0,100,,7185,22,,,0,100,,7182,22,,,0,100,,7186,22,,,0,100,,7183,22,,,0,100,,7187,22,,,0
401,'Weekday',545,,7189,22,,,0,100,,7190,22,,,0,73,,7191,22,,,0,27,,7192,22,,,0,71,,7193,22,,,0,30,,7194,22,,,0,69,,7195,22,,,0,30,,7196,22,,,0,70,,7197,22,,,0,30,,7198,22,,,0,70,,7199,22,,,0,31,,7200,22,,,0,70,,7201,22,,,0,30,,7202,22,,,0,70,,7203,22,,,0,30,,7204,22,,,0,70,,7205,22,,,0,30,,7206,22,,,0,70,,7207,22,,,0,34,,7208,22,,,0,70,,7209,22,,,0,26,,7210,22,,,0,69,,7211,22,,,0,30,,7212,22,,,0,102,,7213,22,,,0,100,,7214,22,,,0
2500,'Holiday21111111',752,,8522,13,,,0,70,,8534,13,,,0,30,,8523,13,,,0,70,,8535,13,,,0,35,,8524,13,,,0,70,,8536,13,,,0,30,,8525,13,,,0,70,,8537,13,,,0,30,,8526,13,,,0,70,,8538,13,,,0,30,,8527,13,,,0,70,,8539,13,,,0,30,,8528,13,,,0,70,,8540,13,,,0,30,,8529,13,,,0,70,,8541,13,,,0,30,,8530,13,,,0,70,,8542,13,,,0,30,,8531,13,,,0,70,,8543,13,,,0,30,,8532,13,,,0,70,,8544,13,,,0,30,,8533,13,,,0,70,,8545,13,,,0,30,,8546,13,,,0,70,,8547,13,,,0,30,,8548,13,,,0,70,,8549,13,,,0
2500,'Holiday3-505-1111111',722,,8563,13,,,0,30,,8562,13,,,0,70,,8564,13,,,0,30,,8561,13,,,0,70,,8565,13,,,0,30,,8560,13,,,0,70,,8566,13,,,0,30,,8559,13,,,0,70,,8567,13,,,0,30,,8558,13,,,0,70,,8568,13,,,0,30,,8557,13,,,0,70,,8569,13,,,0,30,,8556,13,,,0,70,,8570,13,,,0,30,,8555,13,,,0,70,,8571,13,,,0,30,,8554,13,,,0,70,,8572,13,,,0,30,,8553,13,,,0,70,,8573,13,,,0,30,,8552,13,,,0,72,,8574,13,,,0,30,,8551,13,,,0,70,,8575,13,,,0,30,,8550,13,,,0,70,,8576,13,,,0,30,,8578,13,,,0,70,,8577,13,,,0,30,,8579,13,,,0
2500,'Saturday',722,,8593,13,,,0,30,,8592,13,,,0,70,,8594,13,,,0,30,,8591,13,,,0,70,,8595,13,,,0,30,,8590,13,,,0,70,,8596,13,,,0,30,,8589,13,,,0,70,,8597,13,,,0,30,,8588,13,,,0,70,,8598,13,,,0,30,,8587,13,,,0,70,,8599,13,,,0,30,,8586,13,,,0,70,,8600,13,,,0,30,,8585,13,,,0,70,,8601,13,,,0,30,,8584,13,,,0,70,,8602,13,,,0,30,,8583,13,,,0,70,,8603,13,,,0,30,,8582,13,,,0,72,,8604,13,,,0,30,,8581,13,,,0,70,,8605,13,,,0,30,,8580,13,,,0,70,,8606,13,,,0,30,,8608,13,,,0,70,,8607,13,,,0,30,,8609,13,,,0
2500,'Sunday',752,,8610,13,,,0,70,,8622,13,,,0,30,,8611,13,,,0,70,,8623,13,,,0,30,,8612,13,,,0,70,,8624,13,,,0,30,,8613,13,,,0,70,,8625,13,,,0,30,,8614,13,,,0,70,,8626,13,,,0,30,,8615,13,,,0,70,,8627,13,,,0,30,,8616,13,,,0,70,,8628,13,,,0,30,,8617,13,,,0,70,,8629,13,,,0,30,,8618,13,,,0,70,,8630,13,,,0,30,,8619,13,,,0,70,,8631,13,,,0,30,,8620,13,,,0,72,,8632,13,,,0,30,,8621,13,,,0,70,,8633,13,,,0,30,,8634,13,,,0,70,,8635,13,,,0,30,,8636,13,,,0,70,,8637,13,,,0
2500,'Weekday',514,,8638,13,,,0,28,,8639,13,,,0,66,,8640,13,,,0,28,,8641,13,,,0,68,,8642,13,,,0,15,,8643,13,,,0,15,,8644,13,,,0,15,,8645,13,,,0,55,,8646,13,,,0,22,,8647,13,,,0,14,,8648,13,,,0,17,,8649,13,,,0,70,,8650,13,,,0,30,,8651,13,,,0,70,,8652,13,,,0,30,,8653,13,,,0,71,,8654,13,,,0,30,,8655,13,,,0,70,,8656,13,,,0,29,,8657,13,,,0,70,,8658,13,,,0,30,,8659,13,,,0,70,,8660,13,,,0,15,,8661,13,,,0,16,,8662,13,,,0,54,,8663,13,,,0,15,,8664,13,,,0,15,,8665,13,,,0,15,,8666,13,,,0,55,,8667,13,,,0,15,,8668,13,,,0,15,,8669,13,,,0,15,,8670,13,,,0,55,,8671,13,,,0,15,,8672,13,,,0,15,,8673,13,,,0,15,,8674,13,,,0,70,,8675,13,,,0,30,,8676,13,,,0,70,,8677,13,,,0,29,,8678,13,,,0,70,,8679,13,,,0,30,,8680,13,,,0,70,,8681,13,,,0,30,,8682,13,,,0,70,,8683,13,,,0,30,,8684,13,,,0,70,,8685,13,,,0
