301,'Holiday21111111',732,,3843,21,,,0,100,,3844,21,,,0,70,,3867,21,,,0,30,,3845,21,,,0,70,,3856,21,,,0,31,,3846,21,,,0,70,,3857,21,,,0,30,,3847,21,,,0,70,,3858,21,,,0,30,,3848,21,,,0,70,,3859,21,,,0,30,,3849,21,,,0,70,,3860,21,,,0,30,,3850,21,,,0,70,,3861,21,,,0,30,,3851,21,,,0,70,,3862,21,,,0,30,,3852,21,,,0,70,,3863,21,,,0,30,,3853,21,,,0,70,,3864,21,,,0,29,,3854,21,,,0,70,,3865,21,,,0,33,,3855,21,,,0,70,,3866,21,,,0,30,,3868,21,,,0,70,,3869,21,,,0,30,,3870,21,,,0
301,'Saturday',602,,3887,21,,,0,100,,3871,21,,,0,100,,3872,21,,,0,100,,3873,21,,,0,30,,3901,21,,,0,70,,3888,21,,,0,31,,3874,21,,,0,20,,3889,21,,,0,60,,3903,21,,,0,20,,3875,21,,,0,20,,3890,21,,,0,60,,3904,21,,,0,25,,3876,21,,,0,20,,3891,21,,,0,60,,3905,21,,,0,20,,3877,21,,,0,20,,3892,21,,,0,60,,3906,21,,,0,20,,3878,21,,,0,65,,3893,21,,,0,20,,3907,21,,,0,20,,3879,21,,,0,60,,3894,21,,,0,20,,3902,21,,,0,20,,3880,21,,,0,60,,3895,21,,,0,30,,3881,21,,,0,70,,3896,21,,,0,29,,3882,21,,,0,70,,3897,21,,,0,30,,3883,21,,,0,70,,3898,21,,,0,30,,3884,21,,,0,70,,3899,21,,,0,30,,3885,21,,,0,70,,3900,21,,,0,30,,3886,21,,,0
301,'Sunday',732,,3908,21,,,0,100,,3909,21,,,0,100,,3910,21,,,0,20,,3921,21,,,0,60,,3935,21,,,0,21,,3911,21,,,0,20,,3922,21,,,0,60,,3936,21,,,0,20,,3912,21,,,0,20,,3923,21,,,0,60,,3937,21,,,0,25,,3913,21,,,0,20,,3924,21,,,0,60,,3938,21,,,0,20,,3914,21,,,0,20,,3925,21,,,0,60,,3939,21,,,0,20,,3915,21,,,0,65,,3926,21,,,0,20,,3940,21,,,0,20,,3916,21,,,0,60,,3927,21,,,0,20,,3941,21,,,0,20,,3917,21,,,0,60,,3928,21,,,0,30,,3918,21,,,0,70,,3929,21,,,0,29,,3919,21,,,0,70,,3930,21,,,0,30,,3920,21,,,0,70,,3931,21,,,0,30,,3932,21,,,0,70,,3933,21,,,0,30,,3934,21,,,0
301,'Weekday',501,,3994,21,,,0,30,,3974,21,,,0,28,,3943,21,,,0,70,,3945,21,,,0,15,,3992,21,,,0,15,,4003,21,,,0,53,,3973,21,,,0,16,,3946,21,,,0,15,,3991,21,,,0,15,,4000,21,,,0,55,,3947,21,,,0,15,,3997,21,,,0,16,,3995,21,,,0,15,,3948,21,,,0,55,,3998,21,,,0,15,,4002,21,,,0,15,,3996,21,,,0,15,,3949,21,,,0,55,,3950,21,,,0,15,,3972,21,,,0,15,,3971,21,,,0,15,,3951,21,,,0,54,,4001,21,,,0,16,,3988,21,,,0,15,,3952,21,,,0,15,,3953,21,,,0,55,,3983,21,,,0,15,,3954,21,,,0,15,,3987,21,,,0,14,,3955,21,,,0,54,,3956,21,,,0,14,,3981,21,,,0,14,,3957,21,,,0,14,,3958,21,,,0,54,,3980,21,,,0,16,,3959,21,,,0,15,,3960,21,,,0,15,,3961,21,,,0,55,,3999,21,,,0,15,,3985,21,,,0,15,,3993,21,,,0,15,,3982,21,,,0,55,,3962,21,,,0,15,,3978,21,,,0,16,,3963,21,,,0,15,,3964,21,,,0,55,,3977,21,,,0,16,,3965,21,,,0,14,,3986,21,,,0,15,,3966,21,,,0,55,,3976,21,,,0,21,,3967,21,,,0,12,,3990,21,,,0,59,,3968,21,,,0,13,,3969,21,,,0,17,,3970,21,,,0,70,,3989,21,,,0,30,,4004,21,,,0,70,,3979,21,,,0,30,,3975,21,,,0,70,,3984,21,,,0,30,,3944,21,,,0,70,,3942,21,,,0
601,'Holiday21111111',831,,4181,27,,,0,100,,4182,27,,,0,113,,4183,27,,,0,100,,4184,27,,,0,100,,4185,27,,,0,100,,4186,27,,,0,104,,4187,27,,,0,100,,4188,27,,,0,100,,4189,27,,,0,100,,4190,27,,,0,100,,4191,27,,,0,100,,4192,27,,,0
601,'Saturday',731,,4207,27,,,0,100,,4206,27,,,0,100,,4205,27,,,0,110,,4204,27,,,0,100,,4203,27,,,0,100,,4202,27,,,0,100,,4201,27,,,0,100,,4200,27,,,0,100,,4199,27,,,0,100,,4198,27,,,0,100,,4197,27,,,0,100,,4196,27,,,0,100,,4195,27,,,0,100,,4194,27,,,0,100,,4193,27,,,0
601,'Sunday',831,,4208,27,,,0,100,,4209,27,,,0,113,,4210,27,,,0,100,,4211,27,,,0,100,,4212,27,,,0,100,,4213,27,,,0,104,,4214,27,,,0,100,,4215,27,,,0,100,,4216,27,,,0,100,,4217,27,,,0,100,,4218,27,,,0,100,,4219,27,,,0
601,'Weekday',540,,4220,27,,,0,102,,4221,27,,,0,70,,4222,27,,,0,30,,4223,27,,,0,75,,4224,27,,,0,30,,4225,27,,,0,69,,4226,27,,,0,30,,4227,27,,,0,65,,4228,27,,,0,30,,4229,27,,,0,70,,4230,27,,,0,30,,4231,27,,,0,70,,4232,27,,,0,30,,4233,27,,,0,70,,4234,27,,,0,30,,4235,27,,,0,70,,4236,27,,,0,31,,4237,27,,,0,73,,4238,27,,,0,32,,4239,27,,,0,70,,4240,27,,,0,30,,4241,27,,,0,70,,4242,27,,,0,32,,4243,27,,,0,69,,4244,27,,,0,30,,4245,27,,,0,70,,4246,27,,,0,26,,4247,27,,,0,100,,4248,27,,,0,100,,4249,27,,,0
5201,'Saturday',2332,,5468,6,,,0,97,,5467,6,,,0
5201,'Weekday',2332,,5470,6,,,0,97,,5469,6,,,0
