400,'Holiday21111111',1153,,7084,29,,,0,100,,7088,29,,,0,100,,7085,29,,,0,100,,7089,29,,,0,100,,7086,29,,,0,100,,7090,29,,,0,100,,7087,29,,,0
400,'Holiday3-505-1111111',853,,7091,29,,,0,100,,7097,29,,,0,100,,7092,29,,,0,100,,7098,29,,,0,100,,7093,29,,,0,100,,7099,29,,,0,100,,7094,29,,,0,100,,7100,29,,,0,100,,7095,29,,,0,100,,7101,29,,,0,100,,7096,29,,,0,100,,7102,29,,,0,99,,7103,29,,,0
400,'Saturday',853,,7104,29,,,0,100,,7110,29,,,0,100,,7105,29,,,0,100,,7111,29,,,0,100,,7106,29,,,0,100,,7112,29,,,0,100,,7107,29,,,0,100,,7113,29,,,0,100,,7108,29,,,0,100,,7114,29,,,0,100,,7109,29,,,0,100,,7115,29,,,0,99,,7116,29,,,0
400,'Sunday',1153,,7117,29,,,0,100,,7121,29,,,0,100,,7118,29,,,0,100,,7122,29,,,0,100,,7119,29,,,0,100,,7123,29,,,0,100,,7120,29,,,0
400,'Weekday',555,,7124,29,,,0,101,,7125,29,,,0,102,,7126,29,,,0,63,,7127,29,,,0,37,,7128,29,,,0,69,,7129,29,,,0,30,,7130,29,,,0,70,,7131,29,,,0,30,,7132,29,,,0,70,,7133,29,,,0,30,,7134,29,,,0,70,,7135,29,,,0,30,,7136,29,,,0,70,,7137,29,,,0,30,,7138,29,,,0,70,,7139,29,,,0,30,,7140,29,,,0,71,,7141,29,,,0,29,,7142,29,,,0,70,,7143,29,,,0,30,,7144,29,,,0,70,,7145,29,,,0,73,,7146,29,,,0,28,,7150,29,,,0,30,,7147,29,,,0,97,,7148,29,,,0,100,,7149,29,,,0
1000,'Holiday21111111',815,,7427,16,,,0,30,,7421,16,,,0,70,,7426,16,,,0,27,,7418,16,,,0,70,,7420,16,,,0,30,,7398,16,,,0,15,,7386,16,,,0,55,,7389,16,,,0,15,,7408,16,,,0,15,,7406,16,,,0,15,,7399,16,,,0,55,,7405,16,,,0,15,,7390,16,,,0,15,,7409,16,,,0,15,,7397,16,,,0,55,,7400,16,,,0,15,,7415,16,,,0,15,,7391,16,,,0,15,,7410,16,,,0,55,,7404,16,,,0,15,,7401,16,,,0,15,,7395,16,,,0,15,,7392,16,,,0,55,,7411,16,,,0,15,,7388,16,,,0,15,,7402,16,,,0,15,,7414,16,,,0,55,,7393,16,,,0,15,,7412,16,,,0,15,,7407,16,,,0,15,,7403,16,,,0,55,,7387,16,,,0,15,,7394,16,,,0,15,,7413,16,,,0,15,,7396,16,,,0,55,,7385,16,,,0,30,,7416,16,,,0,69,,7422,16,,,0,30,,7417,16,,,0,70,,7423,16,,,0,30,,7419,16,,,0,70,,7424,16,,,0,30,,7425,16,,,0
1000,'Holiday3-505-1111111',711,,7434,16,,,0,30,,7435,16,,,0,70,,7436,16,,,0,30,,7437,16,,,0,70,,7438,16,,,0,16,,7478,16,,,0,15,,7439,16,,,0,15,,7440,16,,,0,55,,7441,16,,,0,15,,7442,16,,,0,15,,7443,16,,,0,15,,7444,16,,,0,55,,7445,16,,,0,15,,7446,16,,,0,15,,7447,16,,,0,15,,7448,16,,,0,55,,7449,16,,,0,15,,7450,16,,,0,15,,7451,16,,,0,15,,7452,16,,,0,55,,7453,16,,,0,15,,7454,16,,,0,15,,7455,16,,,0,15,,7456,16,,,0,55,,7457,16,,,0,15,,7458,16,,,0,15,,7459,16,,,0,15,,7460,16,,,0,55,,7461,16,,,0,15,,7462,16,,,0,15,,7463,16,,,0,15,,7464,16,,,0,55,,7465,16,,,0,15,,7466,16,,,0,15,,7467,16,,,0,15,,7468,16,,,0,55,,7469,16,,,0,15,,7470,16,,,0,15,,7471,16,,,0,15,,7472,16,,,0,55,,7473,16,,,0,15,,7474,16,,,0,15,,7475,16,,,0,69,,7476,16,,,0,30,,7477,16,,,0,70,,7430,16,,,0,30,,7428,16,,,0,70,,7432,16,,,0,30,,7431,16,,,0,70,,7429,16,,,0,30,,7433,16,,,0
1000,'Saturday',711,,7485,16,,,0,30,,7486,16,,,0,70,,7487,16,,,0,30,,7488,16,,,0,70,,7489,16,,,0,16,,7529,16,,,0,15,,7490,16,,,0,15,,7491,16,,,0,55,,7492,16,,,0,15,,7493,16,,,0,15,,7494,16,,,0,15,,7495,16,,,0,55,,7496,16,,,0,15,,7497,16,,,0,15,,7498,16,,,0,15,,7499,16,,,0,55,,7500,16,,,0,15,,7501,16,,,0,15,,7502,16,,,0,15,,7503,16,,,0,55,,7504,16,,,0,15,,7505,16,,,0,15,,7506,16,,,0,15,,7507,16,,,0,55,,7508,16,,,0,15,,7509,16,,,0,15,,7510,16,,,0,15,,7511,16,,,0,55,,7512,16,,,0,15,,7513,16,,,0,15,,7514,16,,,0,15,,7515,16,,,0,55,,7516,16,,,0,15,,7517,16,,,0,15,,7518,16,,,0,15,,7519,16,,,0,55,,7520,16,,,0,15,,7521,16,,,0,15,,7522,16,,,0,15,,7523,16,,,0,55,,7524,16,,,0,15,,7525,16,,,0,15,,7526,16,,,0,69,,7527,16,,,0,30,,7528,16,,,0,70,,7481,16,,,0,30,,7479,16,,,0,70,,7483,16,,,0,30,,7482,16,,,0,70,,7480,16,,,0,30,,7484,16,,,0
1000,'Sunday',815,,7572,16,,,0,30,,7566,16,,,0,70,,7571,16,,,0,27,,7563,16,,,0,70,,7565,16,,,0,30,,7543,16,,,0,15,,7531,16,,,0,55,,7534,16,,,0,15,,7553,16,,,0,15,,7551,16,,,0,15,,7544,16,,,0,55,,7550,16,,,0,15,,7535,16,,,0,15,,7554,16,,,0,15,,7542,16,,,0,55,,7545,16,,,0,15,,7560,16,,,0,15,,7536,16,,,0,15,,7555,16,,,0,55,,7549,16,,,0,15,,7546,16,,,0,15,,7540,16,,,0,15,,7537,16,,,0,55,,7556,16,,,0,15,,7533,16,,,0,15,,7547,16,,,0,15,,7559,16,,,0,55,,7538,16,,,0,15,,7557,16,,,0,15,,7552,16,,,0,15,,7548,16,,,0,55,,7532,16,,,0,15,,7539,16,,,0,15,,7558,16,,,0,15,,7541,16,,,0,55,,7530,16,,,0,30,,7561,16,,,0,69,,7567,16,,,0,30,,7562,16,,,0,70,,7568,16,,,0,30,,7564,16,,,0,70,,7569,16,,,0,30,,7570,16,,,0
1000,'Weekday',504,,7583,16,,,0,30,,7592,16,,,0,66,,7578,16,,,0,27,,7609,16,,,0,15,,7606,16,,,0,15,,7610,16,,,0,50,,7602,16,,,0,17,,7611,16,,,0,15,,7587,16,,,0,15,,7612,16,,,0,55,,7593,16,,,0,17,,7613,16,,,0,15,,7573,16,,,0,15,,7614,16,,,0,55,,7599,16,,,0,15,,7615,16,,,0,15,,7608,16,,,0,15,,7616,16,,,0,55,,7605,16,,,0,15,,7617,16,,,0,15,,7594,16,,,0,15,,7618,16,,,0,55,,7590,16,,,0,15,,7619,16,,,0,15,,7582,16,,,0,15,,7620,16,,,0,58,,7591,16,,,0,12,,7621,16,,,0,15,,7577,16,,,0,15,,7622,16,,,0,55,,7595,16,,,0,15,,7623,16,,,0,15,,7607,16,,,0,15,,7624,16,,,0,56,,7581,16,,,0,15,,7625,16,,,0,15,,7604,16,,,0,17,,7626,16,,,0,55,,7601,16,,,0,15,,7627,16,,,0,15,,7596,16,,,0,56,,7628,16,,,0,12,,7600,16,,,0,16,,7629,16,,,0,14,,7589,16,,,0,58,,7630,16,,,0,15,,7584,16,,,0,15,,7631,16,,,0,15,,7586,16,,,0,55,,7632,16,,,0,13,,7597,16,,,0,15,,7633,16,,,0,12,,7585,16,,,0,15,,7634,16,,,0,55,,7580,16,,,0,30,,7603,16,,,0,70,,7588,16,,,0,30,,7598,16,,,0,70,,7574,16,,,0,30,,7576,16,,,0,69,,7579,16,,,0,30,,7575,16,,,0
5000,'Holiday3-505-1111111',2308,,8851,15,,,0,100,,8850,15,,,0,100,,8852,15,0,8 4 9 10,0
5000,'Saturday',2308,,8854,15,,,0,100,,8853,15,,,0,100,,8855,15,0,8 4 9 10,0
5000,'Weekday',2318,,8857,15,,,0,90,,8856,15,,,0,100,,8858,15,0,8 4 9 10,0
