101,'Holiday21111111',644,,3090,16,,,0,15,,3091,16,,,0,55,,3092,16,,,0,15,,3093,16,,,0,15,,3094,16,,,0,15,,3095,16,,,0,55,,3096,16,,,0,15,,3097,16,,,0,10,,3098,16,,,0,15,,3099,16,,,0,56,,3100,16,,,0,15,,3101,16,,,0,15,,3102,16,,,0,15,,3103,16,,,0,55,,3104,16,,,0,15,,3105,16,,,0,15,,3106,16,,,0,15,,3107,16,,,0,55,,3108,16,,,0,15,,3109,16,,,0,15,,3110,16,,,0,15,,3111,16,,,0,55,,3112,16,,,0,15,,3113,16,,,0,15,,3114,16,,,0,15,,3115,16,,,0,55,,3116,16,,,0,15,,3117,16,,,0,15,,3118,16,,,0,15,,3119,16,,,0,55,,3120,16,,,0,15,,3121,16,,,0,15,,3122,16,,,0,15,,3123,16,,,0,55,,3124,16,,,0,15,,3125,16,,,0,15,,3126,16,,,0,15,,3127,16,,,0,55,,3128,16,,,0,15,,3129,16,,,0,15,,3130,16,,,0,15,,3131,16,,,0,55,,3132,16,,,0,15,,3133,16,,,0,15,,3134,16,,,0,15,,3135,16,,,0,54,,3136,16,,,0,18,,3137,16,,,0,15,,3138,16,,,0,15,,3139,16,,,0,55,,3140,16,,,0,15,,3085,16,,,0,30,,3087,16,,,0,70,,3089,16,,,0,30,,3086,16,,,0,70,,3088,16,,,0,30,,3142,16,,,0,70,,3141,16,,,0
101,'Saturday',644,,3154,16,,,0,15,,3155,16,,,0,55,,3156,16,,,0,10,,3157,16,,,0,15,,3158,16,,,0,15,,3159,16,,,0,55,,3160,16,,,0,15,,3161,16,,,0,15,,3162,16,,,0,15,,3163,16,,,0,56,,3164,16,,,0,15,,3165,16,,,0,15,,3166,16,,,0,15,,3167,16,,,0,55,,3168,16,,,0,14,,3169,16,,,0,11,,3206,16,,,0,14,,3170,16,,,0,54,,3171,16,,,0,14,,3172,16,,,0,14,,3173,16,,,0,14,,3174,16,,,0,14,,3175,16,,,0,54,,3205,16,,,0,14,,3176,16,,,0,14,,3177,16,,,0,14,,3178,16,,,0,54,,3179,16,,,0,13,,3180,16,,,0,14,,3181,16,,,0,14,,3203,16,,,0,54,,3182,16,,,0,14,,3183,16,,,0,14,,3184,16,,,0,14,,3185,16,,,0,54,,3186,16,,,0,14,,3187,16,,,0,14,,3204,16,,,0,14,,3188,16,,,0,14,,3189,16,,,0,54,,3190,16,,,0,14,,3191,16,,,0,14,,3192,16,,,0,14,,3193,16,,,0,54,,3194,16,,,0,15,,3195,16,,,0,15,,3196,16,,,0,15,,3197,16,,,0,55,,3198,16,,,0,17,,3199,16,,,0,18,,3200,16,,,0,15,,3201,16,,,0,55,,3202,16,,,0,18,,3146,16,,,0,30,,3149,16,,,0,70,,3143,16,,,0,30,,3147,16,,,0,69,,3150,16,,,0,30,,3144,16,,,0,70,,3148,16,,,0,30,,3151,16,,,0,70,,3145,16,,,0,30,,3152,16,,,0,69,,3153,16,,,0
101,'Sunday',644,,3214,16,,,0,15,,3215,16,,,0,55,,3216,16,,,0,10,,3217,16,,,0,15,,3218,16,,,0,15,,3219,16,,,0,55,,3220,16,,,0,15,,3221,16,,,0,15,,3222,16,,,0,15,,3223,16,,,0,56,,3224,16,,,0,15,,3225,16,,,0,15,,3226,16,,,0,15,,3227,16,,,0,55,,3228,16,,,0,14,,3229,16,,,0,11,,3266,16,,,0,14,,3230,16,,,0,54,,3231,16,,,0,14,,3232,16,,,0,14,,3233,16,,,0,14,,3234,16,,,0,14,,3235,16,,,0,54,,3265,16,,,0,14,,3236,16,,,0,14,,3237,16,,,0,14,,3238,16,,,0,54,,3239,16,,,0,13,,3240,16,,,0,14,,3241,16,,,0,14,,3263,16,,,0,54,,3242,16,,,0,14,,3243,16,,,0,14,,3244,16,,,0,14,,3245,16,,,0,54,,3246,16,,,0,14,,3247,16,,,0,14,,3264,16,,,0,14,,3248,16,,,0,14,,3249,16,,,0,54,,3250,16,,,0,14,,3251,16,,,0,14,,3252,16,,,0,14,,3253,16,,,0,54,,3254,16,,,0,15,,3255,16,,,0,15,,3256,16,,,0,15,,3257,16,,,0,55,,3258,16,,,0,17,,3259,16,,,0,18,,3260,16,,,0,15,,3261,16,,,0,55,,3262,16,,,0,18,,3209,16,,,0,30,,3212,16,,,0,70,,3207,16,,,0,30,,3210,16,,,0,69,,3213,16,,,0,30,,3208,16,,,0,70,,3211,16,,,0
101,'Weekday',500,,3356,16,,,0,15,,3357,16,,,0,12,,3358,16,,,0,12,,3359,16,,,0,12,,3360,16,,,0,52,,3361,16,,,0,14,,3365,16,,,0,12,,3364,16,,,0,12,,3362,16,,,0,15,,3349,16,,,0,54,,3352,16,,,0,12,,3353,16,,,0,12,,3350,16,,,0,12,,3354,16,,,0,12,,3355,16,,,0,52,,3309,16,,,0,12,,3296,16,,,0,12,,3297,16,,,0,12,,3298,16,,,0,12,,3299,16,,,0,53,,3300,16,,,0,12,,3301,16,,,0,12,,3302,16,,,0,12,,3303,16,,,0,12,,3304,16,,,0,52,,3305,16,,,0,12,,3306,16,,,0,12,,3307,16,,,0,12,,3308,16,,,0,12,,3284,16,,,0,52,,3289,16,,,0,12,,3290,16,,,0,12,,3288,16,,,0,12,,3295,16,,,0,12,,3286,16,,,0,52,,3282,16,,,0,12,,3283,16,,,0,12,,3285,16,,,0,12,,3294,16,,,0,12,,3291,16,,,0,51,,3366,16,,,0,9,,3293,16,,,0,11,,3292,16,,,0,11,,3344,16,,,0,10,,3287,16,,,0,50,,3345,16,,,0,9,,3367,16,,,0,10,,3346,16,,,0,9,,3347,16,,,0,9,,3348,16,,,0,10,,3318,16,,,0,9,,3320,16,,,0,50,,3313,16,,,0,11,,3316,16,,,0,9,,3329,16,,,0,11,,3322,16,,,0,11,,3336,16,,,0,9,,3351,16,,,0,50,,3327,16,,,0,11,,3332,16,,,0,11,,3335,16,,,0,11,,3330,16,,,0,11,,3324,16,,,0,51,,3328,16,,,0,9,,3325,16,,,0,10,,3317,16,,,0,10,,3334,16,,,0,10,,3337,16,,,0,10,,3331,16,,,0,50,,3315,16,,,0,11,,3333,16,,,0,13,,3321,16,,,0,11,,3326,16,,,0,12,,3314,16,,,0,10,,3323,16,,,0,50,,3312,16,,,0,9,,3319,16,,,0,10,,3310,16,,,0,10,,3311,16,,,0,10,,3338,16,,,0,10,,3339,16,,,0,51,,3340,16,,,0,12,,3341,16,,,0,12,,3342,16,,,0,12,,3343,16,,,0,11,,3267,16,,,0,55,,3268,16,,,0,15,,3270,16,,,0,15,,3269,16,,,0,15,,3272,16,,,0,59,,3271,16,,,0,20,,3277,16,,,0,15,,3273,16,,,0,55,,3278,16,,,0,15,,3274,16,,,0,15,,3279,16,,,0,15,,3275,16,,,0,55,,3280,16,,,0,14,,3276,16,,,0,15,,3281,16,,,0,15,,3363,16,,,0
601,'Holiday21111111',834,,4181,30,,,0,100,,4182,30,,,0,113,,4183,30,,,0,100,,4184,30,,,0,100,,4185,30,,,0,100,,4186,30,,,0,104,,4187,30,,,0,100,,4188,30,,,0,100,,4189,30,,,0,100,,4190,30,,,0,100,,4191,30,,,0,100,,4192,30,,,0
601,'Saturday',734,,4207,30,,,0,100,,4206,30,,,0,100,,4205,30,,,0,110,,4204,30,,,0,100,,4203,30,,,0,100,,4202,30,,,0,100,,4201,30,,,0,100,,4200,30,,,0,100,,4199,30,,,0,100,,4198,30,,,0,100,,4197,30,,,0,100,,4196,30,,,0,100,,4195,30,,,0,100,,4194,30,,,0,100,,4193,30,,,0
601,'Sunday',834,,4208,30,,,0,100,,4209,30,,,0,113,,4210,30,,,0,100,,4211,30,,,0,100,,4212,30,,,0,100,,4213,30,,,0,104,,4214,30,,,0,100,,4215,30,,,0,100,,4216,30,,,0,100,,4217,30,,,0,100,,4218,30,,,0,100,,4219,30,,,0
601,'Weekday',543,,4220,30,,,0,102,,4221,30,,,0,70,,4222,30,,,0,30,,4223,30,,,0,75,,4224,30,,,0,30,,4225,30,,,0,69,,4226,30,,,0,30,,4227,30,,,0,65,,4228,30,,,0,30,,4229,30,,,0,70,,4230,30,,,0,30,,4231,30,,,0,70,,4232,30,,,0,30,,4233,30,,,0,70,,4234,30,,,0,30,,4235,30,,,0,70,,4236,30,,,0,32,,4237,30,,,0,73,,4238,30,,,0,33,,4239,30,,,0,70,,4240,30,,,0,30,,4241,30,,,0,70,,4242,30,,,0,31,,4243,30,,,0,68,,4244,30,,,0,30,,4245,30,,,0,70,,4246,30,,,0,26,,4247,30,,,0,100,,4248,30,,,0,100,,4249,30,,,0
5001,'Saturday',2343,,5446,34,,,0,97,,5445,34,,,0
5001,'Weekday',2343,,5448,34,,,0,97,,5447,34,,,0
5101,'Saturday',2344,,5456,30,,,0,97,,5455,30,,,0
5101,'Weekday',2344,,5459,30,,,0,97,,5458,30,,,0
8001,'Weekday',522,,5499,2,,,0,30,,5505,21,,,0,71,,5500,21,,,0,30,,5506,21,,,0,73,,5501,21,,,0,30,,5507,21,,,0,77,,5502,21,,,0,70,,5508,21,,,0,30,,5503,21,,,0,70,,5509,21,,,0,29,,5504,21,,,0,70,,5510,21,,,0,30,,5519,21,,,0,70,,5511,21,,,0,26,,5520,21,,,0,30,,5512,21,,,0,70,,5521,21,,,0,30,,5513,21,,,0,72,,5522,21,,,0,70,,5514,21,,,0,29,,5526,21,,,0,21,,5527,21,,,0,60,,5515,21,,,0,23,,5523,21,,,0,70,,5516,21,,,0,28,,5524,21,,,0,70,,5517,21,,,0,26,,5525,21,,,0,30,,5518,21,,,0
8101,'Weekday',608,,5560,40,,,0,31,,5565,40,,,0,70,,5561,40,,,0,33,,5566,40,,,0,70,,5562,40,,,0,37,,5567,40,,,0,70,,5563,40,,,0,28,,5568,40,,,0,70,,5564,40,,,0,30,,5571,40,,,0,70,,5572,40,,,0,30,,5573,40,,,0,70,,5574,40,,,0,25,,5575,40,,,0,70,,5576,40,,,0,30,,5577,40,,,0,70,,5578,40,,,0,32,,5579,40,,,0,70,,5580,40,,,0,36,,5569,40,,,0,70,,5581,40,,,0,32,,5570,40,,,0,70,,5558,40,,,0,21,,5556,40,,,0,70,,5557,40,,,0,29,,5582,40,,,0,70,,5559,40,,,0
