401,'Holiday21111111',1059,,7158,41,,,0,100,,7154,41,,,0,100,,7151,41,,,0,100,,7155,41,,,0,100,,7152,41,,,0,100,,7156,41,,,0,100,,7153,41,,,0,98,,7157,41,,,0
401,'Holiday3-505-1111111',959,,7159,41,,,0,100,,7164,41,,,0,100,,7160,41,,,0,100,,7165,41,,,0,100,,7161,41,,,0,100,,7166,41,,,0,100,,7162,41,,,0,100,,7167,41,,,0,98,,7163,41,,,0,100,,7168,41,,,0,100,,7169,41,,,0
401,'Saturday',959,,7170,41,,,0,100,,7175,41,,,0,100,,7171,41,,,0,100,,7176,41,,,0,100,,7172,41,,,0,100,,7177,41,,,0,100,,7173,41,,,0,100,,7178,41,,,0,98,,7174,41,,,0,100,,7179,41,,,0,100,,7180,41,,,0
401,'Sunday',1059,,7188,41,,,0,100,,7184,41,,,0,100,,7181,41,,,0,100,,7185,41,,,0,100,,7182,41,,,0,100,,7186,41,,,0,100,,7183,41,,,0,98,,7187,41,,,0
401,'Weekday',557,,7189,41,,,0,101,,7190,41,,,0,71,,7191,41,,,0,29,,7192,41,,,0,71,,7193,41,,,0,30,,7194,41,,,0,70,,7195,41,,,0,30,,7196,41,,,0,70,,7197,41,,,0,30,,7198,41,,,0,70,,7199,41,,,0,30,,7200,41,,,0,70,,7201,41,,,0,30,,7202,41,,,0,70,,7203,41,,,0,30,,7204,41,,,0,71,,7205,41,,,0,70,,7206,41,,,0,30,,7207,41,,,0,74,,7208,41,,,0,30,,7209,41,,,0,66,,7210,41,,,0,28,,7211,41,,,0,30,,7212,41,,,0,142,,7213,41,,,0,59,,7214,41,,,0
1001,'Holiday21111111',810,,7659,45,,,0,30,,7676,45,,,0,70,,7677,45,,,0,31,,7675,45,,,0,71,,7657,45,,,0,30,,7662,45,,,0,15,,7661,45,,,0,55,,7663,45,,,0,15,,7664,45,,,0,15,,7665,45,,,0,15,,7666,45,,,0,55,,7667,45,,,0,15,,7668,45,,,0,15,,7669,45,,,0,15,,7670,45,,,0,55,,7671,45,,,0,15,,7672,45,,,0,15,,7673,45,,,0,15,,7674,45,,,0,55,,7660,45,,,0,15,,7658,45,,,0,15,,7652,45,,,0,15,,7635,45,,,0,55,,7645,45,,,0,15,,7647,45,,,0,15,,7650,45,,,0,15,,7640,45,,,0,55,,7654,45,,,0,15,,7644,45,,,0,15,,7648,45,,,0,15,,7636,45,,,0,55,,7641,45,,,0,15,,7655,45,,,0,15,,7643,45,,,0,10,,7649,45,,,0,59,,7642,45,,,0,30,,7638,45,,,0,70,,7653,45,,,0,29,,7637,45,,,0,69,,7646,45,,,0,30,,7656,45,,,0,70,,7639,45,,,0,30,,7651,45,,,0
1001,'Holiday3-505-1111111',740,,7720,45,,,0,70,,7721,45,,,0,30,,7722,45,,,0,70,,7723,45,,,0,31,,7724,45,,,0,16,,7726,45,,,0,55,,7725,45,,,0,15,,7727,45,,,0,15,,7711,45,,,0,15,,7719,45,,,0,55,,7696,45,,,0,15,,7703,45,,,0,15,,7684,45,,,0,15,,7712,45,,,0,55,,7693,45,,,0,15,,7697,45,,,0,15,,7704,45,,,0,15,,7685,45,,,0,55,,7713,45,,,0,15,,7708,45,,,0,15,,7698,45,,,0,15,,7705,45,,,0,55,,7686,45,,,0,15,,7714,45,,,0,15,,7707,45,,,0,15,,7699,45,,,0,55,,7692,45,,,0,15,,7687,45,,,0,15,,7715,45,,,0,15,,7694,45,,,0,55,,7700,45,,,0,15,,7691,45,,,0,15,,7688,45,,,0,15,,7716,45,,,0,55,,7709,45,,,0,15,,7701,45,,,0,15,,7706,45,,,0,15,,7689,45,,,0,55,,7717,45,,,0,14,,7710,45,,,0,15,,7702,45,,,0,15,,7695,45,,,0,55,,7690,45,,,0,29,,7718,45,,,0,69,,7678,45,,,0,30,,7682,45,,,0,70,,7680,45,,,0,30,,7679,45,,,0,70,,7683,45,,,0,30,,7681,45,,,0
1001,'Saturday',740,,7770,45,,,0,70,,7771,45,,,0,30,,7772,45,,,0,70,,7773,45,,,0,31,,7774,45,,,0,16,,7776,45,,,0,55,,7775,45,,,0,15,,7777,45,,,0,15,,7761,45,,,0,15,,7769,45,,,0,55,,7746,45,,,0,15,,7753,45,,,0,15,,7734,45,,,0,15,,7762,45,,,0,55,,7743,45,,,0,15,,7747,45,,,0,15,,7754,45,,,0,15,,7735,45,,,0,55,,7763,45,,,0,15,,7758,45,,,0,15,,7748,45,,,0,15,,7755,45,,,0,55,,7736,45,,,0,15,,7764,45,,,0,15,,7757,45,,,0,15,,7749,45,,,0,55,,7742,45,,,0,15,,7737,45,,,0,15,,7765,45,,,0,15,,7744,45,,,0,55,,7750,45,,,0,15,,7741,45,,,0,15,,7738,45,,,0,15,,7766,45,,,0,55,,7759,45,,,0,15,,7751,45,,,0,15,,7756,45,,,0,15,,7739,45,,,0,55,,7767,45,,,0,14,,7760,45,,,0,15,,7752,45,,,0,15,,7745,45,,,0,55,,7740,45,,,0,29,,7768,45,,,0,69,,7728,45,,,0,30,,7732,45,,,0,70,,7730,45,,,0,30,,7729,45,,,0,70,,7733,45,,,0,30,,7731,45,,,0
1001,'Sunday',810,,7802,45,,,0,30,,7819,45,,,0,70,,7820,45,,,0,31,,7818,45,,,0,71,,7800,45,,,0,30,,7805,45,,,0,15,,7804,45,,,0,55,,7806,45,,,0,15,,7807,45,,,0,15,,7808,45,,,0,15,,7809,45,,,0,55,,7810,45,,,0,15,,7811,45,,,0,15,,7812,45,,,0,15,,7813,45,,,0,55,,7814,45,,,0,15,,7815,45,,,0,15,,7816,45,,,0,15,,7817,45,,,0,55,,7803,45,,,0,15,,7801,45,,,0,15,,7795,45,,,0,15,,7778,45,,,0,55,,7788,45,,,0,15,,7790,45,,,0,15,,7793,45,,,0,15,,7783,45,,,0,55,,7797,45,,,0,15,,7787,45,,,0,15,,7791,45,,,0,15,,7779,45,,,0,55,,7784,45,,,0,15,,7798,45,,,0,15,,7786,45,,,0,10,,7792,45,,,0,59,,7785,45,,,0,30,,7781,45,,,0,70,,7796,45,,,0,29,,7780,45,,,0,69,,7789,45,,,0,30,,7799,45,,,0,70,,7782,45,,,0,30,,7794,45,,,0
1001,'Weekday',538,,7821,45,,,0,68,,7822,45,,,0,30,,7823,45,,,0,15,,7856,45,,,0,55,,7824,45,,,0,15,,7857,45,,,0,17,,7825,45,,,0,15,,7858,45,,,0,55,,7826,45,,,0,20,,7859,45,,,0,15,,7827,45,,,0,15,,7860,45,,,0,55,,7828,45,,,0,15,,7861,45,,,0,15,,7829,45,,,0,15,,7862,45,,,0,55,,7830,45,,,0,15,,7863,45,,,0,15,,7831,45,,,0,15,,7864,45,,,0,55,,7832,45,,,0,15,,7865,45,,,0,15,,7833,45,,,0,15,,7866,45,,,0,55,,7834,45,,,0,15,,7867,45,,,0,15,,7835,45,,,0,15,,7868,45,,,0,55,,7836,45,,,0,15,,7869,45,,,0,15,,7837,45,,,0,15,,7870,45,,,0,55,,7838,45,,,0,17,,7871,45,,,0,15,,7839,45,,,0,55,,7872,45,,,0,15,,7840,45,,,0,15,,7873,45,,,0,12,,7841,45,,,0,15,,7874,45,,,0,55,,7842,45,,,0,15,,7875,45,,,0,15,,7843,45,,,0,15,,7876,45,,,0,52,,7844,45,,,0,15,,7877,45,,,0,15,,7845,45,,,0,18,,7878,45,,,0,55,,7846,45,,,0,12,,7879,45,,,0,18,,7847,45,,,0,15,,7880,45,,,0,55,,7848,45,,,0,30,,7849,45,,,0,70,,7850,45,,,0,30,,7851,45,,,0,70,,7852,45,,,0,29,,7853,45,,,0,70,,7854,45,,,0,30,,7855,45,,,0
5201,'Holiday3-505-1111111',2339,,8893,17,,,0,98,,8892,17,,,0
5201,'Saturday',2339,,8895,17,,,0,98,,8894,17,,,0
5201,'Weekday',2349,,8897,17,,,0,88,,8896,17,,,0
