401,'Holiday21111111',1038,,4065,4,,,0,100,,4061,4,,,0,100,,4058,4,,,0,100,,4062,4,,,0,100,,4059,4,,,0,100,,4063,4,,,0,100,,4060,4,,,0,100,,4064,4,,,0
401,'Saturday',938,,4066,4,,,0,100,,4071,4,,,0,100,,4067,4,,,0,100,,4072,4,,,0,100,,4068,4,,,0,100,,4073,4,,,0,100,,4069,4,,,0,100,,4074,4,,,0,100,,4070,4,,,0,100,,4075,4,,,0,100,,4076,4,,,0
401,'Sunday',1038,,4084,4,,,0,100,,4080,4,,,0,100,,4077,4,,,0,100,,4081,4,,,0,100,,4078,4,,,0,100,,4082,4,,,0,100,,4079,4,,,0,100,,4083,4,,,0
401,'Weekday',537,,4092,4,,,0,100,,4099,4,,,0,70,,4110,4,,,0,34,,4091,4,,,0,66,,4100,4,,,0,30,,4098,4,,,0,70,,4101,4,,,0,30,,4090,4,,,0,70,,4102,4,,,0,30,,4097,4,,,0,70,,4103,4,,,0,30,,4089,4,,,0,70,,4104,4,,,0,30,,4096,4,,,0,70,,4105,4,,,0,30,,4088,4,,,0,70,,4106,4,,,0,30,,4095,4,,,0,71,,4107,4,,,0,31,,4087,4,,,0,70,,4108,4,,,0,29,,4094,4,,,0,69,,4109,4,,,0,31,,4086,4,,,0,100,,4093,4,,,0,99,,4085,4,,,0
1001,'Holiday21111111',751,,4473,4,,,0,70,,4490,4,,,0,30,,4491,4,,,0,70,,4489,4,,,0,30,,4471,4,,,0,70,,4476,4,,,0,15,,4475,4,,,0,15,,4477,4,,,0,55,,4478,4,,,0,15,,4479,4,,,0,15,,4480,4,,,0,15,,4481,4,,,0,55,,4482,4,,,0,15,,4483,4,,,0,15,,4484,4,,,0,15,,4485,4,,,0,55,,4486,4,,,0,15,,4487,4,,,0,15,,4488,4,,,0,15,,4474,4,,,0,55,,4472,4,,,0,15,,4466,4,,,0,15,,4449,4,,,0,15,,4459,4,,,0,55,,4461,4,,,0,15,,4464,4,,,0,15,,4454,4,,,0,15,,4468,4,,,0,55,,4458,4,,,0,15,,4462,4,,,0,15,,4450,4,,,0,15,,4455,4,,,0,55,,4469,4,,,0,15,,4457,4,,,0,10,,4463,4,,,0,19,,4456,4,,,0,71,,4452,4,,,0,30,,4467,4,,,0,70,,4451,4,,,0,30,,4460,4,,,0,70,,4470,4,,,0,30,,4453,4,,,0,70,,4465,4,,,0
1001,'Saturday',721,,4534,4,,,0,30,,4535,4,,,0,70,,4536,4,,,0,30,,4537,4,,,0,70,,4538,4,,,0,15,,4540,4,,,0,15,,4539,4,,,0,55,,4541,4,,,0,15,,4525,4,,,0,15,,4533,4,,,0,15,,4510,4,,,0,55,,4517,4,,,0,15,,4498,4,,,0,15,,4526,4,,,0,15,,4507,4,,,0,55,,4511,4,,,0,15,,4518,4,,,0,15,,4499,4,,,0,15,,4527,4,,,0,55,,4522,4,,,0,15,,4512,4,,,0,15,,4519,4,,,0,15,,4500,4,,,0,55,,4528,4,,,0,15,,4521,4,,,0,15,,4513,4,,,0,15,,4506,4,,,0,55,,4501,4,,,0,15,,4529,4,,,0,15,,4508,4,,,0,15,,4514,4,,,0,55,,4505,4,,,0,15,,4502,4,,,0,15,,4530,4,,,0,15,,4523,4,,,0,55,,4515,4,,,0,15,,4520,4,,,0,15,,4503,4,,,0,15,,4531,4,,,0,55,,4524,4,,,0,15,,4516,4,,,0,15,,4509,4,,,0,15,,4504,4,,,0,70,,4532,4,,,0,30,,4492,4,,,0,70,,4496,4,,,0,30,,4494,4,,,0,70,,4493,4,,,0,30,,4497,4,,,0,70,,4495,4,,,0
1001,'Sunday',751,,4566,4,,,0,70,,4583,4,,,0,30,,4584,4,,,0,70,,4582,4,,,0,30,,4564,4,,,0,70,,4569,4,,,0,15,,4568,4,,,0,15,,4570,4,,,0,55,,4571,4,,,0,15,,4572,4,,,0,15,,4573,4,,,0,15,,4574,4,,,0,55,,4575,4,,,0,15,,4576,4,,,0,15,,4577,4,,,0,15,,4578,4,,,0,55,,4579,4,,,0,15,,4580,4,,,0,15,,4581,4,,,0,15,,4567,4,,,0,55,,4565,4,,,0,15,,4559,4,,,0,15,,4542,4,,,0,15,,4552,4,,,0,55,,4554,4,,,0,15,,4557,4,,,0,15,,4547,4,,,0,15,,4561,4,,,0,55,,4551,4,,,0,15,,4555,4,,,0,15,,4543,4,,,0,15,,4548,4,,,0,55,,4562,4,,,0,15,,4550,4,,,0,10,,4556,4,,,0,19,,4549,4,,,0,71,,4545,4,,,0,30,,4560,4,,,0,70,,4544,4,,,0,30,,4553,4,,,0,70,,4563,4,,,0,30,,4546,4,,,0,70,,4558,4,,,0
1001,'Weekday',517,,4585,4,,,0,30,,4586,4,,,0,70,,4587,4,,,0,15,,4620,4,,,0,15,,4588,4,,,0,56,,4621,4,,,0,15,,4589,4,,,0,15,,4622,4,,,0,15,,4590,4,,,0,55,,4623,4,,,0,18,,4591,4,,,0,15,,4624,4,,,0,15,,4592,4,,,0,55,,4625,4,,,0,15,,4593,4,,,0,15,,4626,4,,,0,15,,4594,4,,,0,55,,4627,4,,,0,15,,4595,4,,,0,15,,4628,4,,,0,15,,4596,4,,,0,55,,4629,4,,,0,15,,4597,4,,,0,15,,4630,4,,,0,15,,4598,4,,,0,55,,4631,4,,,0,15,,4599,4,,,0,15,,4632,4,,,0,15,,4600,4,,,0,55,,4633,4,,,0,15,,4601,4,,,0,15,,4634,4,,,0,15,,4602,4,,,0,55,,4635,4,,,0,15,,4603,4,,,0,15,,4636,4,,,0,15,,4604,4,,,0,55,,4637,4,,,0,12,,4605,4,,,0,15,,4638,4,,,0,15,,4606,4,,,0,55,,4639,4,,,0,15,,4607,4,,,0,15,,4640,4,,,0,12,,4608,4,,,0,55,,4641,4,,,0,15,,4609,4,,,0,16,,4642,4,,,0,16,,4610,4,,,0,56,,4643,4,,,0,15,,4611,4,,,0,15,,4644,4,,,0,18,,4612,4,,,0,70,,4613,4,,,0,30,,4614,4,,,0,70,,4615,4,,,0,30,,4616,4,,,0,70,,4617,4,,,0,30,,4618,4,,,0,70,,4619,4,,,0
2500,'Holiday21111111',747,,5167,4,,,0,70,,5179,4,,,0,30,,5168,4,,,0,70,,5180,4,,,0,35,,5169,4,,,0,70,,5181,4,,,0,30,,5170,4,,,0,70,,5182,4,,,0,30,,5171,4,,,0,70,,5183,4,,,0,30,,5172,4,,,0,70,,5184,4,,,0,30,,5173,4,,,0,70,,5185,4,,,0,30,,5174,4,,,0,70,,5186,4,,,0,30,,5175,4,,,0,70,,5187,4,,,0,30,,5176,4,,,0,70,,5188,4,,,0,30,,5177,4,,,0,70,,5189,4,,,0,30,,5178,4,,,0,70,,5190,4,,,0,30,,5191,4,,,0,70,,5192,4,,,0,30,,5193,4,,,0,70,,5194,4,,,0
2500,'Saturday',717,,5208,4,,,0,30,,5207,4,,,0,70,,5209,4,,,0,30,,5206,4,,,0,70,,5210,4,,,0,30,,5205,4,,,0,70,,5211,4,,,0,30,,5204,4,,,0,70,,5212,4,,,0,30,,5203,4,,,0,70,,5213,4,,,0,30,,5202,4,,,0,70,,5214,4,,,0,30,,5201,4,,,0,70,,5215,4,,,0,30,,5200,4,,,0,70,,5216,4,,,0,30,,5199,4,,,0,70,,5217,4,,,0,30,,5198,4,,,0,70,,5218,4,,,0,30,,5197,4,,,0,72,,5219,4,,,0,30,,5196,4,,,0,70,,5220,4,,,0,30,,5195,4,,,0,70,,5221,4,,,0,30,,5223,4,,,0,70,,5222,4,,,0,30,,5224,4,,,0
2500,'Sunday',747,,5225,4,,,0,70,,5237,4,,,0,30,,5226,4,,,0,70,,5238,4,,,0,30,,5227,4,,,0,70,,5239,4,,,0,30,,5228,4,,,0,70,,5240,4,,,0,30,,5229,4,,,0,70,,5241,4,,,0,30,,5230,4,,,0,70,,5242,4,,,0,30,,5231,4,,,0,70,,5243,4,,,0,30,,5232,4,,,0,70,,5244,4,,,0,30,,5233,4,,,0,70,,5245,4,,,0,30,,5234,4,,,0,70,,5246,4,,,0,30,,5235,4,,,0,72,,5247,4,,,0,30,,5236,4,,,0,70,,5248,4,,,0,30,,5249,4,,,0,70,,5250,4,,,0,30,,5251,4,,,0,70,,5252,4,,,0
2500,'Weekday',510,,5253,4,,,0,28,,5254,4,,,0,67,,5255,4,,,0,30,,5256,4,,,0,66,,5257,4,,,0,15,,5258,4,,,0,15,,5259,4,,,0,15,,5260,4,,,0,55,,5261,4,,,0,20,,5262,4,,,0,15,,5263,4,,,0,15,,5264,4,,,0,70,,5265,4,,,0,30,,5266,4,,,0,70,,5267,4,,,0,30,,5268,4,,,0,70,,5269,4,,,0,30,,5270,4,,,0,70,,5271,4,,,0,30,,5272,4,,,0,70,,5273,4,,,0,30,,5274,4,,,0,70,,5275,4,,,0,13,,5276,4,,,0,15,,5277,4,,,0,55,,5278,4,,,0,15,,5279,4,,,0,15,,5280,4,,,0,15,,5281,4,,,0,55,,5282,4,,,0,15,,5283,4,,,0,15,,5284,4,,,0,15,,5285,4,,,0,55,,5286,4,,,0,15,,5287,4,,,0,15,,5288,4,,,0,17,,5289,4,,,0,72,,5290,4,,,0,30,,5291,4,,,0,70,,5292,4,,,0,30,,5293,4,,,0,70,,5294,4,,,0,30,,5295,4,,,0,70,,5296,4,,,0,30,,5297,4,,,0,69,,5298,4,,,0,30,,5299,4,,,0,70,,5300,4,,,0
