400,'Holiday21111111',1225,,7084,81,,,0,100,,7088,81,,,0,100,,7085,81,,,0,100,,7089,81,,,0,100,,7086,81,,,0,100,,7090,81,,,0,100,,7087,81,,,0
400,'Holiday3-505-1111111',925,,7091,81,,,0,100,,7097,81,,,0,100,,7092,81,,,0,100,,7098,81,,,0,100,,7093,81,,,0,100,,7099,81,,,0,100,,7094,81,,,0,100,,7100,81,,,0,100,,7095,81,,,0,100,,7101,81,,,0,100,,7096,81,,,0,100,,7102,81,,,0,98,,7103,81,,,0
400,'Saturday',925,,7104,81,,,0,100,,7110,81,,,0,100,,7105,81,,,0,100,,7111,81,,,0,100,,7106,81,,,0,100,,7112,81,,,0,100,,7107,81,,,0,100,,7113,81,,,0,100,,7108,81,,,0,100,,7114,81,,,0,100,,7109,81,,,0,100,,7115,81,,,0,98,,7116,81,,,0
400,'Sunday',1225,,7117,81,,,0,100,,7121,81,,,0,100,,7118,81,,,0,100,,7122,81,,,0,100,,7119,81,,,0,100,,7123,81,,,0,100,,7120,81,,,0
400,'Weekday',624,,7124,81,,,0,101,,7125,81,,,0,105,,7126,81,,,0,23,,7127,81,,,0,77,,7128,81,,,0,29,,7129,81,,,0,70,,7130,81,,,0,30,,7131,81,,,0,70,,7132,81,,,0,30,,7133,81,,,0,70,,7134,81,,,0,30,,7135,81,,,0,70,,7136,81,,,0,30,,7137,81,,,0,70,,7138,81,,,0,30,,7139,81,,,0,74,,7140,81,,,0,71,,7141,81,,,0,26,,7142,81,,,0,70,,7143,81,,,0,30,,7144,81,,,0,70,,7145,81,,,0,32,,7146,81,,,0,27,,7150,81,,,0,70,,7147,81,,,0,96,,7148,81,,,0,99,,7149,81,,,0
1000,'Holiday21111111',836,,7427,62,,,0,70,,7421,62,,,0,30,,7426,62,,,0,69,,7418,62,,,0,30,,7420,62,,,0,70,,7398,62,,,0,15,,7386,62,,,0,15,,7389,62,,,0,15,,7408,62,,,0,55,,7406,62,,,0,15,,7399,62,,,0,15,,7405,62,,,0,15,,7390,62,,,0,55,,7409,62,,,0,15,,7397,62,,,0,15,,7400,62,,,0,15,,7415,62,,,0,55,,7391,62,,,0,15,,7410,62,,,0,15,,7404,62,,,0,15,,7401,62,,,0,55,,7395,62,,,0,15,,7392,62,,,0,15,,7411,62,,,0,15,,7388,62,,,0,55,,7402,62,,,0,15,,7414,62,,,0,15,,7393,62,,,0,15,,7412,62,,,0,55,,7407,62,,,0,15,,7403,62,,,0,15,,7387,62,,,0,15,,7394,62,,,0,55,,7413,62,,,0,15,,7396,62,,,0,15,,7385,62,,,0,70,,7416,62,,,0,27,,7422,62,,,0,70,,7417,62,,,0,30,,7423,62,,,0,70,,7419,62,,,0,30,,7424,62,,,0,70,,7425,62,,,0
1000,'Holiday3-505-1111111',731,,7434,62,,,0,70,,7435,62,,,0,31,,7436,62,,,0,70,,7437,62,,,0,30,,7438,62,,,0,18,,7478,62,,,0,55,,7439,62,,,0,15,,7440,62,,,0,15,,7441,62,,,0,15,,7442,62,,,0,55,,7443,62,,,0,15,,7444,62,,,0,15,,7445,62,,,0,15,,7446,62,,,0,55,,7447,62,,,0,15,,7448,62,,,0,15,,7449,62,,,0,15,,7450,62,,,0,55,,7451,62,,,0,15,,7452,62,,,0,15,,7453,62,,,0,15,,7454,62,,,0,55,,7455,62,,,0,15,,7456,62,,,0,15,,7457,62,,,0,15,,7458,62,,,0,55,,7459,62,,,0,15,,7460,62,,,0,15,,7461,62,,,0,15,,7462,62,,,0,55,,7463,62,,,0,15,,7464,62,,,0,15,,7465,62,,,0,15,,7466,62,,,0,55,,7467,62,,,0,15,,7468,62,,,0,15,,7469,62,,,0,15,,7470,62,,,0,55,,7471,62,,,0,15,,7472,62,,,0,15,,7473,62,,,0,15,,7474,62,,,0,55,,7475,62,,,0,27,,7476,62,,,0,70,,7477,62,,,0,30,,7430,62,,,0,70,,7428,62,,,0,30,,7432,62,,,0,70,,7431,62,,,0,30,,7429,62,,,0,70,,7433,62,,,0
1000,'Saturday',731,,7485,62,,,0,70,,7486,62,,,0,31,,7487,62,,,0,70,,7488,62,,,0,30,,7489,62,,,0,18,,7529,62,,,0,55,,7490,62,,,0,15,,7491,62,,,0,15,,7492,62,,,0,15,,7493,62,,,0,55,,7494,62,,,0,15,,7495,62,,,0,15,,7496,62,,,0,15,,7497,62,,,0,55,,7498,62,,,0,15,,7499,62,,,0,15,,7500,62,,,0,15,,7501,62,,,0,55,,7502,62,,,0,15,,7503,62,,,0,15,,7504,62,,,0,15,,7505,62,,,0,55,,7506,62,,,0,15,,7507,62,,,0,15,,7508,62,,,0,15,,7509,62,,,0,55,,7510,62,,,0,15,,7511,62,,,0,15,,7512,62,,,0,15,,7513,62,,,0,55,,7514,62,,,0,15,,7515,62,,,0,15,,7516,62,,,0,15,,7517,62,,,0,55,,7518,62,,,0,15,,7519,62,,,0,15,,7520,62,,,0,15,,7521,62,,,0,55,,7522,62,,,0,15,,7523,62,,,0,15,,7524,62,,,0,15,,7525,62,,,0,55,,7526,62,,,0,27,,7527,62,,,0,70,,7528,62,,,0,30,,7481,62,,,0,70,,7479,62,,,0,30,,7483,62,,,0,70,,7482,62,,,0,30,,7480,62,,,0,70,,7484,62,,,0
1000,'Sunday',836,,7572,62,,,0,70,,7566,62,,,0,30,,7571,62,,,0,69,,7563,62,,,0,30,,7565,62,,,0,70,,7543,62,,,0,15,,7531,62,,,0,15,,7534,62,,,0,15,,7553,62,,,0,55,,7551,62,,,0,15,,7544,62,,,0,15,,7550,62,,,0,15,,7535,62,,,0,55,,7554,62,,,0,15,,7542,62,,,0,15,,7545,62,,,0,15,,7560,62,,,0,55,,7536,62,,,0,15,,7555,62,,,0,15,,7549,62,,,0,15,,7546,62,,,0,55,,7540,62,,,0,15,,7537,62,,,0,15,,7556,62,,,0,15,,7533,62,,,0,55,,7547,62,,,0,15,,7559,62,,,0,15,,7538,62,,,0,15,,7557,62,,,0,55,,7552,62,,,0,15,,7548,62,,,0,15,,7532,62,,,0,15,,7539,62,,,0,55,,7558,62,,,0,15,,7541,62,,,0,15,,7530,62,,,0,70,,7561,62,,,0,27,,7567,62,,,0,70,,7562,62,,,0,30,,7568,62,,,0,70,,7564,62,,,0,30,,7569,62,,,0,70,,7570,62,,,0
1000,'Weekday',526,,7583,62,,,0,30,,7592,62,,,0,66,,7578,62,,,0,27,,7609,62,,,0,55,,7606,62,,,0,15,,7610,62,,,0,10,,7602,62,,,0,19,,7611,62,,,0,55,,7587,62,,,0,16,,7612,62,,,0,15,,7593,62,,,0,17,,7613,62,,,0,55,,7573,62,,,0,15,,7614,62,,,0,14,,7599,62,,,0,15,,7615,62,,,0,55,,7608,62,,,0,15,,7616,62,,,0,15,,7605,62,,,0,15,,7617,62,,,0,55,,7594,62,,,0,15,,7618,62,,,0,15,,7590,62,,,0,15,,7619,62,,,0,55,,7582,62,,,0,15,,7620,62,,,0,18,,7591,62,,,0,12,,7621,62,,,0,55,,7577,62,,,0,15,,7622,62,,,0,15,,7595,62,,,0,15,,7623,62,,,0,55,,7607,62,,,0,15,,7624,62,,,0,17,,7581,62,,,0,15,,7625,62,,,0,55,,7604,62,,,0,17,,7626,62,,,0,15,,7601,62,,,0,15,,7627,62,,,0,55,,7596,62,,,0,16,,7628,62,,,0,11,,7600,62,,,0,16,,7629,62,,,0,54,,7589,62,,,0,18,,7630,62,,,0,15,,7584,62,,,0,15,,7631,62,,,0,55,,7586,62,,,0,15,,7632,62,,,0,12,,7597,62,,,0,15,,7633,62,,,0,52,,7585,62,,,0,15,,7634,62,,,0,15,,7580,62,,,0,70,,7603,62,,,0,30,,7588,62,,,0,70,,7598,62,,,0,30,,7574,62,,,0,70,,7576,62,,,0,27,,7579,62,,,0,70,,7575,62,,,0
2501,'Holiday21111111',800,,8697,28,,,0,30,,8686,28,,,0,70,,8698,28,,,0,30,,8687,28,,,0,70,,8699,28,,,0,30,,8688,28,,,0,70,,8700,28,,,0,30,,8689,28,,,0,70,,8701,28,,,0,30,,8690,28,,,0,70,,8702,28,,,0,30,,8691,28,,,0,70,,8703,28,,,0,30,,8692,28,,,0,70,,8704,28,,,0,30,,8693,28,,,0,70,,8705,28,,,0,30,,8694,28,,,0,70,,8706,28,,,0,30,,8695,28,,,0,70,,8707,28,,,0,30,,8696,28,,,0,70,,8708,28,,,0,30,,8709,28,,,0,70,,8710,28,,,0,30,,8711,28,,,0,70,,8712,28,,,0,30,,8713,28,,,0
2501,'Holiday3-505-1111111',730,,8726,28,,,0,70,,8727,28,,,0,30,,8725,28,,,0,70,,8728,28,,,0,30,,8724,28,,,0,70,,8729,28,,,0,30,,8723,28,,,0,70,,8730,28,,,0,30,,8722,28,,,0,70,,8731,28,,,0,30,,8721,28,,,0,70,,8732,28,,,0,30,,8720,28,,,0,70,,8733,28,,,0,30,,8719,28,,,0,70,,8734,28,,,0,30,,8718,28,,,0,70,,8735,28,,,0,30,,8717,28,,,0,70,,8736,28,,,0,30,,8716,28,,,0,70,,8737,28,,,0,30,,8715,28,,,0,70,,8738,28,,,0,30,,8714,28,,,0,70,,8739,28,,,0,30,,8741,28,,,0,70,,8740,28,,,0,30,,8742,28,,,0,70,,8743,28,,,0
2501,'Saturday',730,,8756,28,,,0,70,,8757,28,,,0,30,,8755,28,,,0,70,,8758,28,,,0,30,,8754,28,,,0,70,,8759,28,,,0,30,,8753,28,,,0,70,,8760,28,,,0,30,,8752,28,,,0,70,,8761,28,,,0,30,,8751,28,,,0,70,,8762,28,,,0,30,,8750,28,,,0,70,,8763,28,,,0,30,,8749,28,,,0,70,,8764,28,,,0,30,,8748,28,,,0,70,,8765,28,,,0,30,,8747,28,,,0,70,,8766,28,,,0,30,,8746,28,,,0,70,,8767,28,,,0,30,,8745,28,,,0,70,,8768,28,,,0,30,,8744,28,,,0,70,,8769,28,,,0,30,,8771,28,,,0,70,,8770,28,,,0,30,,8772,28,,,0,70,,8773,28,,,0
2501,'Sunday',800,,8785,28,,,0,30,,8774,28,,,0,70,,8786,28,,,0,30,,8775,28,,,0,70,,8787,28,,,0,30,,8776,28,,,0,70,,8788,28,,,0,30,,8777,28,,,0,70,,8789,28,,,0,30,,8778,28,,,0,70,,8790,28,,,0,30,,8779,28,,,0,70,,8791,28,,,0,30,,8780,28,,,0,70,,8792,28,,,0,30,,8781,28,,,0,70,,8793,28,,,0,30,,8782,28,,,0,70,,8794,28,,,0,30,,8783,28,,,0,70,,8795,28,,,0,30,,8784,28,,,0,70,,8796,28,,,0,30,,8797,28,,,0,70,,8798,28,,,0,30,,8799,28,,,0,70,,8800,28,,,0,30,,8801,28,,,0
2501,'Weekday',523,,8802,28,,,0,35,,8803,28,,,0,65,,8804,28,,,0,25,,8805,28,,,0,71,,8806,28,,,0,16,,8807,28,,,0,15,,8808,28,,,0,55,,8809,28,,,0,17,,8810,28,,,0,15,,8811,28,,,0,14,,8812,28,,,0,55,,8813,28,,,0,28,,8814,28,,,0,70,,8815,28,,,0,30,,8816,28,,,0,71,,8817,28,,,0,30,,8818,28,,,0,70,,8819,28,,,0,30,,8820,28,,,0,70,,8821,28,,,0,31,,8822,28,,,0,69,,8823,28,,,0,30,,8824,28,,,0,20,,8825,28,,,0,53,,8826,28,,,0,17,,8827,28,,,0,15,,8828,28,,,0,15,,8829,28,,,0,55,,8830,28,,,0,16,,8831,28,,,0,15,,8832,28,,,0,15,,8833,28,,,0,55,,8834,28,,,0,15,,8835,28,,,0,15,,8836,28,,,0,13,,8837,28,,,0,55,,8838,28,,,0,28,,8839,28,,,0,70,,8840,28,,,0,28,,8841,28,,,0,70,,8842,28,,,0,30,,8843,28,,,0,69,,8844,28,,,0,30,,8845,28,,,0,69,,8846,28,,,0,30,,8847,28,,,0,69,,8848,28,,,0,30,,8849,28,,,0
5001,'Holiday3-505-1111111',2328,,8860,14,,,0,100,,8859,14,,,0
5001,'Saturday',2328,,8862,14,,,0,100,,8861,14,,,0
5001,'Weekday',2338,,8864,14,,,0,90,,8863,14,,,0
