400,'Holiday21111111',1210,,7084,55,,,0,100,,7088,55,,,0,100,,7085,55,,,0,100,,7089,55,,,0,100,,7086,55,,,0,100,,7090,55,,,0,100,,7087,55,,,0
400,'Holiday3-505-1111111',910,,7091,55,,,0,100,,7097,55,,,0,100,,7092,55,,,0,100,,7098,55,,,0,100,,7093,55,,,0,100,,7099,55,,,0,100,,7094,55,,,0,100,,7100,55,,,0,100,,7095,55,,,0,100,,7101,55,,,0,100,,7096,55,,,0,100,,7102,55,,,0,98,,7103,55,,,0
400,'Saturday',910,,7104,55,,,0,100,,7110,55,,,0,100,,7105,55,,,0,100,,7111,55,,,0,100,,7106,55,,,0,100,,7112,55,,,0,100,,7107,55,,,0,100,,7113,55,,,0,100,,7108,55,,,0,100,,7114,55,,,0,100,,7109,55,,,0,100,,7115,55,,,0,98,,7116,55,,,0
400,'Sunday',1210,,7117,55,,,0,100,,7121,55,,,0,100,,7118,55,,,0,100,,7122,55,,,0,100,,7119,55,,,0,100,,7123,55,,,0,100,,7120,55,,,0
400,'Weekday',610,,7124,55,,,0,101,,7125,55,,,0,103,,7126,55,,,0,23,,7127,55,,,0,78,,7128,55,,,0,29,,7129,55,,,0,70,,7130,55,,,0,30,,7131,55,,,0,70,,7132,55,,,0,30,,7133,55,,,0,70,,7134,55,,,0,30,,7135,55,,,0,70,,7136,55,,,0,30,,7137,55,,,0,70,,7138,55,,,0,30,,7139,55,,,0,72,,7140,55,,,0,31,,7141,55,,,0,68,,7142,55,,,0,30,,7143,55,,,0,70,,7144,55,,,0,30,,7145,55,,,0,72,,7146,55,,,0,27,,7150,55,,,0,70,,7147,55,,,0,96,,7148,55,,,0,100,,7149,55,,,0
2501,'Holiday21111111',756,,8697,21,,,0,70,,8686,21,,,0,30,,8698,21,,,0,70,,8687,21,,,0,30,,8699,21,,,0,70,,8688,21,,,0,30,,8700,21,,,0,70,,8689,21,,,0,30,,8701,21,,,0,70,,8690,21,,,0,30,,8702,21,,,0,70,,8691,21,,,0,30,,8703,21,,,0,70,,8692,21,,,0,30,,8704,21,,,0,70,,8693,21,,,0,30,,8705,21,,,0,70,,8694,21,,,0,30,,8706,21,,,0,70,,8695,21,,,0,30,,8707,21,,,0,70,,8696,21,,,0,30,,8708,21,,,0,70,,8709,21,,,0,30,,8710,21,,,0,70,,8711,21,,,0,30,,8712,21,,,0,70,,8713,21,,,0
2501,'Holiday3-505-1111111',726,,8726,21,,,0,30,,8727,21,,,0,70,,8725,21,,,0,30,,8728,21,,,0,70,,8724,21,,,0,30,,8729,21,,,0,70,,8723,21,,,0,30,,8730,21,,,0,70,,8722,21,,,0,30,,8731,21,,,0,70,,8721,21,,,0,30,,8732,21,,,0,70,,8720,21,,,0,30,,8733,21,,,0,70,,8719,21,,,0,30,,8734,21,,,0,70,,8718,21,,,0,30,,8735,21,,,0,70,,8717,21,,,0,30,,8736,21,,,0,70,,8716,21,,,0,30,,8737,21,,,0,70,,8715,21,,,0,30,,8738,21,,,0,70,,8714,21,,,0,30,,8739,21,,,0,70,,8741,21,,,0,30,,8740,21,,,0,70,,8742,21,,,0,30,,8743,21,,,0
2501,'Saturday',726,,8756,21,,,0,30,,8757,21,,,0,70,,8755,21,,,0,30,,8758,21,,,0,70,,8754,21,,,0,30,,8759,21,,,0,70,,8753,21,,,0,30,,8760,21,,,0,70,,8752,21,,,0,30,,8761,21,,,0,70,,8751,21,,,0,30,,8762,21,,,0,70,,8750,21,,,0,30,,8763,21,,,0,70,,8749,21,,,0,30,,8764,21,,,0,70,,8748,21,,,0,30,,8765,21,,,0,70,,8747,21,,,0,30,,8766,21,,,0,70,,8746,21,,,0,30,,8767,21,,,0,70,,8745,21,,,0,30,,8768,21,,,0,70,,8744,21,,,0,30,,8769,21,,,0,70,,8771,21,,,0,30,,8770,21,,,0,70,,8772,21,,,0,30,,8773,21,,,0
2501,'Sunday',756,,8785,21,,,0,70,,8774,21,,,0,30,,8786,21,,,0,70,,8775,21,,,0,30,,8787,21,,,0,70,,8776,21,,,0,30,,8788,21,,,0,70,,8777,21,,,0,30,,8789,21,,,0,70,,8778,21,,,0,30,,8790,21,,,0,70,,8779,21,,,0,30,,8791,21,,,0,70,,8780,21,,,0,30,,8792,21,,,0,70,,8781,21,,,0,30,,8793,21,,,0,70,,8782,21,,,0,30,,8794,21,,,0,70,,8783,21,,,0,30,,8795,21,,,0,70,,8784,21,,,0,30,,8796,21,,,0,70,,8797,21,,,0,30,,8798,21,,,0,70,,8799,21,,,0,30,,8800,21,,,0,70,,8801,21,,,0
2501,'Weekday',520,,8802,21,,,0,35,,8803,21,,,0,64,,8804,21,,,0,25,,8805,21,,,0,71,,8806,21,,,0,16,,8807,21,,,0,15,,8808,21,,,0,55,,8809,21,,,0,16,,8810,21,,,0,15,,8811,21,,,0,15,,8812,21,,,0,55,,8813,21,,,0,28,,8814,21,,,0,70,,8815,21,,,0,30,,8816,21,,,0,71,,8817,21,,,0,30,,8818,21,,,0,70,,8819,21,,,0,30,,8820,21,,,0,70,,8821,21,,,0,31,,8822,21,,,0,69,,8823,21,,,0,30,,8824,21,,,0,18,,8825,21,,,0,55,,8826,21,,,0,17,,8827,21,,,0,15,,8828,21,,,0,15,,8829,21,,,0,55,,8830,21,,,0,16,,8831,21,,,0,15,,8832,21,,,0,15,,8833,21,,,0,55,,8834,21,,,0,15,,8835,21,,,0,15,,8836,21,,,0,13,,8837,21,,,0,55,,8838,21,,,0,28,,8839,21,,,0,70,,8840,21,,,0,28,,8841,21,,,0,70,,8842,21,,,0,30,,8843,21,,,0,70,,8844,21,,,0,30,,8845,21,,,0,69,,8846,21,,,0,30,,8847,21,,,0,29,,8848,21,,,0,70,,8849,21,,,0
