400,'Holiday21111111',1224,,7084,80,,,0,100,,7088,80,,,0,100,,7085,80,,,0,100,,7089,80,,,0,100,,7086,80,,,0,100,,7090,80,,,0,100,,7087,80,,,0
400,'Holiday3-505-1111111',924,,7091,80,,,0,100,,7097,80,,,0,100,,7092,80,,,0,100,,7098,80,,,0,100,,7093,80,,,0,100,,7099,80,,,0,100,,7094,80,,,0,100,,7100,80,,,0,100,,7095,80,,,0,100,,7101,80,,,0,100,,7096,80,,,0,100,,7102,80,,,0,98,,7103,80,,,0
400,'Saturday',924,,7104,80,,,0,100,,7110,80,,,0,100,,7105,80,,,0,100,,7111,80,,,0,100,,7106,80,,,0,100,,7112,80,,,0,100,,7107,80,,,0,100,,7113,80,,,0,100,,7108,80,,,0,100,,7114,80,,,0,100,,7109,80,,,0,100,,7115,80,,,0,98,,7116,80,,,0
400,'Sunday',1224,,7117,80,,,0,100,,7121,80,,,0,100,,7118,80,,,0,100,,7122,80,,,0,100,,7119,80,,,0,100,,7123,80,,,0,100,,7120,80,,,0
400,'Weekday',624,,7124,80,,,0,101,,7125,80,,,0,105,,7126,80,,,0,23,,7127,80,,,0,77,,7128,80,,,0,29,,7129,80,,,0,70,,7130,80,,,0,30,,7131,80,,,0,70,,7132,80,,,0,30,,7133,80,,,0,70,,7134,80,,,0,30,,7135,80,,,0,70,,7136,80,,,0,30,,7137,80,,,0,70,,7138,80,,,0,30,,7139,80,,,0,73,,7140,80,,,0,71,,7141,80,,,0,27,,7142,80,,,0,70,,7143,80,,,0,30,,7144,80,,,0,70,,7145,80,,,0,32,,7146,80,,,0,27,,7150,80,,,0,70,,7147,80,,,0,96,,7148,80,,,0,99,,7149,80,,,0
1000,'Holiday21111111',835,,7427,61,,,0,70,,7421,61,,,0,30,,7426,61,,,0,69,,7418,61,,,0,30,,7420,61,,,0,70,,7398,61,,,0,15,,7386,61,,,0,15,,7389,61,,,0,15,,7408,61,,,0,55,,7406,61,,,0,15,,7399,61,,,0,15,,7405,61,,,0,15,,7390,61,,,0,55,,7409,61,,,0,15,,7397,61,,,0,15,,7400,61,,,0,15,,7415,61,,,0,55,,7391,61,,,0,15,,7410,61,,,0,15,,7404,61,,,0,15,,7401,61,,,0,55,,7395,61,,,0,15,,7392,61,,,0,15,,7411,61,,,0,15,,7388,61,,,0,55,,7402,61,,,0,15,,7414,61,,,0,15,,7393,61,,,0,15,,7412,61,,,0,55,,7407,61,,,0,15,,7403,61,,,0,15,,7387,61,,,0,15,,7394,61,,,0,55,,7413,61,,,0,15,,7396,61,,,0,15,,7385,61,,,0,70,,7416,61,,,0,27,,7422,61,,,0,70,,7417,61,,,0,30,,7423,61,,,0,70,,7419,61,,,0,30,,7424,61,,,0,70,,7425,61,,,0
1000,'Holiday3-505-1111111',731,,7434,61,,,0,70,,7435,61,,,0,30,,7436,61,,,0,70,,7437,61,,,0,30,,7438,61,,,0,18,,7478,61,,,0,55,,7439,61,,,0,15,,7440,61,,,0,15,,7441,61,,,0,15,,7442,61,,,0,55,,7443,61,,,0,15,,7444,61,,,0,15,,7445,61,,,0,15,,7446,61,,,0,55,,7447,61,,,0,15,,7448,61,,,0,15,,7449,61,,,0,15,,7450,61,,,0,55,,7451,61,,,0,15,,7452,61,,,0,15,,7453,61,,,0,15,,7454,61,,,0,55,,7455,61,,,0,15,,7456,61,,,0,15,,7457,61,,,0,15,,7458,61,,,0,55,,7459,61,,,0,15,,7460,61,,,0,15,,7461,61,,,0,15,,7462,61,,,0,55,,7463,61,,,0,15,,7464,61,,,0,15,,7465,61,,,0,15,,7466,61,,,0,55,,7467,61,,,0,15,,7468,61,,,0,15,,7469,61,,,0,15,,7470,61,,,0,55,,7471,61,,,0,15,,7472,61,,,0,15,,7473,61,,,0,15,,7474,61,,,0,55,,7475,61,,,0,27,,7476,61,,,0,70,,7477,61,,,0,30,,7430,61,,,0,70,,7428,61,,,0,30,,7432,61,,,0,70,,7431,61,,,0,30,,7429,61,,,0,70,,7433,61,,,0
1000,'Saturday',731,,7485,61,,,0,70,,7486,61,,,0,30,,7487,61,,,0,70,,7488,61,,,0,30,,7489,61,,,0,18,,7529,61,,,0,55,,7490,61,,,0,15,,7491,61,,,0,15,,7492,61,,,0,15,,7493,61,,,0,55,,7494,61,,,0,15,,7495,61,,,0,15,,7496,61,,,0,15,,7497,61,,,0,55,,7498,61,,,0,15,,7499,61,,,0,15,,7500,61,,,0,15,,7501,61,,,0,55,,7502,61,,,0,15,,7503,61,,,0,15,,7504,61,,,0,15,,7505,61,,,0,55,,7506,61,,,0,15,,7507,61,,,0,15,,7508,61,,,0,15,,7509,61,,,0,55,,7510,61,,,0,15,,7511,61,,,0,15,,7512,61,,,0,15,,7513,61,,,0,55,,7514,61,,,0,15,,7515,61,,,0,15,,7516,61,,,0,15,,7517,61,,,0,55,,7518,61,,,0,15,,7519,61,,,0,15,,7520,61,,,0,15,,7521,61,,,0,55,,7522,61,,,0,15,,7523,61,,,0,15,,7524,61,,,0,15,,7525,61,,,0,55,,7526,61,,,0,27,,7527,61,,,0,70,,7528,61,,,0,30,,7481,61,,,0,70,,7479,61,,,0,30,,7483,61,,,0,70,,7482,61,,,0,30,,7480,61,,,0,70,,7484,61,,,0
1000,'Sunday',835,,7572,61,,,0,70,,7566,61,,,0,30,,7571,61,,,0,69,,7563,61,,,0,30,,7565,61,,,0,70,,7543,61,,,0,15,,7531,61,,,0,15,,7534,61,,,0,15,,7553,61,,,0,55,,7551,61,,,0,15,,7544,61,,,0,15,,7550,61,,,0,15,,7535,61,,,0,55,,7554,61,,,0,15,,7542,61,,,0,15,,7545,61,,,0,15,,7560,61,,,0,55,,7536,61,,,0,15,,7555,61,,,0,15,,7549,61,,,0,15,,7546,61,,,0,55,,7540,61,,,0,15,,7537,61,,,0,15,,7556,61,,,0,15,,7533,61,,,0,55,,7547,61,,,0,15,,7559,61,,,0,15,,7538,61,,,0,15,,7557,61,,,0,55,,7552,61,,,0,15,,7548,61,,,0,15,,7532,61,,,0,15,,7539,61,,,0,55,,7558,61,,,0,15,,7541,61,,,0,15,,7530,61,,,0,70,,7561,61,,,0,27,,7567,61,,,0,70,,7562,61,,,0,30,,7568,61,,,0,70,,7564,61,,,0,30,,7569,61,,,0,70,,7570,61,,,0
1000,'Weekday',525,,7583,61,,,0,30,,7592,61,,,0,66,,7578,61,,,0,27,,7609,61,,,0,55,,7606,61,,,0,15,,7610,61,,,0,10,,7602,61,,,0,19,,7611,61,,,0,55,,7587,61,,,0,16,,7612,61,,,0,15,,7593,61,,,0,17,,7613,61,,,0,55,,7573,61,,,0,15,,7614,61,,,0,14,,7599,61,,,0,15,,7615,61,,,0,55,,7608,61,,,0,15,,7616,61,,,0,15,,7605,61,,,0,15,,7617,61,,,0,55,,7594,61,,,0,15,,7618,61,,,0,15,,7590,61,,,0,15,,7619,61,,,0,55,,7582,61,,,0,15,,7620,61,,,0,18,,7591,61,,,0,12,,7621,61,,,0,55,,7577,61,,,0,15,,7622,61,,,0,15,,7595,61,,,0,15,,7623,61,,,0,55,,7607,61,,,0,15,,7624,61,,,0,17,,7581,61,,,0,15,,7625,61,,,0,55,,7604,61,,,0,17,,7626,61,,,0,15,,7601,61,,,0,15,,7627,61,,,0,55,,7596,61,,,0,16,,7628,61,,,0,11,,7600,61,,,0,16,,7629,61,,,0,54,,7589,61,,,0,18,,7630,61,,,0,15,,7584,61,,,0,15,,7631,61,,,0,55,,7586,61,,,0,15,,7632,61,,,0,12,,7597,61,,,0,15,,7633,61,,,0,52,,7585,61,,,0,15,,7634,61,,,0,15,,7580,61,,,0,70,,7603,61,,,0,30,,7588,61,,,0,70,,7598,61,,,0,30,,7574,61,,,0,70,,7576,61,,,0,28,,7579,61,,,0,70,,7575,61,,,0
2501,'Holiday21111111',800,,8697,27,,,0,30,,8686,27,,,0,70,,8698,27,,,0,30,,8687,27,,,0,70,,8699,27,,,0,30,,8688,27,,,0,70,,8700,27,,,0,30,,8689,27,,,0,70,,8701,27,,,0,30,,8690,27,,,0,70,,8702,27,,,0,30,,8691,27,,,0,70,,8703,27,,,0,30,,8692,27,,,0,70,,8704,27,,,0,30,,8693,27,,,0,70,,8705,27,,,0,30,,8694,27,,,0,70,,8706,27,,,0,30,,8695,27,,,0,70,,8707,27,,,0,30,,8696,27,,,0,70,,8708,27,,,0,30,,8709,27,,,0,70,,8710,27,,,0,30,,8711,27,,,0,70,,8712,27,,,0,30,,8713,27,,,0
2501,'Holiday3-505-1111111',730,,8726,27,,,0,70,,8727,27,,,0,30,,8725,27,,,0,70,,8728,27,,,0,30,,8724,27,,,0,70,,8729,27,,,0,30,,8723,27,,,0,70,,8730,27,,,0,30,,8722,27,,,0,70,,8731,27,,,0,30,,8721,27,,,0,70,,8732,27,,,0,30,,8720,27,,,0,70,,8733,27,,,0,30,,8719,27,,,0,70,,8734,27,,,0,30,,8718,27,,,0,70,,8735,27,,,0,30,,8717,27,,,0,70,,8736,27,,,0,30,,8716,27,,,0,70,,8737,27,,,0,30,,8715,27,,,0,70,,8738,27,,,0,30,,8714,27,,,0,70,,8739,27,,,0,30,,8741,27,,,0,70,,8740,27,,,0,30,,8742,27,,,0,70,,8743,27,,,0
2501,'Saturday',730,,8756,27,,,0,70,,8757,27,,,0,30,,8755,27,,,0,70,,8758,27,,,0,30,,8754,27,,,0,70,,8759,27,,,0,30,,8753,27,,,0,70,,8760,27,,,0,30,,8752,27,,,0,70,,8761,27,,,0,30,,8751,27,,,0,70,,8762,27,,,0,30,,8750,27,,,0,70,,8763,27,,,0,30,,8749,27,,,0,70,,8764,27,,,0,30,,8748,27,,,0,70,,8765,27,,,0,30,,8747,27,,,0,70,,8766,27,,,0,30,,8746,27,,,0,70,,8767,27,,,0,30,,8745,27,,,0,70,,8768,27,,,0,30,,8744,27,,,0,70,,8769,27,,,0,30,,8771,27,,,0,70,,8770,27,,,0,30,,8772,27,,,0,70,,8773,27,,,0
2501,'Sunday',800,,8785,27,,,0,30,,8774,27,,,0,70,,8786,27,,,0,30,,8775,27,,,0,70,,8787,27,,,0,30,,8776,27,,,0,70,,8788,27,,,0,30,,8777,27,,,0,70,,8789,27,,,0,30,,8778,27,,,0,70,,8790,27,,,0,30,,8779,27,,,0,70,,8791,27,,,0,30,,8780,27,,,0,70,,8792,27,,,0,30,,8781,27,,,0,70,,8793,27,,,0,30,,8782,27,,,0,70,,8794,27,,,0,30,,8783,27,,,0,70,,8795,27,,,0,30,,8784,27,,,0,70,,8796,27,,,0,30,,8797,27,,,0,70,,8798,27,,,0,30,,8799,27,,,0,70,,8800,27,,,0,30,,8801,27,,,0
2501,'Weekday',523,,8802,27,,,0,35,,8803,27,,,0,65,,8804,27,,,0,25,,8805,27,,,0,71,,8806,27,,,0,16,,8807,27,,,0,15,,8808,27,,,0,55,,8809,27,,,0,17,,8810,27,,,0,15,,8811,27,,,0,14,,8812,27,,,0,55,,8813,27,,,0,28,,8814,27,,,0,70,,8815,27,,,0,30,,8816,27,,,0,71,,8817,27,,,0,30,,8818,27,,,0,70,,8819,27,,,0,30,,8820,27,,,0,70,,8821,27,,,0,31,,8822,27,,,0,69,,8823,27,,,0,30,,8824,27,,,0,20,,8825,27,,,0,53,,8826,27,,,0,17,,8827,27,,,0,15,,8828,27,,,0,15,,8829,27,,,0,55,,8830,27,,,0,16,,8831,27,,,0,15,,8832,27,,,0,15,,8833,27,,,0,55,,8834,27,,,0,15,,8835,27,,,0,15,,8836,27,,,0,13,,8837,27,,,0,55,,8838,27,,,0,28,,8839,27,,,0,70,,8840,27,,,0,28,,8841,27,,,0,70,,8842,27,,,0,30,,8843,27,,,0,69,,8844,27,,,0,30,,8845,27,,,0,69,,8846,27,,,0,30,,8847,27,,,0,69,,8848,27,,,0,30,,8849,27,,,0
5001,'Holiday3-505-1111111',2327,,8860,13,,,0,100,,8859,13,,,0
5001,'Saturday',2327,,8862,13,,,0,100,,8861,13,,,0
5001,'Weekday',2337,,8864,13,,,0,90,,8863,13,,,0
