400,'Saturday',926,,3714,,,0,100,,3720,,,0,100,,3715,,,0,100,,3721,,,0,100,,3716,,,0,100,,3722,,,0,100,,3717,,,0,100,,3723,,,0,100,,3718,,,0,100,,3724,,,0,100,,3719,,,0,100,,3725,,,0,98,,3726,,,0
400,'Sunday',1226,,3727,,,0,100,,3731,,,0,100,,3728,,,0,100,,3732,,,0,100,,3729,,,0,100,,3733,,,0,100,,3730,,,0
400,'Weekday',626,,3749,,,0,100,,3741,,,0,102,,3748,,,0,27,,3750,,,0,75,,3740,,,0,70,,3751,,,0,30,,3747,,,0,70,,3752,,,0,30,,3739,,,0,70,,3753,,,0,30,,3746,,,0,70,,3754,,,0,30,,3738,,,0,70,,3755,,,0,30,,3745,,,0,72,,3756,,,0,30,,3737,,,0,70,,3757,,,0,30,,3744,,,0,68,,3758,,,0,30,,3736,,,0,71,,3759,,,0,31,,3743,,,0,96,,3735,,,0,97,,3742,,,0,100,,3734,,,0
1000,'Saturday',733,,3926,,,0,70,,3927,,,0,30,,3928,,,0,70,,3929,,,0,30,,3930,,,0,18,,3970,,,0,55,,3931,,,0,15,,3932,,,0,15,,3933,,,0,15,,3934,,,0,55,,3935,,,0,15,,3936,,,0,15,,3937,,,0,15,,3938,,,0,55,,3939,,,0,15,,3940,,,0,15,,3941,,,0,15,,3942,,,0,55,,3943,,,0,15,,3944,,,0,15,,3945,,,0,15,,3946,,,0,55,,3947,,,0,15,,3948,,,0,15,,3949,,,0,15,,3950,,,0,55,,3951,,,0,15,,3952,,,0,15,,3953,,,0,15,,3954,,,0,55,,3955,,,0,15,,3956,,,0,15,,3957,,,0,15,,3958,,,0,55,,3959,,,0,15,,3960,,,0,15,,3961,,,0,15,,3962,,,0,55,,3963,,,0,15,,3964,,,0,15,,3965,,,0,15,,3966,,,0,55,,3967,,,0,27,,3968,,,0,70,,3969,,,0,30,,3922,,,0,70,,3920,,,0,30,,3924,,,0,70,,3923,,,0,30,,3921,,,0,70,,3925,,,0
1000,'Sunday',837,,4013,,,0,70,,4007,,,0,30,,4012,,,0,69,,4004,,,0,30,,4006,,,0,70,,3984,,,0,15,,3972,,,0,15,,3975,,,0,15,,3994,,,0,55,,3992,,,0,15,,3985,,,0,15,,3991,,,0,15,,3976,,,0,55,,3995,,,0,15,,3983,,,0,15,,3986,,,0,15,,4001,,,0,55,,3977,,,0,15,,3996,,,0,15,,3990,,,0,15,,3987,,,0,55,,3981,,,0,15,,3978,,,0,15,,3997,,,0,15,,3974,,,0,55,,3988,,,0,15,,4000,,,0,15,,3979,,,0,15,,3998,,,0,55,,3993,,,0,15,,3989,,,0,15,,3973,,,0,15,,3980,,,0,55,,3999,,,0,15,,3982,,,0,15,,3971,,,0,70,,4002,,,0,27,,4008,,,0,70,,4003,,,0,30,,4009,,,0,70,,4005,,,0,30,,4010,,,0,70,,4011,,,0
1000,'Weekday',527,,4024,,,0,30,,4033,,,0,66,,4019,,,0,27,,4050,,,0,55,,4047,,,0,17,,4051,,,0,16,,4043,,,0,14,,4052,,,0,56,,4028,,,0,15,,4053,,,0,12,,4034,,,0,17,,4054,,,0,55,,4014,,,0,15,,4055,,,0,14,,4040,,,0,15,,4056,,,0,55,,4049,,,0,15,,4057,,,0,15,,4046,,,0,15,,4058,,,0,55,,4035,,,0,15,,4059,,,0,15,,4031,,,0,15,,4060,,,0,55,,4023,,,0,15,,4061,,,0,18,,4032,,,0,12,,4062,,,0,55,,4018,,,0,15,,4063,,,0,15,,4036,,,0,15,,4064,,,0,55,,4048,,,0,15,,4065,,,0,17,,4022,,,0,15,,4066,,,0,55,,4045,,,0,17,,4067,,,0,15,,4042,,,0,15,,4068,,,0,55,,4037,,,0,16,,4069,,,0,11,,4041,,,0,16,,4070,,,0,54,,4030,,,0,18,,4071,,,0,15,,4025,,,0,15,,4072,,,0,55,,4027,,,0,15,,4073,,,0,12,,4038,,,0,15,,4074,,,0,52,,4026,,,0,15,,4075,,,0,15,,4021,,,0,70,,4044,,,0,30,,4029,,,0,70,,4039,,,0,30,,4015,,,0,70,,4017,,,0,28,,4020,,,0,70,,4016,,,0
2501,'Saturday',732,,4760,,,0,70,,4761,,,0,30,,4759,,,0,70,,4762,,,0,30,,4758,,,0,70,,4763,,,0,30,,4757,,,0,70,,4764,,,0,30,,4756,,,0,70,,4765,,,0,30,,4755,,,0,70,,4766,,,0,30,,4754,,,0,70,,4767,,,0,30,,4753,,,0,70,,4768,,,0,30,,4752,,,0,70,,4769,,,0,30,,4751,,,0,70,,4770,,,0,30,,4750,,,0,70,,4771,,,0,30,,4749,,,0,70,,4772,,,0,30,,4748,,,0,70,,4773,,,0,30,,4775,,,0,70,,4774,,,0,30,,4776,,,0,70,,4777,,,0
2501,'Sunday',802,,4789,,,0,30,,4778,,,0,70,,4790,,,0,30,,4779,,,0,70,,4791,,,0,30,,4780,,,0,70,,4792,,,0,30,,4781,,,0,70,,4793,,,0,30,,4782,,,0,70,,4794,,,0,30,,4783,,,0,70,,4795,,,0,30,,4784,,,0,70,,4796,,,0,30,,4785,,,0,70,,4797,,,0,30,,4786,,,0,70,,4798,,,0,30,,4787,,,0,70,,4799,,,0,30,,4788,,,0,70,,4800,,,0,30,,4801,,,0,70,,4802,,,0,30,,4803,,,0,70,,4804,,,0,30,,4805,,,0
2501,'Weekday',525,,4806,,,0,75,,4807,,,0,26,,4808,,,0,25,,4809,,,0,71,,4810,,,0,15,,4811,,,0,15,,4812,,,0,55,,4813,,,0,16,,4814,,,0,15,,4815,,,0,15,,4816,,,0,56,,4817,,,0,30,,4818,,,0,70,,4819,,,0,30,,4820,,,0,70,,4821,,,0,30,,4822,,,0,70,,4823,,,0,30,,4824,,,0,70,,4825,,,0,30,,4826,,,0,70,,4827,,,0,28,,4828,,,0,16,,4829,,,0,55,,4830,,,0,17,,4831,,,0,15,,4832,,,0,15,,4833,,,0,55,,4834,,,0,15,,4835,,,0,15,,4836,,,0,15,,4837,,,0,55,,4838,,,0,14,,4839,,,0,15,,4840,,,0,15,,4841,,,0,55,,4842,,,0,29,,4843,,,0,70,,4844,,,0,28,,4845,,,0,70,,4846,,,0,30,,4847,,,0,70,,4848,,,0,30,,4849,,,0,70,,4850,,,0,29,,4851,,,0,70,,4852,,,0,28,,4853,,,0
5001,'Saturday',2333,,4865,,,0,97,,4864,,,0
5001,'Weekday',2333,,4867,,,0,97,,4866,,,0
