101,'Holiday21111111',643,,3090,15,,,0,15,,3091,15,,,0,55,,3092,15,,,0,15,,3093,15,,,0,15,,3094,15,,,0,15,,3095,15,,,0,55,,3096,15,,,0,15,,3097,15,,,0,10,,3098,15,,,0,15,,3099,15,,,0,56,,3100,15,,,0,15,,3101,15,,,0,15,,3102,15,,,0,15,,3103,15,,,0,55,,3104,15,,,0,15,,3105,15,,,0,15,,3106,15,,,0,15,,3107,15,,,0,55,,3108,15,,,0,15,,3109,15,,,0,15,,3110,15,,,0,15,,3111,15,,,0,55,,3112,15,,,0,15,,3113,15,,,0,15,,3114,15,,,0,15,,3115,15,,,0,55,,3116,15,,,0,15,,3117,15,,,0,15,,3118,15,,,0,15,,3119,15,,,0,55,,3120,15,,,0,15,,3121,15,,,0,15,,3122,15,,,0,15,,3123,15,,,0,55,,3124,15,,,0,15,,3125,15,,,0,15,,3126,15,,,0,15,,3127,15,,,0,55,,3128,15,,,0,15,,3129,15,,,0,15,,3130,15,,,0,15,,3131,15,,,0,55,,3132,15,,,0,15,,3133,15,,,0,15,,3134,15,,,0,15,,3135,15,,,0,54,,3136,15,,,0,18,,3137,15,,,0,15,,3138,15,,,0,15,,3139,15,,,0,55,,3140,15,,,0,15,,3085,15,,,0,30,,3087,15,,,0,70,,3089,15,,,0,30,,3086,15,,,0,70,,3088,15,,,0,30,,3142,15,,,0,70,,3141,15,,,0
101,'Saturday',643,,3154,15,,,0,15,,3155,15,,,0,55,,3156,15,,,0,10,,3157,15,,,0,15,,3158,15,,,0,15,,3159,15,,,0,55,,3160,15,,,0,15,,3161,15,,,0,15,,3162,15,,,0,15,,3163,15,,,0,56,,3164,15,,,0,15,,3165,15,,,0,15,,3166,15,,,0,15,,3167,15,,,0,55,,3168,15,,,0,14,,3169,15,,,0,11,,3206,15,,,0,14,,3170,15,,,0,54,,3171,15,,,0,14,,3172,15,,,0,14,,3173,15,,,0,14,,3174,15,,,0,14,,3175,15,,,0,54,,3205,15,,,0,14,,3176,15,,,0,14,,3177,15,,,0,14,,3178,15,,,0,54,,3179,15,,,0,13,,3180,15,,,0,14,,3181,15,,,0,14,,3203,15,,,0,54,,3182,15,,,0,14,,3183,15,,,0,14,,3184,15,,,0,14,,3185,15,,,0,14,,3186,15,,,0,54,,3187,15,,,0,14,,3204,15,,,0,14,,3188,15,,,0,14,,3189,15,,,0,54,,3190,15,,,0,14,,3191,15,,,0,14,,3192,15,,,0,14,,3193,15,,,0,54,,3194,15,,,0,15,,3195,15,,,0,15,,3196,15,,,0,15,,3197,15,,,0,55,,3198,15,,,0,17,,3199,15,,,0,18,,3200,15,,,0,15,,3201,15,,,0,55,,3202,15,,,0,18,,3146,15,,,0,30,,3149,15,,,0,70,,3143,15,,,0,30,,3147,15,,,0,69,,3150,15,,,0,30,,3144,15,,,0,70,,3148,15,,,0,30,,3151,15,,,0,70,,3145,15,,,0,30,,3152,15,,,0,69,,3153,15,,,0
101,'Sunday',643,,3214,15,,,0,15,,3215,15,,,0,55,,3216,15,,,0,10,,3217,15,,,0,15,,3218,15,,,0,15,,3219,15,,,0,55,,3220,15,,,0,15,,3221,15,,,0,15,,3222,15,,,0,15,,3223,15,,,0,56,,3224,15,,,0,15,,3225,15,,,0,15,,3226,15,,,0,15,,3227,15,,,0,55,,3228,15,,,0,14,,3229,15,,,0,11,,3266,15,,,0,14,,3230,15,,,0,54,,3231,15,,,0,14,,3232,15,,,0,14,,3233,15,,,0,14,,3234,15,,,0,14,,3235,15,,,0,54,,3265,15,,,0,14,,3236,15,,,0,14,,3237,15,,,0,14,,3238,15,,,0,54,,3239,15,,,0,13,,3240,15,,,0,14,,3241,15,,,0,14,,3263,15,,,0,54,,3242,15,,,0,14,,3243,15,,,0,14,,3244,15,,,0,14,,3245,15,,,0,14,,3246,15,,,0,54,,3247,15,,,0,14,,3264,15,,,0,14,,3248,15,,,0,14,,3249,15,,,0,54,,3250,15,,,0,14,,3251,15,,,0,14,,3252,15,,,0,14,,3253,15,,,0,54,,3254,15,,,0,15,,3255,15,,,0,15,,3256,15,,,0,15,,3257,15,,,0,55,,3258,15,,,0,17,,3259,15,,,0,18,,3260,15,,,0,15,,3261,15,,,0,55,,3262,15,,,0,18,,3209,15,,,0,30,,3212,15,,,0,70,,3207,15,,,0,30,,3210,15,,,0,69,,3213,15,,,0,30,,3208,15,,,0,70,,3211,15,,,0
101,'Weekday',459,,3356,15,,,0,55,,3357,15,,,0,12,,3358,15,,,0,12,,3359,15,,,0,12,,3360,15,,,0,52,,3361,15,,,0,14,,3365,15,,,0,12,,3364,15,,,0,12,,3362,15,,,0,15,,3349,15,,,0,54,,3352,15,,,0,12,,3353,15,,,0,12,,3350,15,,,0,12,,3354,15,,,0,12,,3355,15,,,0,52,,3309,15,,,0,12,,3296,15,,,0,12,,3297,15,,,0,12,,3298,15,,,0,12,,3299,15,,,0,53,,3300,15,,,0,12,,3301,15,,,0,12,,3302,15,,,0,12,,3303,15,,,0,12,,3304,15,,,0,52,,3305,15,,,0,12,,3306,15,,,0,12,,3307,15,,,0,12,,3308,15,,,0,12,,3284,15,,,0,52,,3289,15,,,0,12,,3290,15,,,0,12,,3288,15,,,0,12,,3295,15,,,0,12,,3286,15,,,0,52,,3282,15,,,0,12,,3283,15,,,0,12,,3285,15,,,0,12,,3294,15,,,0,12,,3291,15,,,0,51,,3366,15,,,0,9,,3293,15,,,0,11,,3292,15,,,0,11,,3344,15,,,0,10,,3287,15,,,0,50,,3345,15,,,0,9,,3367,15,,,0,10,,3346,15,,,0,9,,3347,15,,,0,9,,3348,15,,,0,10,,3318,15,,,0,9,,3320,15,,,0,50,,3313,15,,,0,11,,3316,15,,,0,9,,3329,15,,,0,11,,3322,15,,,0,11,,3336,15,,,0,9,,3351,15,,,0,50,,3327,15,,,0,11,,3332,15,,,0,11,,3335,15,,,0,11,,3330,15,,,0,11,,3324,15,,,0,51,,3328,15,,,0,9,,3325,15,,,0,10,,3317,15,,,0,10,,3334,15,,,0,10,,3337,15,,,0,10,,3331,15,,,0,50,,3315,15,,,0,11,,3333,15,,,0,13,,3321,15,,,0,11,,3326,15,,,0,12,,3314,15,,,0,10,,3323,15,,,0,50,,3312,15,,,0,9,,3319,15,,,0,10,,3310,15,,,0,10,,3311,15,,,0,10,,3338,15,,,0,10,,3339,15,,,0,51,,3340,15,,,0,12,,3341,15,,,0,12,,3342,15,,,0,12,,3343,15,,,0,11,,3267,15,,,0,55,,3268,15,,,0,15,,3270,15,,,0,15,,3269,15,,,0,15,,3272,15,,,0,59,,3271,15,,,0,20,,3277,15,,,0,15,,3273,15,,,0,55,,3278,15,,,0,15,,3274,15,,,0,15,,3279,15,,,0,15,,3275,15,,,0,55,,3280,15,,,0,14,,3276,15,,,0,15,,3281,15,,,0,15,,3363,15,,,0
601,'Holiday21111111',833,,4181,29,,,0,100,,4182,29,,,0,113,,4183,29,,,0,100,,4184,29,,,0,100,,4185,29,,,0,100,,4186,29,,,0,104,,4187,29,,,0,100,,4188,29,,,0,100,,4189,29,,,0,100,,4190,29,,,0,100,,4191,29,,,0,100,,4192,29,,,0
601,'Saturday',733,,4207,29,,,0,100,,4206,29,,,0,100,,4205,29,,,0,110,,4204,29,,,0,100,,4203,29,,,0,100,,4202,29,,,0,100,,4201,29,,,0,100,,4200,29,,,0,100,,4199,29,,,0,100,,4198,29,,,0,100,,4197,29,,,0,100,,4196,29,,,0,100,,4195,29,,,0,100,,4194,29,,,0,100,,4193,29,,,0
601,'Sunday',833,,4208,29,,,0,100,,4209,29,,,0,113,,4210,29,,,0,100,,4211,29,,,0,100,,4212,29,,,0,100,,4213,29,,,0,104,,4214,29,,,0,100,,4215,29,,,0,100,,4216,29,,,0,100,,4217,29,,,0,100,,4218,29,,,0,100,,4219,29,,,0
601,'Weekday',542,,4220,29,,,0,102,,4221,29,,,0,70,,4222,29,,,0,30,,4223,29,,,0,75,,4224,29,,,0,30,,4225,29,,,0,69,,4226,29,,,0,30,,4227,29,,,0,65,,4228,29,,,0,30,,4229,29,,,0,70,,4230,29,,,0,30,,4231,29,,,0,70,,4232,29,,,0,30,,4233,29,,,0,70,,4234,29,,,0,30,,4235,29,,,0,70,,4236,29,,,0,32,,4237,29,,,0,73,,4238,29,,,0,33,,4239,29,,,0,70,,4240,29,,,0,30,,4241,29,,,0,70,,4242,29,,,0,31,,4243,29,,,0,68,,4244,29,,,0,30,,4245,29,,,0,70,,4246,29,,,0,26,,4247,29,,,0,100,,4248,29,,,0,100,,4249,29,,,0
5001,'Saturday',2342,,5446,33,,,0,97,,5445,33,,,0
5001,'Weekday',2342,,5448,33,,,0,97,,5447,33,,,0
5101,'Saturday',2344,,5456,29,,,0,97,,5455,29,,,0
5101,'Weekday',2344,,5459,29,,,0,97,,5458,29,,,0
8001,'Weekday',520,,5499,1,,,0,30,,5505,20,,,0,71,,5500,20,,,0,30,,5506,20,,,0,73,,5501,20,,,0,30,,5507,20,,,0,77,,5502,20,,,0,70,,5508,20,,,0,30,,5503,20,,,0,70,,5509,20,,,0,30,,5504,20,,,0,70,,5510,20,,,0,30,,5519,20,,,0,70,,5511,20,,,0,25,,5520,20,,,0,30,,5512,20,,,0,70,,5521,20,,,0,30,,5513,20,,,0,72,,5522,20,,,0,30,,5514,20,,,0,69,,5526,20,,,0,21,,5527,20,,,0,60,,5515,20,,,0,23,,5523,20,,,0,70,,5516,20,,,0,28,,5524,20,,,0,30,,5517,20,,,0,67,,5525,20,,,0,30,,5518,20,,,0
8101,'Weekday',607,,5560,39,,,0,31,,5565,39,,,0,70,,5561,39,,,0,33,,5566,39,,,0,70,,5562,39,,,0,37,,5567,39,,,0,70,,5563,39,,,0,28,,5568,39,,,0,70,,5564,39,,,0,30,,5571,39,,,0,70,,5572,39,,,0,30,,5573,39,,,0,70,,5574,39,,,0,25,,5575,39,,,0,70,,5576,39,,,0,30,,5577,39,,,0,70,,5578,39,,,0,32,,5579,39,,,0,70,,5580,39,,,0,35,,5569,39,,,0,70,,5581,39,,,0,32,,5570,39,,,0,70,,5558,39,,,0,22,,5556,39,,,0,70,,5557,39,,,0,29,,5582,39,,,0,70,,5559,39,,,0
