301,'Holiday21111111',729,,6885,16,,,0,100,,6886,16,,,0,30,,6909,16,,,0,70,,6887,16,,,0,30,,6898,16,,,0,72,,6888,16,,,0,70,,6899,16,,,0,30,,6889,16,,,0,70,,6900,16,,,0,30,,6890,16,,,0,70,,6901,16,,,0,30,,6891,16,,,0,70,,6902,16,,,0,30,,6892,16,,,0,70,,6903,16,,,0,30,,6893,16,,,0,70,,6904,16,,,0,30,,6894,16,,,0,70,,6905,16,,,0,30,,6895,16,,,0,70,,6906,16,,,0,29,,6896,16,,,0,70,,6907,16,,,0,33,,6897,16,,,0,70,,6908,16,,,0,30,,6910,16,,,0,70,,6911,16,,,0,29,,6912,16,,,0
301,'Holiday3-505-1111111',559,,6929,16,,,0,100,,6913,16,,,0,141,,6914,16,,,0,100,,6915,16,,,0,30,,6943,16,,,0,70,,6930,16,,,0,31,,6916,16,,,0,20,,6931,16,,,0,60,,6945,16,,,0,20,,6917,16,,,0,20,,6932,16,,,0,60,,6946,16,,,0,25,,6918,16,,,0,20,,6933,16,,,0,60,,6947,16,,,0,20,,6919,16,,,0,20,,6934,16,,,0,60,,6948,16,,,0,20,,6920,16,,,0,65,,6935,16,,,0,20,,6949,16,,,0,20,,6921,16,,,0,60,,6936,16,,,0,20,,6944,16,,,0,20,,6922,16,,,0,60,,6937,16,,,0,30,,6923,16,,,0,70,,6938,16,,,0,29,,6924,16,,,0,70,,6939,16,,,0,30,,6925,16,,,0,70,,6940,16,,,0,30,,6926,16,,,0,70,,6941,16,,,0,29,,6927,16,,,0,30,,6942,16,,,0,70,,6928,16,,,0
301,'Saturday',559,,6966,16,,,0,100,,6950,16,,,0,141,,6951,16,,,0,100,,6952,16,,,0,30,,6980,16,,,0,70,,6967,16,,,0,31,,6953,16,,,0,20,,6968,16,,,0,60,,6982,16,,,0,20,,6954,16,,,0,20,,6969,16,,,0,60,,6983,16,,,0,25,,6955,16,,,0,20,,6970,16,,,0,60,,6984,16,,,0,20,,6956,16,,,0,20,,6971,16,,,0,60,,6985,16,,,0,20,,6957,16,,,0,65,,6972,16,,,0,20,,6986,16,,,0,20,,6958,16,,,0,60,,6973,16,,,0,20,,6981,16,,,0,20,,6959,16,,,0,60,,6974,16,,,0,30,,6960,16,,,0,70,,6975,16,,,0,29,,6961,16,,,0,70,,6976,16,,,0,30,,6962,16,,,0,70,,6977,16,,,0,30,,6963,16,,,0,70,,6978,16,,,0,29,,6964,16,,,0,30,,6979,16,,,0,70,,6965,16,,,0
301,'Sunday',730,,6987,16,,,0,100,,6988,16,,,0,100,,6989,16,,,0,20,,7000,16,,,0,60,,7014,16,,,0,21,,6990,16,,,0,20,,7001,16,,,0,60,,7015,16,,,0,20,,6991,16,,,0,20,,7002,16,,,0,60,,7016,16,,,0,25,,6992,16,,,0,20,,7003,16,,,0,60,,7017,16,,,0,20,,6993,16,,,0,20,,7004,16,,,0,60,,7018,16,,,0,20,,6994,16,,,0,65,,7005,16,,,0,20,,7019,16,,,0,20,,6995,16,,,0,60,,7006,16,,,0,20,,7020,16,,,0,20,,6996,16,,,0,60,,7007,16,,,0,30,,6997,16,,,0,70,,7008,16,,,0,29,,6998,16,,,0,70,,7009,16,,,0,30,,6999,16,,,0,70,,7010,16,,,0,30,,7011,16,,,0,70,,7012,16,,,0,29,,7013,16,,,0
301,'Weekday',456,,7073,16,,,0,66,,7053,16,,,0,30,,7022,16,,,0,70,,7024,16,,,0,15,,7071,16,,,0,15,,7082,16,,,0,55,,7052,16,,,0,16,,7025,16,,,0,15,,7070,16,,,0,15,,7079,16,,,0,55,,7026,16,,,0,15,,7076,16,,,0,15,,7074,16,,,0,15,,7027,16,,,0,55,,7077,16,,,0,15,,7081,16,,,0,15,,7075,16,,,0,16,,7028,16,,,0,55,,7029,16,,,0,15,,7051,16,,,0,15,,7050,16,,,0,11,,7030,16,,,0,55,,7080,16,,,0,15,,7067,16,,,0,15,,7031,16,,,0,15,,7032,16,,,0,55,,7062,16,,,0,15,,7033,16,,,0,15,,7066,16,,,0,15,,7034,16,,,0,55,,7035,16,,,0,15,,7060,16,,,0,15,,7036,16,,,0,15,,7037,16,,,0,55,,7059,16,,,0,15,,7038,16,,,0,15,,7039,16,,,0,15,,7040,16,,,0,55,,7078,16,,,0,15,,7064,16,,,0,15,,7072,16,,,0,15,,7061,16,,,0,55,,7041,16,,,0,15,,7057,16,,,0,15,,7042,16,,,0,15,,7043,16,,,0,55,,7056,16,,,0,15,,7044,16,,,0,15,,7065,16,,,0,15,,7045,16,,,0,55,,7055,16,,,0,23,,7046,16,,,0,15,,7069,16,,,0,15,,7047,16,,,0,54,,7048,16,,,0,17,,7049,16,,,0,30,,7068,16,,,0,70,,7083,16,,,0,30,,7058,16,,,0,70,,7054,16,,,0,30,,7063,16,,,0,70,,7023,16,,,0,30,,7021,16,,,0
5200,'Holiday3-505-1111111',2329,,8884,45,4,,0,98,,8885,45,4,,0,100,,8883,45,4,,0
5200,'Saturday',2329,,8887,45,4,,0,98,,8888,45,4,,0,100,,8886,45,4,,0
5200,'Weekday',2339,,8891,45,4,,0,88,,8890,45,4,,0,100,,8889,45,4,,0
5201,'Holiday3-505-1111111',2329,,8893,1,,,0,98,,8892,1,,,0
5201,'Saturday',2329,,8895,1,,,0,98,,8894,1,,,0
5201,'Weekday',2339,,8897,1,,,0,88,,8896,1,,,0
