401,'Holiday21111111',1104,,7158,46,,,0,100,,7154,46,,,0,100,,7151,46,,,0,100,,7155,46,,,0,100,,7152,46,,,0,100,,7156,46,,,0,100,,7153,46,,,0,99,,7157,46,,,0
401,'Holiday3-505-1111111',1004,,7159,46,,,0,100,,7164,46,,,0,100,,7160,46,,,0,100,,7165,46,,,0,100,,7161,46,,,0,100,,7166,46,,,0,100,,7162,46,,,0,100,,7167,46,,,0,99,,7163,46,,,0,100,,7168,46,,,0,100,,7169,46,,,0
401,'Saturday',1004,,7170,46,,,0,100,,7175,46,,,0,100,,7171,46,,,0,100,,7176,46,,,0,100,,7172,46,,,0,100,,7177,46,,,0,100,,7173,46,,,0,100,,7178,46,,,0,99,,7174,46,,,0,100,,7179,46,,,0,100,,7180,46,,,0
401,'Sunday',1104,,7188,46,,,0,100,,7184,46,,,0,100,,7181,46,,,0,100,,7185,46,,,0,100,,7182,46,,,0,100,,7186,46,,,0,100,,7183,46,,,0,99,,7187,46,,,0
401,'Weekday',603,,7189,46,,,0,101,,7190,46,,,0,30,,7191,46,,,0,70,,7192,46,,,0,31,,7193,46,,,0,70,,7194,46,,,0,30,,7195,46,,,0,70,,7196,46,,,0,30,,7197,46,,,0,70,,7198,46,,,0,30,,7199,46,,,0,70,,7200,46,,,0,30,,7201,46,,,0,70,,7202,46,,,0,30,,7203,46,,,0,70,,7204,46,,,0,32,,7205,46,,,0,70,,7206,46,,,0,30,,7207,46,,,0,74,,7208,46,,,0,30,,7209,46,,,0,66,,7210,46,,,0,28,,7211,46,,,0,70,,7212,46,,,0,101,,7213,46,,,0,99,,7214,46,,,0
1001,'Holiday21111111',814,,7659,50,,,0,30,,7676,50,,,0,70,,7677,50,,,0,32,,7675,50,,,0,71,,7657,50,,,0,30,,7662,50,,,0,55,,7661,50,,,0,15,,7663,50,,,0,15,,7664,50,,,0,15,,7665,50,,,0,55,,7666,50,,,0,15,,7667,50,,,0,15,,7668,50,,,0,15,,7669,50,,,0,55,,7670,50,,,0,15,,7671,50,,,0,15,,7672,50,,,0,15,,7673,50,,,0,55,,7674,50,,,0,15,,7660,50,,,0,15,,7658,50,,,0,15,,7652,50,,,0,55,,7635,50,,,0,15,,7645,50,,,0,15,,7647,50,,,0,15,,7650,50,,,0,55,,7640,50,,,0,15,,7654,50,,,0,15,,7644,50,,,0,15,,7648,50,,,0,55,,7636,50,,,0,15,,7641,50,,,0,15,,7655,50,,,0,15,,7643,50,,,0,10,,7649,50,,,0,59,,7642,50,,,0,30,,7638,50,,,0,70,,7653,50,,,0,28,,7637,50,,,0,69,,7646,50,,,0,30,,7656,50,,,0,70,,7639,50,,,0,30,,7651,50,,,0
1001,'Holiday3-505-1111111',744,,7720,50,,,0,70,,7721,50,,,0,30,,7722,50,,,0,70,,7723,50,,,0,32,,7724,50,,,0,56,,7726,50,,,0,15,,7725,50,,,0,15,,7727,50,,,0,15,,7711,50,,,0,55,,7719,50,,,0,15,,7696,50,,,0,15,,7703,50,,,0,15,,7684,50,,,0,55,,7712,50,,,0,15,,7693,50,,,0,15,,7697,50,,,0,15,,7704,50,,,0,55,,7685,50,,,0,15,,7713,50,,,0,15,,7708,50,,,0,15,,7698,50,,,0,55,,7705,50,,,0,15,,7686,50,,,0,15,,7714,50,,,0,15,,7707,50,,,0,55,,7699,50,,,0,15,,7692,50,,,0,15,,7687,50,,,0,15,,7715,50,,,0,55,,7694,50,,,0,15,,7700,50,,,0,15,,7691,50,,,0,15,,7688,50,,,0,55,,7716,50,,,0,15,,7709,50,,,0,15,,7701,50,,,0,15,,7706,50,,,0,55,,7689,50,,,0,15,,7717,50,,,0,14,,7710,50,,,0,15,,7702,50,,,0,55,,7695,50,,,0,15,,7690,50,,,0,28,,7718,50,,,0,69,,7678,50,,,0,30,,7682,50,,,0,70,,7680,50,,,0,30,,7679,50,,,0,70,,7683,50,,,0,30,,7681,50,,,0
1001,'Saturday',744,,7770,50,,,0,70,,7771,50,,,0,30,,7772,50,,,0,70,,7773,50,,,0,32,,7774,50,,,0,56,,7776,50,,,0,15,,7775,50,,,0,15,,7777,50,,,0,15,,7761,50,,,0,55,,7769,50,,,0,15,,7746,50,,,0,15,,7753,50,,,0,15,,7734,50,,,0,55,,7762,50,,,0,15,,7743,50,,,0,15,,7747,50,,,0,15,,7754,50,,,0,55,,7735,50,,,0,15,,7763,50,,,0,15,,7758,50,,,0,15,,7748,50,,,0,55,,7755,50,,,0,15,,7736,50,,,0,15,,7764,50,,,0,15,,7757,50,,,0,55,,7749,50,,,0,15,,7742,50,,,0,15,,7737,50,,,0,15,,7765,50,,,0,55,,7744,50,,,0,15,,7750,50,,,0,15,,7741,50,,,0,15,,7738,50,,,0,55,,7766,50,,,0,15,,7759,50,,,0,15,,7751,50,,,0,15,,7756,50,,,0,55,,7739,50,,,0,15,,7767,50,,,0,14,,7760,50,,,0,15,,7752,50,,,0,55,,7745,50,,,0,15,,7740,50,,,0,28,,7768,50,,,0,69,,7728,50,,,0,30,,7732,50,,,0,70,,7730,50,,,0,30,,7729,50,,,0,70,,7733,50,,,0,30,,7731,50,,,0
1001,'Sunday',814,,7802,50,,,0,30,,7819,50,,,0,70,,7820,50,,,0,32,,7818,50,,,0,71,,7800,50,,,0,30,,7805,50,,,0,55,,7804,50,,,0,15,,7806,50,,,0,15,,7807,50,,,0,15,,7808,50,,,0,55,,7809,50,,,0,15,,7810,50,,,0,15,,7811,50,,,0,15,,7812,50,,,0,55,,7813,50,,,0,15,,7814,50,,,0,15,,7815,50,,,0,15,,7816,50,,,0,55,,7817,50,,,0,15,,7803,50,,,0,15,,7801,50,,,0,15,,7795,50,,,0,55,,7778,50,,,0,15,,7788,50,,,0,15,,7790,50,,,0,15,,7793,50,,,0,55,,7783,50,,,0,15,,7797,50,,,0,15,,7787,50,,,0,15,,7791,50,,,0,55,,7779,50,,,0,15,,7784,50,,,0,15,,7798,50,,,0,15,,7786,50,,,0,10,,7792,50,,,0,59,,7785,50,,,0,30,,7781,50,,,0,70,,7796,50,,,0,28,,7780,50,,,0,69,,7789,50,,,0,30,,7799,50,,,0,70,,7782,50,,,0,30,,7794,50,,,0
1001,'Weekday',542,,7821,50,,,0,68,,7822,50,,,0,30,,7823,50,,,0,15,,7856,50,,,0,55,,7824,50,,,0,15,,7857,50,,,0,17,,7825,50,,,0,15,,7858,50,,,0,55,,7826,50,,,0,20,,7859,50,,,0,15,,7827,50,,,0,55,,7860,50,,,0,15,,7828,50,,,0,16,,7861,50,,,0,15,,7829,50,,,0,55,,7862,50,,,0,15,,7830,50,,,0,15,,7863,50,,,0,15,,7831,50,,,0,55,,7864,50,,,0,15,,7832,50,,,0,15,,7865,50,,,0,15,,7833,50,,,0,55,,7866,50,,,0,15,,7834,50,,,0,15,,7867,50,,,0,15,,7835,50,,,0,55,,7868,50,,,0,15,,7836,50,,,0,15,,7869,50,,,0,15,,7837,50,,,0,55,,7870,50,,,0,15,,7838,50,,,0,17,,7871,50,,,0,15,,7839,50,,,0,55,,7872,50,,,0,15,,7840,50,,,0,15,,7873,50,,,0,12,,7841,50,,,0,55,,7874,50,,,0,15,,7842,50,,,0,15,,7875,50,,,0,15,,7843,50,,,0,55,,7876,50,,,0,12,,7844,50,,,0,15,,7877,50,,,0,15,,7845,50,,,0,58,,7878,50,,,0,15,,7846,50,,,0,12,,7879,50,,,0,18,,7847,50,,,0,55,,7880,50,,,0,15,,7848,50,,,0,30,,7849,50,,,0,70,,7850,50,,,0,30,,7851,50,,,0,70,,7852,50,,,0,28,,7853,50,,,0,70,,7854,50,,,0,30,,7855,50,,,0
