100,'Saturday',652,,2783,,,0,55,,2784,,,0,15,,2785,,,0,15,,2786,,,0,15,,2787,,,0,55,,2788,,,0,17,,2789,,,0,15,,2790,,,0,15,,2791,,,0,55,,2792,,,0,16,,2793,,,0,16,,2794,,,0,15,,2795,,,0,55,,2772,,,0,15,,2759,,,0,15,,2766,,,0,15,,2749,,,0,55,,2773,,,0,15,,2757,,,0,13,,2796,,,0,14,,2760,,,0,54,,2756,,,0,14,,2750,,,0,14,,2774,,,0,14,,2781,,,0,54,,2761,,,0,14,,2797,,,0,14,,2755,,,0,14,,2751,,,0,14,,2747,,,0,54,,2748,,,0,14,,2762,,,0,14,,2779,,,0,14,,2798,,,0,54,,2775,,,0,14,,2769,,,0,14,,2771,,,0,14,,2763,,,0,54,,2746,,,0,14,,2752,,,0,14,,2799,,,0,15,,2776,,,0,53,,2768,,,0,15,,2758,,,0,14,,2764,,,0,15,,2767,,,0,13,,2753,,,0,53,,2777,,,0,12,,2782,,,0,15,,2770,,,0,15,,2765,,,0,55,,2780,,,0,15,,2754,,,0,18,,2778,,,0,18,,2736,,,0,70,,2740,,,0,30,,2743,,,0,70,,2737,,,0,30,,2741,,,0,70,,2744,,,0,30,,2738,,,0,70,,2742,,,0,29,,2745,,,0,68,,2739,,,0
100,'Sunday',652,,2844,,,0,55,,2845,,,0,15,,2846,,,0,15,,2847,,,0,15,,2848,,,0,55,,2849,,,0,17,,2850,,,0,15,,2851,,,0,15,,2852,,,0,55,,2853,,,0,16,,2854,,,0,16,,2855,,,0,15,,2856,,,0,55,,2833,,,0,15,,2820,,,0,15,,2827,,,0,15,,2810,,,0,55,,2834,,,0,15,,2818,,,0,13,,2857,,,0,14,,2821,,,0,54,,2817,,,0,14,,2811,,,0,14,,2835,,,0,14,,2842,,,0,54,,2822,,,0,14,,2858,,,0,14,,2816,,,0,14,,2812,,,0,14,,2808,,,0,54,,2809,,,0,14,,2823,,,0,14,,2840,,,0,14,,2859,,,0,54,,2836,,,0,14,,2830,,,0,14,,2832,,,0,14,,2824,,,0,54,,2807,,,0,14,,2813,,,0,14,,2860,,,0,15,,2837,,,0,53,,2829,,,0,15,,2819,,,0,14,,2825,,,0,15,,2828,,,0,13,,2814,,,0,53,,2838,,,0,12,,2843,,,0,15,,2831,,,0,15,,2826,,,0,55,,2841,,,0,15,,2815,,,0,18,,2839,,,0,18,,2800,,,0,70,,2803,,,0,30,,2805,,,0,70,,2801,,,0,30,,2804,,,0,70,,2806,,,0,30,,2802,,,0
100,'Weekday',507,,2949,,,0,15,,2950,,,0,12,,2951,,,0,12,,2952,,,0,12,,2953,,,0,52,,2954,,,0,14,,2955,,,0,12,,2956,,,0,12,,2941,,,0,52,,2942,,,0,12,,2945,,,0,15,,2957,,,0,12,,2946,,,0,12,,2947,,,0,52,,2943,,,0,12,,2948,,,0,12,,2944,,,0,12,,2886,,,0,12,,2879,,,0,52,,2906,,,0,12,,2882,,,0,12,,2894,,,0,12,,2878,,,0,12,,2883,,,0,52,,2881,,,0,12,,2885,,,0,12,,2880,,,0,12,,2893,,,0,12,,2884,,,0,52,,2887,,,0,12,,2899,,,0,12,,2888,,,0,13,,2892,,,0,12,,2900,,,0,52,,2905,,,0,12,,2898,,,0,13,,2904,,,0,13,,2897,,,0,12,,2889,,,0,52,,2890,,,0,12,,2901,,,0,11,,2902,,,0,12,,2891,,,0,13,,2903,,,0,51,,2896,,,0,12,,2960,,,0,12,,2895,,,0,10,,2938,,,0,11,,2939,,,0,51,,2940,,,0,11,,2937,,,0,10,,2925,,,0,10,,2958,,,0,11,,2926,,,0,11,,2927,,,0,50,,2928,,,0,10,,2929,,,0,10,,2930,,,0,10,,2915,,,0,11,,2917,,,0,11,,2909,,,0,51,,2916,,,0,11,,2911,,,0,10,,2918,,,0,12,,2921,,,0,11,,2919,,,0,51,,2923,,,0,11,,2914,,,0,10,,2924,,,0,7,,2910,,,0,9,,2912,,,0,9,,2913,,,0,10,,2922,,,0,50,,2920,,,0,10,,2936,,,0,11,,2931,,,0,12,,2935,,,0,12,,2932,,,0,52,,2934,,,0,12,,2933,,,0,12,,2959,,,0,10,,2861,,,0,15,,2862,,,0,52,,2863,,,0,14,,2864,,,0,11,,2865,,,0,20,,2866,,,0,55,,2867,,,0,14,,2868,,,0,15,,2875,,,0,15,,2869,,,0,55,,2876,,,0,20,,2870,,,0,15,,2873,,,0,15,,2871,,,0,55,,2874,,,0,15,,2872,,,0,15,,2908,,,0,15,,2877,,,0,55,,2907,,,0
600,'Saturday',749,,3819,,,0,100,,3818,,,0,106,,3817,,,0,100,,3816,,,0,100,,3815,,,0,100,,3814,,,0,100,,3813,,,0,100,,3812,,,0,100,,3811,,,0,100,,3810,,,0,100,,3809,,,0,100,,3808,,,0,100,,3807,,,0,100,,3806,,,0,100,,3805,,,0
600,'Sunday',849,,3820,,,0,106,,3821,,,0,100,,3822,,,0,100,,3823,,,0,100,,3824,,,0,100,,3825,,,0,102,,3826,,,0,100,,3827,,,0,100,,3828,,,0,100,,3829,,,0,100,,3830,,,0,100,,3831,,,0
600,'Weekday',557,,3832,,,0,70,,3833,,,0,30,,3834,,,0,70,,3835,,,0,25,,3836,,,0,75,,3837,,,0,30,,3838,,,0,70,,3839,,,0,30,,3840,,,0,70,,3841,,,0,30,,3842,,,0,70,,3843,,,0,30,,3844,,,0,70,,3845,,,0,30,,3846,,,0,70,,3847,,,0,30,,3848,,,0,65,,3849,,,0,35,,3850,,,0,70,,3851,,,0,31,,3852,,,0,70,,3853,,,0,74,,3854,,,0,30,,3855,,,0,70,,3856,,,0,30,,3857,,,0,26,,3858,,,0,70,,3859,,,0,30,,3860,,,0,100,,3861,,,0,100,,3862,,,0
5100,'Saturday',2304,,4870,,,0,97,,4869,,,0,55,,4868,,,0
5100,'Weekday',2304,,4873,,,0,97,,4872,,,0,55,,4871,,,0
8000,'Weekday',554,,4912,,,0,70,,4908,,,0,30,,4913,,,0,70,,4909,,,0,30,,4914,,,0,70,,4910,,,0,31,,4915,,,0,70,,4911,,,0,30,,4916,,,0,70,,4890,,,0,30,,4899,,,0,70,,4891,,,0,34,,4900,,,0,68,,4892,,,0,30,,4901,,,0,70,,4893,,,0,30,,4902,,,0,70,,4894,,,0,30,,4903,,,0,71,,4895,,,0,30,,4904,,,0,68,,4896,,,0,29,,4905,,,0,73,,4897,,,0,29,,4906,,,0,73,,4898,,,0,29,,4907,,,0
8100,'Weekday',537,,4953,,,0,70,,4958,,,0,31,,4954,,,0,71,,4959,,,0,30,,4955,,,0,73,,4960,,,0,33,,4956,,,0,72,,4961,,,0,30,,4957,,,0,69,,4964,,,0,30,,4965,,,0,70,,4966,,,0,30,,4967,,,0,69,,4968,,,0,30,,4969,,,0,70,,4970,,,0,30,,4971,,,0,67,,4972,,,0,30,,4973,,,0,66,,4962,,,0,30,,4963,,,0,67,,4947,,,0,29,,4951,,,0,76,,4949,,,0,29,,4948,,,0,75,,4952,,,0,29,,4950,,,0
