200,'Saturday',628,5,3186,,,0,100,5,3187,,,0,100,5,3188,,,0,100,4,3189,,,0,30,4,3202,,,0,60,4,3190,,,0,20,4,3216,,,0,20,4,3203,,,0,60,4,3191,,,0,20,4,3217,,,0,20,4,3204,,,0,59,3,3192,,,0,20,3,3218,,,0,65,43,3205,,,0,20,3,3193,,,0,20,3,3219,,,0,60,43,3206,,,0,20,3,3194,,,0,20,3,3220,,,0,60,43,3207,,,0,25,3,3195,,,0,20,3,3221,,,0,60,3,3208,,,0,20,3,3196,,,0,20,3,3222,,,0,60,3,3209,,,0,21,4,3197,,,0,30,4,3210,,,0,70,4,3198,,,0,30,4,3211,,,0,70,5,3199,,,0,30,5,3212,,,0,70,5,3200,,,0,30,5,3213,,,0,70,5,3201,,,0,30,5,3214,,,0,94,,3215,4,,0
200,'Sunday',758,5,3223,,,0,100,5,3224,,,0,100,4,3225,,,0,60,4,3236,,,0,20,4,3249,,,0,20,4,3226,,,0,60,4,3237,,,0,20,4,3250,,,0,20,4,3227,,,0,59,3,3238,,,0,20,3,3251,,,0,65,43,3228,,,0,20,3,3239,,,0,20,3,3252,,,0,60,43,3229,,,0,20,3,3240,,,0,20,3,3253,,,0,60,43,3230,,,0,25,3,3241,,,0,20,3,3254,,,0,60,3,3231,,,0,20,3,3242,,,0,20,3,3255,,,0,60,3,3232,,,0,21,4,3243,,,0,30,4,3233,,,0,70,4,3244,,,0,30,4,3234,,,0,70,5,3245,,,0,30,5,3235,,,0,70,5,3246,,,0,30,5,3247,,,0,70,5,3248,,,0
200,'Weekday',454,5,3256,,,0,70,5,3258,,,0,30,5,3260,,,0,68,5,3289,,,0,15,5,3262,,,0,15,5,3263,,,0,55,5,3290,,,0,16,5,3264,,,0,15,5,3265,,,0,15,5,3266,,,0,56,5,3267,,,0,15,5,3268,,,0,15,5,3291,,,0,15,5,3269,,,0,55,5,3292,,,0,15,5,3270,,,0,16,5,3271,,,0,14,5,3293,,,0,55,5,3294,,,0,15,5,3295,,,0,15,5,3272,,,0,15,5,3296,,,0,55,5,3297,,,0,16,5,3273,,,0,15,5,3298,,,0,15,5,3274,,,0,55,5,3275,,,0,15,5,3299,,,0,15,5,3300,,,0,15,5,3276,,,0,55,5,3277,,,0,15,5,3301,,,0,15,5,3302,,,0,15,5,3278,,,0,55,5,3303,,,0,15,5,3304,,,0,15,5,3279,,,0,15,5,3305,,,0,55,5,3306,,,0,15,5,3307,,,0,15,5,3280,,,0,15,5,3281,,,0,55,5,3282,,,0,15,5,3308,,,0,15,5,3309,,,0,15,5,3310,,,0,55,5,3311,,,0,15,5,3283,,,0,15,5,3312,,,0,16,5,3284,,,0,55,5,3313,,,0,13,5,3285,,,0,15,5,3314,,,0,19,5,3315,,,0,70,5,3316,,,0,30,5,3288,,,0,70,5,3286,,,0,30,5,3257,,,0,70,5,3287,,,0,72,45,3259,,,0,29,5,3261,,,0,27,5,3317,4,,0
201,'Saturday',655,5,3318,,,0,100,5,3319,,,0,100,5,3320,,,0,70,5,3348,,,0,30,5,3321,,,0,70,3,3335,,,0,20,3,3322,,,0,60,3,3349,,,0,20,3,3336,,,0,20,3,3323,,,0,60,3,3350,,,0,25,3,3337,,,0,20,3,3324,,,0,60,3,3351,,,0,19,2,3338,,,0,20,2,3325,,,0,60,2,3352,,,0,20,2,3339,,,0,20,2,3326,,,0,65,2,3353,,,0,20,2,3340,,,0,20,2,3327,,,0,60,2,3354,,,0,21,3,3341,,,0,20,3,3328,,,0,60,3,3355,,,0,20,3,3342,,,0,20,3,3329,,,0,70,5,3343,,,0,30,5,3330,,,0,70,5,3344,,,0,30,5,3331,,,0,70,5,3345,,,0,30,5,3332,,,0,70,5,3346,,,0,30,5,3333,,,0,70,5,3347,,,0,25,,3334,4,,0
201,'Sunday',755,5,3356,,,0,100,5,3357,,,0,70,5,3380,,,0,30,5,3358,,,0,70,3,3369,,,0,20,3,3359,,,0,60,3,3389,,,0,20,3,3370,,,0,20,3,3360,,,0,60,3,3390,,,0,25,3,3371,,,0,20,3,3361,,,0,60,3,3388,,,0,19,2,3372,,,0,20,2,3362,,,0,60,2,3386,,,0,20,2,3373,,,0,20,2,3363,,,0,65,2,3384,,,0,20,2,3374,,,0,20,2,3364,,,0,60,2,3385,,,0,21,3,3375,,,0,20,3,3365,,,0,60,3,3387,,,0,20,3,3376,,,0,20,3,3366,,,0,70,5,3377,,,0,30,5,3367,,,0,70,5,3378,,,0,30,5,3368,,,0,70,5,3379,,,0,30,5,3381,,,0,70,5,3382,,,0,30,5,3383,,,0
201,'Weekday',524,5,3415,,,0,29,5,3416,,,0,68,5,3417,,,0,15,5,3418,,,0,15,5,3392,,,0,55,5,3419,,,0,15,5,3420,,,0,15,5,3393,,,0,15,5,3421,,,0,55,5,3394,,,0,15,5,3395,,,0,16,5,3422,,,0,15,5,3423,,,0,55,5,3424,,,0,15,5,3396,,,0,15,5,3425,,,0,18,5,3397,,,0,55,5,3426,,,0,15,5,3427,,,0,15,5,3428,,,0,15,5,3429,,,0,55,5,3398,,,0,16,5,3430,,,0,17,5,3431,,,0,15,5,3399,,,0,55,5,3432,,,0,15,5,3433,,,0,15,5,3400,,,0,15,5,3434,,,0,55,5,3401,,,0,15,5,3435,,,0,15,5,3402,,,0,15,5,3403,,,0,53,5,3436,,,0,16,5,3437,,,0,15,5,3404,,,0,15,5,3438,,,0,57,5,3439,,,0,18,5,3440,,,0,15,5,3441,,,0,55,45,3405,,,0,15,5,3442,,,0,13,5,3406,,,0,15,5,3443,,,0,55,45,3407,,,0,15,5,3444,,,0,16,5,3445,,,0,14,5,3446,,,0,14,5,3447,,,0,55,5,3448,,,0,12,5,3408,,,0,15,5,3449,,,0,18,5,3409,,,0,70,5,3411,,,0,30,5,3413,,,0,70,5,3450,,,0,30,5,3412,,,0,70,5,3410,,,0,30,5,3414,,,0,70,5,3451,,,0,30,5,3391,,,0
600,'Saturday',748,,3819,,,0,100,,3818,,,0,106,,3817,,,0,100,,3816,,,0,100,,3815,,,0,100,,3814,,,0,100,,3813,,,0,100,,3812,,,0,100,,3811,,,0,100,,3810,,,0,100,,3809,,,0,100,,3808,,,0,100,,3807,,,0,100,,3806,,,0,100,,3805,,,0
600,'Sunday',848,,3820,,,0,106,,3821,,,0,100,,3822,,,0,100,,3823,,,0,100,,3824,,,0,100,,3825,,,0,102,,3826,,,0,100,,3827,,,0,100,,3828,,,0,100,,3829,,,0,100,,3830,,,0,100,,3831,,,0
600,'Weekday',555,,3832,,,0,70,,3833,,,0,30,,3834,,,0,70,,3835,,,0,25,,3836,,,0,75,,3837,,,0,30,,3838,,,0,70,,3839,,,0,30,,3840,,,0,70,,3841,,,0,30,,3842,,,0,70,,3843,,,0,30,,3844,,,0,70,,3845,,,0,30,,3846,,,0,70,,3847,,,0,30,,3848,,,0,65,,3849,,,0,35,,3850,,,0,70,,3851,,,0,31,,3852,,,0,70,,3853,,,0,74,,3854,,,0,30,,3855,,,0,70,,3856,,,0,30,,3857,,,0,26,,3858,,,0,70,,3859,,,0,30,,3860,,,0,100,,3861,,,0,100,,3862,,,0
601,'Saturday',736,,3877,4,,0,100,,3876,4,,0,100,,3875,4,,0,110,,3874,4,,0,100,,3873,4,,0,100,,3872,4,,0,100,,3871,4,,0,100,,3870,4,,0,100,,3869,4,,0,100,,3868,4,,0,100,,3867,4,,0,100,,3866,4,,0,100,,3865,4,,0,100,,3864,4,,0,100,,3863,4,,0
601,'Sunday',836,,3878,4,,0,100,,3879,4,,0,113,,3880,4,,0,100,,3881,4,,0,100,,3882,4,,0,100,,3883,4,,0,104,,3884,4,,0,100,,3885,4,,0,100,,3886,4,,0,100,,3887,4,,0,100,,3888,4,,0,100,,3889,4,,0
601,'Weekday',544,,3890,4,,0,102,,3891,4,,0,70,,3892,4,,0,30,,3893,4,,0,75,,3894,4,,0,30,,3895,4,,0,69,,3896,4,,0,30,,3897,4,,0,65,,3898,4,,0,30,,3899,4,,0,70,,3900,4,,0,30,,3901,4,,0,70,,3902,4,,0,30,,3903,4,,0,70,,3904,4,,0,31,,3905,4,,0,70,,3906,4,,0,32,,3907,4,,0,73,,3908,4,,0,34,,3909,4,,0,70,,3910,4,,0,30,,3911,4,,0,70,,3912,4,,0,30,,3913,4,,0,67,,3914,4,,0,30,,3915,4,,0,70,,3916,4,,0,26,,3917,4,,0,100,,3918,4,,0,100,,3919,4,,0
1000,'Saturday',702,,3926,,,0,30,,3927,,,0,70,,3928,,,0,30,,3929,,,0,70,,3930,,,0,15,,3970,,,0,15,,3931,,,0,15,,3932,,,0,55,,3933,,,0,15,,3934,,,0,15,,3935,,,0,15,,3936,,,0,55,,3937,,,0,15,,3938,,,0,15,,3939,,,0,15,,3940,,,0,55,,3941,,,0,15,,3942,,,0,15,,3943,,,0,15,,3944,,,0,55,,3945,,,0,15,,3946,,,0,15,,3947,,,0,15,,3948,,,0,55,,3949,,,0,15,,3950,,,0,15,,3951,,,0,15,,3952,,,0,55,,3953,,,0,15,,3954,,,0,15,,3955,,,0,15,,3956,,,0,55,,3957,,,0,15,,3958,,,0,15,,3959,,,0,15,,3960,,,0,55,,3961,,,0,15,,3962,,,0,15,,3963,,,0,15,,3964,,,0,55,,3965,,,0,15,,3966,,,0,15,,3967,,,0,70,,3968,,,0,30,,3969,,,0,70,,3922,,,0,30,,3920,,,0,70,,3924,,,0,30,,3923,,,0,70,,3921,,,0,30,,3925,,,0
1000,'Sunday',806,,4013,,,0,30,,4007,,,0,70,,4012,,,0,26,,4004,,,0,70,,4006,,,0,30,,3984,,,0,15,,3972,,,0,55,,3975,,,0,15,,3994,,,0,15,,3992,,,0,15,,3985,,,0,55,,3991,,,0,15,,3976,,,0,15,,3995,,,0,15,,3983,,,0,55,,3986,,,0,15,,4001,,,0,15,,3977,,,0,15,,3996,,,0,55,,3990,,,0,15,,3987,,,0,15,,3981,,,0,15,,3978,,,0,55,,3997,,,0,15,,3974,,,0,15,,3988,,,0,15,,4000,,,0,55,,3979,,,0,15,,3998,,,0,15,,3993,,,0,15,,3989,,,0,55,,3973,,,0,15,,3980,,,0,15,,3999,,,0,15,,3982,,,0,55,,3971,,,0,30,,4002,,,0,70,,4008,,,0,30,,4003,,,0,70,,4009,,,0,30,,4005,,,0,70,,4010,,,0,30,,4011,,,0
1000,'Weekday',455,,4024,,,0,70,,4033,,,0,26,,4019,,,0,67,,4050,,,0,15,,4047,,,0,17,,4051,,,0,52,,4043,,,0,14,,4052,,,0,15,,4028,,,0,15,,4053,,,0,12,,4034,,,0,57,,4054,,,0,15,,4014,,,0,15,,4055,,,0,55,,4040,,,0,15,,4056,,,0,15,,4049,,,0,15,,4057,,,0,55,,4046,,,0,15,,4058,,,0,15,,4035,,,0,15,,4059,,,0,55,,4031,,,0,15,,4060,,,0,15,,4023,,,0,15,,4061,,,0,58,,4032,,,0,12,,4062,,,0,15,,4018,,,0,15,,4063,,,0,55,,4036,,,0,15,,4064,,,0,15,,4048,,,0,15,,4065,,,0,55,,4022,,,0,15,,4066,,,0,15,,4045,,,0,17,,4067,,,0,55,,4042,,,0,15,,4068,,,0,15,,4037,,,0,16,,4069,,,0,52,,4041,,,0,16,,4070,,,0,14,,4030,,,0,18,,4071,,,0,55,,4025,,,0,15,,4072,,,0,15,,4027,,,0,15,,4073,,,0,55,,4038,,,0,15,,4074,,,0,12,,4026,,,0,15,,4075,,,0,55,,4021,,,0,30,,4044,,,0,70,,4029,,,0,30,,4039,,,0,70,,4015,,,0,30,,4017,,,0,70,,4020,,,0,30,,4016,,,0
1001,'Saturday',752,,4118,4,,0,70,,4119,4,,0,30,,4120,4,,0,70,,4121,4,,0,32,,4122,4,,0,57,,4124,4,,0,15,,4123,4,,0,15,,4125,4,,0,15,,4109,4,,0,55,,4117,4,,0,15,,4094,4,,0,15,,4101,4,,0,15,,4082,4,,0,55,,4110,4,,0,15,,4091,4,,0,15,,4095,4,,0,15,,4102,4,,0,55,,4083,4,,0,15,,4111,4,,0,15,,4106,4,,0,15,,4096,4,,0,55,,4103,4,,0,15,,4084,4,,0,15,,4112,4,,0,15,,4105,4,,0,55,,4097,4,,0,15,,4090,4,,0,15,,4085,4,,0,15,,4113,4,,0,55,,4092,4,,0,15,,4098,4,,0,15,,4089,4,,0,15,,4086,4,,0,55,,4114,4,,0,15,,4107,4,,0,15,,4099,4,,0,15,,4104,4,,0,55,,4087,4,,0,15,,4115,4,,0,14,,4108,4,,0,15,,4100,4,,0,55,,4093,4,,0,15,,4088,4,,0,28,,4116,4,,0,68,,4076,4,,0,30,,4080,4,,0,70,,4078,4,,0,30,,4077,4,,0,70,,4081,4,,0,30,,4079,4,,0
1001,'Sunday',822,,4150,4,,0,30,,4167,4,,0,70,,4168,4,,0,32,,4166,4,,0,72,,4148,4,,0,30,,4153,4,,0,55,,4152,4,,0,15,,4154,4,,0,15,,4155,4,,0,15,,4156,4,,0,55,,4157,4,,0,15,,4158,4,,0,15,,4159,4,,0,15,,4160,4,,0,55,,4161,4,,0,15,,4162,4,,0,15,,4163,4,,0,15,,4164,4,,0,55,,4165,4,,0,15,,4151,4,,0,15,,4149,4,,0,15,,4143,4,,0,55,,4126,4,,0,15,,4136,4,,0,15,,4138,4,,0,15,,4141,4,,0,55,,4131,4,,0,15,,4145,4,,0,15,,4135,4,,0,15,,4139,4,,0,55,,4127,4,,0,15,,4132,4,,0,15,,4146,4,,0,15,,4134,4,,0,50,,4140,4,,0,19,,4133,4,,0,30,,4129,4,,0,70,,4144,4,,0,28,,4128,4,,0,68,,4137,4,,0,30,,4147,4,,0,70,,4130,4,,0,30,,4142,4,,0
1001,'Weekday',549,,4169,4,,0,70,,4170,4,,0,30,,4171,4,,0,55,,4204,4,,0,15,,4172,4,,0,19,,4205,4,,0,15,,4173,4,,0,55,,4206,4,,0,15,,4174,4,,0,15,,4207,4,,0,18,,4175,4,,0,55,,4208,4,,0,15,,4176,4,,0,16,,4209,4,,0,15,,4177,4,,0,55,,4210,4,,0,15,,4178,4,,0,15,,4211,4,,0,15,,4179,4,,0,55,,4212,4,,0,15,,4180,4,,0,15,,4213,4,,0,15,,4181,4,,0,55,,4214,4,,0,15,,4182,4,,0,15,,4215,4,,0,15,,4183,4,,0,55,,4216,4,,0,15,,4184,4,,0,15,,4217,4,,0,15,,4185,4,,0,55,,4218,4,,0,15,,4186,4,,0,18,,4219,4,,0,55,,4187,4,,0,15,,4220,4,,0,15,,4188,4,,0,17,,4221,4,,0,12,,4189,4,,0,55,,4222,4,,0,15,,4190,4,,0,15,,4223,4,,0,15,,4191,4,,0,55,,4224,4,,0,12,,4192,4,,0,15,,4225,4,,0,13,,4193,4,,0,56,,4226,4,,0,16,,4194,4,,0,12,,4227,4,,0,15,,4195,4,,0,55,,4228,4,,0,18,,4196,4,,0,30,,4197,4,,0,70,,4198,4,,0,30,,4199,4,,0,70,,4200,4,,0,26,,4201,4,,0,70,,4202,4,,0,30,,4203,4,,0
1200,'Saturday',755,,4470,,,0,70,,4471,,,0,30,,4469,,,0,70,,4472,,,0,75,,4468,,,0,25,,4473,,,0,30,,4467,,,0,70,,4474,,,0,30,,4466,,,0,70,,4475,,,0,30,,4465,,,0,70,,4476,,,0,75,,4464,,,0,25,,4477,,,0,30,,4463,,,0,70,,4478,,,0,30,,4462,,,0,70,,4479,,,0,30,,4461,,,0,70,,4480,,,0,30,,4460,,,0,70,,4481,,,0,30,,4459,,,0,70,,4482,,,0,30,,4458,,,0,70,,4483,,,0,30,,4457,,,0,70,,4484,,,0,30,,4456,,,0
1200,'Sunday',825,,4495,,,0,30,,4494,,,0,70,,4496,,,0,75,,4493,,,0,25,,4497,,,0,30,,4492,,,0,70,,4498,,,0,30,,4491,,,0,70,,4499,,,0,30,,4490,,,0,70,,4500,,,0,75,,4489,,,0,25,,4501,,,0,30,,4488,,,0,70,,4502,,,0,30,,4487,,,0,70,,4503,,,0,30,,4486,,,0,70,,4504,,,0,75,,4485,,,0,30,,4505,,,0,70,,4506,,,0,30,,4507,,,0,70,,4508,,,0,30,,4509,,,0,70,,4510,,,0,30,,4511,,,0
1200,'Weekday',530,,4532,,,0,70,,4519,,,0,30,,4533,,,0,70,,4524,,,0,30,,4534,,,0,70,,4531,,,0,30,,4535,,,0,70,,4525,,,0,30,,4536,,,0,70,,4520,,,0,30,,4537,,,0,70,,4526,,,0,30,,4538,,,0,70,,4523,,,0,30,,4539,,,0,70,,4527,,,0,30,,4518,,,0,70,,4540,,,0,20,,4521,,,0,20,,4512,,,0,65,,4541,,,0,25,,4528,,,0,20,,4529,,,0,65,,4530,,,0,25,,4547,,,0,60,,4548,,,0,30,,4513,,,0,70,,4515,,,0,30,,4522,,,0,27,,4542,,,0,70,,4516,,,0,30,,4543,,,0,70,,4514,,,0,30,,4544,,,0,70,,4517,,,0,30,,4545,,,0,70,,4546,,,0
1201,'Saturday',748,,4563,4,,0,70,,4566,4,,0,30,,4562,4,,0,70,,4567,4,,0,30,,4561,4,,0,70,,4568,4,,0,35,,4560,4,,0,65,,4569,4,,0,30,,4559,4,,0,70,,4570,4,,0,30,,4558,4,,0,70,,4571,4,,0,30,,4557,4,,0,70,,4572,4,,0,35,,4556,4,,0,65,,4573,4,,0,30,,4555,4,,0,70,,4574,4,,0,30,,4554,4,,0,70,,4575,4,,0,30,,4553,4,,0,70,,4576,4,,0,30,,4552,4,,0,70,,4577,4,,0,30,,4551,4,,0,68,,4565,4,,0,30,,4550,4,,0,70,,4564,4,,0,30,,4549,4,,0,70,,4578,4,,0
1201,'Sunday',818,,4588,4,,0,100,,4589,4,,0,30,,4587,4,,0,70,,4590,4,,0,35,,4586,4,,0,65,,4591,4,,0,30,,4585,4,,0,70,,4592,4,,0,30,,4584,4,,0,70,,4593,4,,0,30,,4583,4,,0,70,,4594,4,,0,35,,4582,4,,0,65,,4595,4,,0,30,,4581,4,,0,70,,4596,4,,0,30,,4580,4,,0,70,,4597,4,,0,30,,4579,4,,0,70,,4598,4,,0,35,,4599,4,,0,70,,4600,4,,0,30,,4601,4,,0,68,,4602,4,,0,30,,4603,4,,0,70,,4604,4,,0,30,,4605,4,,0
1201,'Weekday',520,,4606,4,,0,100,,4607,4,,0,30,,4608,4,,0,72,,4609,4,,0,30,,4610,4,,0,73,,4611,4,,0,30,,4612,4,,0,70,,4613,4,,0,30,,4614,4,,0,70,,4615,4,,0,30,,4616,4,,0,71,,4617,4,,0,30,,4618,4,,0,70,,4619,4,,0,30,,4620,4,,0,70,,4621,4,,0,30,,4622,4,,0,72,,4623,4,,0,31,,4624,4,,0,60,,4625,4,,0,20,,4626,4,,0,67,,4627,4,,0,25,,4628,4,,0,20,,4629,4,,0,65,,4630,4,,0,25,,4640,4,,0,18,,4641,4,,0,68,,4631,4,,0,26,,4635,4,,0,70,,4632,4,,0,27,,4637,4,,0,70,,4633,4,,0,29,,4636,4,,0,68,,4634,4,,0,30,,4638,4,,0,70,,4639,4,,0
5000,'Saturday',2304,,4859,,,0,97,,4858,,,0,55,,4860,,,0
5000,'Weekday',2304,,4862,,,0,97,,4861,,,0,55,,4863,,,0
5001,'Saturday',2345,,4865,4,,0,97,,4864,4,,0
5001,'Weekday',2345,,4867,4,,0,97,,4866,4,,0
5100,'Saturday',2303,,4870,,,0,97,,4869,,,0,55,,4868,,,0
5100,'Weekday',2303,,4873,,,0,97,,4872,,,0,55,,4871,,,0
5101,'Saturday',2346,,4875,4,,0,97,,4874,4,,0
5101,'Weekday',2346,,4878,4,,0,97,,4877,4,,0
5200,'Saturday',2304,,4881,,,0,97,,4882,,,0,55,,4880,,,0
5200,'Weekday',2304,,4885,,,0,97,,4884,,,0,55,,4883,,,0
5201,'Saturday',2348,,4887,4,,0,97,,4886,4,,0
5201,'Weekday',2348,,4889,4,,0,97,,4888,4,,0
8000,'Weekday',553,,4912,,,0,70,,4908,,,0,30,,4913,,,0,70,,4909,,,0,30,,4914,,,0,70,,4910,,,0,31,,4915,,,0,70,,4911,,,0,30,,4916,,,0,70,,4890,,,0,30,,4899,,,0,70,,4891,,,0,34,,4900,,,0,68,,4892,,,0,30,,4901,,,0,70,,4893,,,0,30,,4902,,,0,70,,4894,,,0,30,,4903,,,0,71,,4895,,,0,30,,4904,,,0,68,,4896,,,0,29,,4905,,,0,73,,4897,,,0,29,,4906,,,0,73,,4898,,,0,29,,4907,,,0
8001,'Weekday',526,,4918,4,,0,30,,4924,4,,0,71,,4919,4,,0,30,,4925,4,,0,73,,4920,4,,0,70,,4926,4,,0,36,,4921,4,,0,70,,4927,4,,0,30,,4922,4,,0,70,,4928,4,,0,29,,4923,4,,0,70,,4929,4,,0,30,,4938,4,,0,70,,4930,4,,0,26,,4939,4,,0,70,,4931,4,,0,30,,4940,4,,0,70,,4932,4,,0,33,,4941,4,,0,70,,4933,4,,0,29,,4945,4,,0,21,,4946,4,,0,60,,4934,4,,0,22,,4942,4,,0,70,,4935,4,,0,28,,4943,4,,0,70,,4936,4,,0,26,,4944,4,,0,70,,4937,4,,0
8100,'Weekday',536,,4953,,,0,70,,4958,,,0,31,,4954,,,0,70,,4959,,,0,30,,4955,,,0,73,,4960,,,0,33,,4956,,,0,72,,4961,,,0,30,,4957,,,0,70,,4964,,,0,30,,4965,,,0,70,,4966,,,0,30,,4967,,,0,69,,4968,,,0,30,,4969,,,0,70,,4970,,,0,30,,4971,,,0,66,,4972,,,0,30,,4973,,,0,66,,4962,,,0,30,,4963,,,0,67,,4947,,,0,29,,4951,,,0,76,,4949,,,0,29,,4948,,,0,76,,4952,,,0,29,,4950,,,0
8101,'Weekday',610,,4979,4,,0,31,,4984,4,,0,70,,4980,4,,0,33,,4985,4,,0,70,,4981,4,,0,37,,4986,4,,0,70,,4982,4,,0,28,,4987,4,,0,70,,4983,4,,0,30,,4990,4,,0,70,,4991,4,,0,30,,4992,4,,0,70,,4993,4,,0,25,,4994,4,,0,70,,4995,4,,0,30,,4996,4,,0,70,,4997,4,,0,32,,4998,4,,0,70,,4999,4,,0,37,,4988,4,,0,70,,5000,4,,0,32,,4989,4,,0,70,,4977,4,,0,21,,4975,4,,0,70,,4976,4,,0,28,,5001,4,,0,70,,4978,4,,0
8700,'Weekday',611,,5002,4,,0,45,,5003,4,,0,85,,5004,4,,0,86,,5005,4,,0,85,,5006,4,,0,602,,5007,4,,0,45,,5008,4,,0,85,,5009,4,,0,85,,5010,4,,0,85,,5011,4,,0,43,,5012,4,,0
8701,'Weekday',530,,5013,,,0,85,,5014,,,0,85,,5015,,,0,43,,5016,,,0,87,,5017,,,0,600,,5018,,,0,85,,5019,,,0,85,,5020,,,0,45,,5021,,,0,85,,5022,,,0,85,,5023,,,0
