301,'Holiday21111111',728,,6885,14,,,0,100,,6886,14,,,0,30,,6909,14,,,0,70,,6887,14,,,0,30,,6898,14,,,0,71,,6888,14,,,0,30,,6899,14,,,0,70,,6889,14,,,0,30,,6900,14,,,0,70,,6890,14,,,0,30,,6901,14,,,0,70,,6891,14,,,0,30,,6902,14,,,0,70,,6892,14,,,0,30,,6903,14,,,0,70,,6893,14,,,0,30,,6904,14,,,0,70,,6894,14,,,0,30,,6905,14,,,0,70,,6895,14,,,0,30,,6906,14,,,0,69,,6896,14,,,0,30,,6907,14,,,0,73,,6897,14,,,0,70,,6908,14,,,0,30,,6910,14,,,0,70,,6911,14,,,0,30,,6912,14,,,0
301,'Holiday3-505-1111111',558,,6929,14,,,0,100,,6913,14,,,0,100,,6914,14,,,0,100,,6915,14,,,0,70,,6943,14,,,0,30,,6930,14,,,0,71,,6916,14,,,0,20,,6931,14,,,0,60,,6945,14,,,0,20,,6917,14,,,0,20,,6932,14,,,0,60,,6946,14,,,0,25,,6918,14,,,0,20,,6933,14,,,0,60,,6947,14,,,0,20,,6919,14,,,0,20,,6934,14,,,0,60,,6948,14,,,0,20,,6920,14,,,0,25,,6935,14,,,0,60,,6949,14,,,0,20,,6921,14,,,0,20,,6936,14,,,0,60,,6944,14,,,0,20,,6922,14,,,0,20,,6937,14,,,0,70,,6923,14,,,0,30,,6938,14,,,0,69,,6924,14,,,0,30,,6939,14,,,0,70,,6925,14,,,0,30,,6940,14,,,0,70,,6926,14,,,0,30,,6941,14,,,0,70,,6927,14,,,0,30,,6942,14,,,0,70,,6928,14,,,0
301,'Saturday',558,,6966,14,,,0,100,,6950,14,,,0,100,,6951,14,,,0,100,,6952,14,,,0,70,,6980,14,,,0,30,,6967,14,,,0,71,,6953,14,,,0,20,,6968,14,,,0,60,,6982,14,,,0,20,,6954,14,,,0,20,,6969,14,,,0,60,,6983,14,,,0,25,,6955,14,,,0,20,,6970,14,,,0,60,,6984,14,,,0,20,,6956,14,,,0,20,,6971,14,,,0,60,,6985,14,,,0,20,,6957,14,,,0,25,,6972,14,,,0,60,,6986,14,,,0,20,,6958,14,,,0,20,,6973,14,,,0,60,,6981,14,,,0,20,,6959,14,,,0,20,,6974,14,,,0,70,,6960,14,,,0,30,,6975,14,,,0,69,,6961,14,,,0,30,,6976,14,,,0,70,,6962,14,,,0,30,,6977,14,,,0,70,,6963,14,,,0,30,,6978,14,,,0,70,,6964,14,,,0,30,,6979,14,,,0,70,,6965,14,,,0
301,'Sunday',728,,6987,14,,,0,100,,6988,14,,,0,100,,6989,14,,,0,20,,7000,14,,,0,60,,7014,14,,,0,21,,6990,14,,,0,20,,7001,14,,,0,60,,7015,14,,,0,20,,6991,14,,,0,20,,7002,14,,,0,60,,7016,14,,,0,25,,6992,14,,,0,20,,7003,14,,,0,60,,7017,14,,,0,20,,6993,14,,,0,20,,7004,14,,,0,60,,7018,14,,,0,20,,6994,14,,,0,25,,7005,14,,,0,60,,7019,14,,,0,20,,6995,14,,,0,20,,7006,14,,,0,60,,7020,14,,,0,20,,6996,14,,,0,20,,7007,14,,,0,70,,6997,14,,,0,30,,7008,14,,,0,69,,6998,14,,,0,30,,7009,14,,,0,70,,6999,14,,,0,30,,7010,14,,,0,70,,7011,14,,,0,30,,7012,14,,,0,70,,7013,14,,,0
301,'Weekday',455,,7073,14,,,0,66,,7053,14,,,0,30,,7022,14,,,0,70,,7024,14,,,0,15,,7071,14,,,0,15,,7082,14,,,0,55,,7052,14,,,0,15,,7025,14,,,0,15,,7070,14,,,0,15,,7079,14,,,0,55,,7026,14,,,0,15,,7076,14,,,0,15,,7074,14,,,0,15,,7027,14,,,0,55,,7077,14,,,0,15,,7081,14,,,0,15,,7075,14,,,0,16,,7028,14,,,0,55,,7029,14,,,0,15,,7051,14,,,0,15,,7050,14,,,0,11,,7030,14,,,0,55,,7080,14,,,0,15,,7067,14,,,0,15,,7031,14,,,0,15,,7032,14,,,0,55,,7062,14,,,0,15,,7033,14,,,0,15,,7066,14,,,0,15,,7034,14,,,0,55,,7035,14,,,0,15,,7060,14,,,0,15,,7036,14,,,0,15,,7037,14,,,0,55,,7059,14,,,0,15,,7038,14,,,0,15,,7039,14,,,0,15,,7040,14,,,0,55,,7078,14,,,0,15,,7064,14,,,0,15,,7072,14,,,0,15,,7061,14,,,0,55,,7041,14,,,0,15,,7057,14,,,0,15,,7042,14,,,0,15,,7043,14,,,0,55,,7056,14,,,0,15,,7044,14,,,0,15,,7065,14,,,0,15,,7045,14,,,0,55,,7055,14,,,0,23,,7046,14,,,0,15,,7069,14,,,0,15,,7047,14,,,0,55,,7048,14,,,0,17,,7049,14,,,0,30,,7068,14,,,0,70,,7083,14,,,0,30,,7058,14,,,0,70,,7054,14,,,0,30,,7063,14,,,0,70,,7023,14,,,0,30,,7021,14,,,0
1200,'Holiday21111111',837,,8232,17,,,0,70,,8231,17,,,0,30,,8233,17,,,0,73,,8230,17,,,0,27,,8234,17,,,0,70,,8229,17,,,0,30,,8235,17,,,0,70,,8228,17,,,0,30,,8236,17,,,0,70,,8227,17,,,0,30,,8237,17,,,0,73,,8226,17,,,0,27,,8238,17,,,0,70,,8225,17,,,0,30,,8239,17,,,0,70,,8224,17,,,0,30,,8240,17,,,0,70,,8223,17,,,0,30,,8241,17,,,0,73,,8222,17,,,0,30,,8242,17,,,0,70,,8243,17,,,0,30,,8244,17,,,0,70,,8245,17,,,0,30,,8246,17,,,0,70,,8247,17,,,0,30,,8248,17,,,0
1200,'Holiday3-505-1111111',805,,8263,17,,,0,30,,8264,17,,,0,70,,8262,17,,,0,30,,8265,17,,,0,75,,8261,17,,,0,25,,8266,17,,,0,70,,8260,17,,,0,30,,8267,17,,,0,70,,8259,17,,,0,30,,8268,17,,,0,70,,8258,17,,,0,30,,8269,17,,,0,75,,8257,17,,,0,25,,8270,17,,,0,70,,8256,17,,,0,30,,8271,17,,,0,70,,8255,17,,,0,30,,8272,17,,,0,70,,8254,17,,,0,30,,8273,17,,,0,70,,8253,17,,,0,30,,8274,17,,,0,70,,8252,17,,,0,30,,8275,17,,,0,70,,8251,17,,,0,30,,8276,17,,,0,70,,8250,17,,,0,30,,8277,17,,,0,70,,8249,17,,,0
1200,'Saturday',805,,8292,17,,,0,30,,8293,17,,,0,70,,8291,17,,,0,30,,8294,17,,,0,75,,8290,17,,,0,25,,8295,17,,,0,70,,8289,17,,,0,30,,8296,17,,,0,70,,8288,17,,,0,30,,8297,17,,,0,70,,8287,17,,,0,30,,8298,17,,,0,75,,8286,17,,,0,25,,8299,17,,,0,70,,8285,17,,,0,30,,8300,17,,,0,70,,8284,17,,,0,30,,8301,17,,,0,70,,8283,17,,,0,30,,8302,17,,,0,70,,8282,17,,,0,30,,8303,17,,,0,70,,8281,17,,,0,30,,8304,17,,,0,70,,8280,17,,,0,30,,8305,17,,,0,70,,8279,17,,,0,30,,8306,17,,,0,70,,8278,17,,,0
1200,'Sunday',835,,8317,17,,,0,70,,8316,17,,,0,30,,8318,17,,,0,75,,8315,17,,,0,25,,8319,17,,,0,70,,8314,17,,,0,30,,8320,17,,,0,70,,8313,17,,,0,30,,8321,17,,,0,70,,8312,17,,,0,30,,8322,17,,,0,75,,8311,17,,,0,25,,8323,17,,,0,70,,8310,17,,,0,30,,8324,17,,,0,70,,8309,17,,,0,30,,8325,17,,,0,70,,8308,17,,,0,30,,8326,17,,,0,75,,8307,17,,,0,30,,8327,17,,,0,70,,8328,17,,,0,30,,8329,17,,,0,70,,8330,17,,,0,30,,8331,17,,,0,70,,8332,17,,,0,30,,8333,17,,,0
1200,'Weekday',539,,8354,17,,,0,70,,8341,17,,,0,30,,8355,17,,,0,71,,8346,17,,,0,30,,8356,17,,,0,72,,8353,17,,,0,30,,8357,17,,,0,69,,8347,17,,,0,30,,8358,17,,,0,70,,8342,17,,,0,30,,8359,17,,,0,70,,8348,17,,,0,30,,8360,17,,,0,70,,8345,17,,,0,30,,8361,17,,,0,70,,8349,17,,,0,30,,8340,17,,,0,70,,8362,17,,,0,20,,8343,17,,,0,22,,8334,17,,,0,65,,8363,17,,,0,24,,8350,17,,,0,60,,8351,17,,,0,25,,8352,17,,,0,25,,8369,17,,,0,60,,8370,17,,,0,25,,8335,17,,,0,65,,8371,17,,,0,19,,8337,17,,,0,20,,8344,17,,,0,70,,8364,17,,,0,29,,8338,17,,,0,70,,8365,17,,,0,30,,8336,17,,,0,70,,8366,17,,,0,30,,8339,17,,,0,70,,8367,17,,,0,30,,8368,17,,,0
