400,'Holiday21111111',1223,,7084,77,,,0,100,,7088,77,,,0,100,,7085,77,,,0,100,,7089,77,,,0,100,,7086,77,,,0,100,,7090,77,,,0,100,,7087,77,,,0
400,'Holiday3-505-1111111',923,,7091,77,,,0,100,,7097,77,,,0,100,,7092,77,,,0,100,,7098,77,,,0,100,,7093,77,,,0,100,,7099,77,,,0,100,,7094,77,,,0,100,,7100,77,,,0,100,,7095,77,,,0,100,,7101,77,,,0,100,,7096,77,,,0,100,,7102,77,,,0,98,,7103,77,,,0
400,'Saturday',923,,7104,77,,,0,100,,7110,77,,,0,100,,7105,77,,,0,100,,7111,77,,,0,100,,7106,77,,,0,100,,7112,77,,,0,100,,7107,77,,,0,100,,7113,77,,,0,100,,7108,77,,,0,100,,7114,77,,,0,100,,7109,77,,,0,100,,7115,77,,,0,98,,7116,77,,,0
400,'Sunday',1223,,7117,77,,,0,100,,7121,77,,,0,100,,7118,77,,,0,100,,7122,77,,,0,100,,7119,77,,,0,100,,7123,77,,,0,100,,7120,77,,,0
400,'Weekday',622,,7124,77,,,0,101,,7125,77,,,0,105,,7126,77,,,0,23,,7127,77,,,0,77,,7128,77,,,0,29,,7129,77,,,0,70,,7130,77,,,0,30,,7131,77,,,0,70,,7132,77,,,0,30,,7133,77,,,0,70,,7134,77,,,0,30,,7135,77,,,0,70,,7136,77,,,0,30,,7137,77,,,0,70,,7138,77,,,0,30,,7139,77,,,0,74,,7140,77,,,0,71,,7141,77,,,0,26,,7142,77,,,0,30,,7143,77,,,0,70,,7144,77,,,0,30,,7145,77,,,0,72,,7146,77,,,0,27,,7150,77,,,0,70,,7147,77,,,0,96,,7148,77,,,0,99,,7149,77,,,0
1001,'Holiday21111111',801,,7659,25,,,0,30,,7676,25,,,0,70,,7677,25,,,0,30,,7675,25,,,0,71,,7657,25,,,0,30,,7662,25,,,0,15,,7661,25,,,0,55,,7663,25,,,0,15,,7664,25,,,0,15,,7665,25,,,0,15,,7666,25,,,0,55,,7667,25,,,0,15,,7668,25,,,0,15,,7669,25,,,0,15,,7670,25,,,0,55,,7671,25,,,0,15,,7672,25,,,0,15,,7673,25,,,0,15,,7674,25,,,0,55,,7660,25,,,0,15,,7658,25,,,0,15,,7652,25,,,0,15,,7635,25,,,0,55,,7645,25,,,0,15,,7647,25,,,0,15,,7650,25,,,0,15,,7640,25,,,0,55,,7654,25,,,0,15,,7644,25,,,0,15,,7648,25,,,0,15,,7636,25,,,0,55,,7641,25,,,0,15,,7655,25,,,0,15,,7643,25,,,0,10,,7649,25,,,0,59,,7642,25,,,0,31,,7638,25,,,0,70,,7653,25,,,0,29,,7637,25,,,0,70,,7646,25,,,0,30,,7656,25,,,0,70,,7639,25,,,0,30,,7651,25,,,0
1001,'Holiday3-505-1111111',731,,7720,25,,,0,70,,7721,25,,,0,30,,7722,25,,,0,70,,7723,25,,,0,30,,7724,25,,,0,16,,7726,25,,,0,55,,7725,25,,,0,15,,7727,25,,,0,15,,7711,25,,,0,15,,7719,25,,,0,55,,7696,25,,,0,15,,7703,25,,,0,15,,7684,25,,,0,15,,7712,25,,,0,55,,7693,25,,,0,15,,7697,25,,,0,15,,7704,25,,,0,15,,7685,25,,,0,55,,7713,25,,,0,15,,7708,25,,,0,15,,7698,25,,,0,15,,7705,25,,,0,55,,7686,25,,,0,15,,7714,25,,,0,15,,7707,25,,,0,15,,7699,25,,,0,55,,7692,25,,,0,15,,7687,25,,,0,15,,7715,25,,,0,15,,7694,25,,,0,55,,7700,25,,,0,15,,7691,25,,,0,15,,7688,25,,,0,15,,7716,25,,,0,55,,7709,25,,,0,15,,7701,25,,,0,15,,7706,25,,,0,15,,7689,25,,,0,55,,7717,25,,,0,15,,7710,25,,,0,15,,7702,25,,,0,15,,7695,25,,,0,55,,7690,25,,,0,29,,7718,25,,,0,70,,7678,25,,,0,30,,7682,25,,,0,70,,7680,25,,,0,30,,7679,25,,,0,70,,7683,25,,,0,30,,7681,25,,,0
1001,'Saturday',731,,7770,25,,,0,70,,7771,25,,,0,30,,7772,25,,,0,70,,7773,25,,,0,30,,7774,25,,,0,16,,7776,25,,,0,55,,7775,25,,,0,15,,7777,25,,,0,15,,7761,25,,,0,15,,7769,25,,,0,55,,7746,25,,,0,15,,7753,25,,,0,15,,7734,25,,,0,15,,7762,25,,,0,55,,7743,25,,,0,15,,7747,25,,,0,15,,7754,25,,,0,15,,7735,25,,,0,55,,7763,25,,,0,15,,7758,25,,,0,15,,7748,25,,,0,15,,7755,25,,,0,55,,7736,25,,,0,15,,7764,25,,,0,15,,7757,25,,,0,15,,7749,25,,,0,55,,7742,25,,,0,15,,7737,25,,,0,15,,7765,25,,,0,15,,7744,25,,,0,55,,7750,25,,,0,15,,7741,25,,,0,15,,7738,25,,,0,15,,7766,25,,,0,55,,7759,25,,,0,15,,7751,25,,,0,15,,7756,25,,,0,15,,7739,25,,,0,55,,7767,25,,,0,15,,7760,25,,,0,15,,7752,25,,,0,15,,7745,25,,,0,55,,7740,25,,,0,29,,7768,25,,,0,70,,7728,25,,,0,30,,7732,25,,,0,70,,7730,25,,,0,30,,7729,25,,,0,70,,7733,25,,,0,30,,7731,25,,,0
1001,'Sunday',801,,7802,25,,,0,30,,7819,25,,,0,70,,7820,25,,,0,30,,7818,25,,,0,71,,7800,25,,,0,30,,7805,25,,,0,15,,7804,25,,,0,55,,7806,25,,,0,15,,7807,25,,,0,15,,7808,25,,,0,15,,7809,25,,,0,55,,7810,25,,,0,15,,7811,25,,,0,15,,7812,25,,,0,15,,7813,25,,,0,55,,7814,25,,,0,15,,7815,25,,,0,15,,7816,25,,,0,15,,7817,25,,,0,55,,7803,25,,,0,15,,7801,25,,,0,15,,7795,25,,,0,15,,7778,25,,,0,55,,7788,25,,,0,15,,7790,25,,,0,15,,7793,25,,,0,15,,7783,25,,,0,55,,7797,25,,,0,15,,7787,25,,,0,15,,7791,25,,,0,15,,7779,25,,,0,55,,7784,25,,,0,15,,7798,25,,,0,15,,7786,25,,,0,10,,7792,25,,,0,59,,7785,25,,,0,31,,7781,25,,,0,70,,7796,25,,,0,29,,7780,25,,,0,70,,7789,25,,,0,30,,7799,25,,,0,70,,7782,25,,,0,30,,7794,25,,,0
1001,'Weekday',528,,7821,25,,,0,28,,7822,25,,,0,70,,7823,25,,,0,15,,7856,25,,,0,15,,7824,25,,,0,55,,7857,25,,,0,17,,7825,25,,,0,15,,7858,25,,,0,15,,7826,25,,,0,60,,7859,25,,,0,15,,7827,25,,,0,15,,7860,25,,,0,55,,7828,25,,,0,15,,7861,25,,,0,15,,7829,25,,,0,15,,7862,25,,,0,55,,7830,25,,,0,15,,7863,25,,,0,15,,7831,25,,,0,15,,7864,25,,,0,55,,7832,25,,,0,15,,7865,25,,,0,15,,7833,25,,,0,15,,7866,25,,,0,55,,7834,25,,,0,15,,7867,25,,,0,15,,7835,25,,,0,15,,7868,25,,,0,55,,7836,25,,,0,15,,7869,25,,,0,15,,7837,25,,,0,15,,7870,25,,,0,55,,7838,25,,,0,16,,7871,25,,,0,15,,7839,25,,,0,15,,7872,25,,,0,55,,7840,25,,,0,15,,7873,25,,,0,12,,7841,25,,,0,15,,7874,25,,,0,55,,7842,25,,,0,15,,7875,25,,,0,15,,7843,25,,,0,15,,7876,25,,,0,12,,7844,25,,,0,55,,7877,25,,,0,15,,7845,25,,,0,18,,7878,25,,,0,55,,7846,25,,,0,13,,7879,25,,,0,18,,7847,25,,,0,15,,7880,25,,,0,55,,7848,25,,,0,30,,7849,25,,,0,70,,7850,25,,,0,30,,7851,25,,,0,70,,7852,25,,,0,30,,7853,25,,,0,70,,7854,25,,,0,30,,7855,25,,,0
