200,'Holiday21111111',802,,3368,19,,,0,100,,3369,19,,,0,32,,3392,19,,,0,70,,3370,19,,,0,30,,3381,19,,,0,70,,3371,19,,,0,30,,3382,19,,,0,70,,3372,19,,,0,30,,3383,19,,,0,70,,3373,19,,,0,30,,3384,19,,,0,70,,3374,19,,,0,30,,3385,19,,,0,70,,3375,19,,,0,30,,3386,19,,,0,70,,3376,19,,,0,30,,3387,19,,,0,70,,3377,19,,,0,30,,3388,19,,,0,70,,3378,19,,,0,28,,3389,19,,,0,70,,3379,19,,,0,33,,3390,19,,,0,70,,3380,19,,,0,30,,3391,19,,,0,70,,3393,19,,,0,30,,3394,19,,,0
200,'Saturday',632,,3395,19,,,0,100,,3396,19,,,0,100,,3397,19,,,0,101,,3398,19,,,0,70,,3411,19,,,0,20,,3399,19,,,0,20,,3425,19,,,0,60,,3412,19,,,0,20,,3400,19,,,0,20,,3426,19,,,0,60,,3413,19,,,0,19,,3401,19,,,0,20,,3427,19,,,0,65,,3414,19,,,0,20,,3402,19,,,0,20,,3428,19,,,0,60,,3415,19,,,0,20,,3403,19,,,0,20,,3429,19,,,0,60,,3416,19,,,0,25,,3404,19,,,0,20,,3430,19,,,0,60,,3417,19,,,0,20,,3405,19,,,0,20,,3431,19,,,0,60,,3418,19,,,0,21,,3406,19,,,0,70,,3419,19,,,0,30,,3407,19,,,0,70,,3420,19,,,0,29,,3408,19,,,0,70,,3421,19,,,0,30,,3409,19,,,0,70,,3422,19,,,0,30,,3410,19,,,0,70,,3423,19,,,0
200,'Sunday',802,,3432,19,,,0,100,,3433,19,,,0,101,,3434,19,,,0,20,,3445,19,,,0,20,,3458,19,,,0,60,,3435,19,,,0,20,,3446,19,,,0,20,,3459,19,,,0,60,,3436,19,,,0,19,,3447,19,,,0,20,,3460,19,,,0,65,,3437,19,,,0,20,,3448,19,,,0,20,,3461,19,,,0,60,,3438,19,,,0,20,,3449,19,,,0,20,,3462,19,,,0,60,,3439,19,,,0,25,,3450,19,,,0,20,,3463,19,,,0,60,,3440,19,,,0,20,,3451,19,,,0,20,,3464,19,,,0,60,,3441,19,,,0,21,,3452,19,,,0,70,,3442,19,,,0,30,,3453,19,,,0,70,,3443,19,,,0,29,,3454,19,,,0,70,,3444,19,,,0,30,,3455,19,,,0,70,,3456,19,,,0,30,,3457,19,,,0
200,'Weekday',458,,3465,19,,,0,70,,3467,19,,,0,30,,3469,19,,,0,68,,3498,19,,,0,15,,3471,19,,,0,15,,3472,19,,,0,55,,3499,19,,,0,17,,3473,19,,,0,15,,3474,19,,,0,15,,3475,19,,,0,56,,3476,19,,,0,15,,3477,19,,,0,15,,3500,19,,,0,15,,3478,19,,,0,55,,3501,19,,,0,15,,3479,19,,,0,16,,3480,19,,,0,14,,3502,19,,,0,55,,3503,19,,,0,15,,3504,19,,,0,15,,3481,19,,,0,15,,3505,19,,,0,55,,3506,19,,,0,16,,3482,19,,,0,15,,3507,19,,,0,55,,3483,19,,,0,15,,3484,19,,,0,15,,3508,19,,,0,15,,3509,19,,,0,55,,3485,19,,,0,15,,3486,19,,,0,15,,3510,19,,,0,15,,3511,19,,,0,55,,3487,19,,,0,15,,3512,19,,,0,15,,3513,19,,,0,15,,3488,19,,,0,55,,3514,19,,,0,15,,3515,19,,,0,15,,3516,19,,,0,15,,3489,19,,,0,55,,3490,19,,,0,15,,3491,19,,,0,15,,3517,19,,,0,15,,3518,19,,,0,55,,3519,19,,,0,15,,3520,19,,,0,15,,3492,19,,,0,15,,3521,19,,,0,56,,3493,19,,,0,15,,3522,19,,,0,13,,3494,19,,,0,15,,3523,19,,,0,59,,3524,19,,,0,30,,3525,19,,,0,70,,3497,19,,,0,30,,3495,19,,,0,70,,3466,19,,,0,30,,3496,19,,,0,72,,3468,19,,,0,28,,3470,19,,,0
1200,'Holiday21111111',831,,4937,8,,,0,70,,4936,8,,,0,30,,4938,8,,,0,73,,4935,8,,,0,27,,4939,8,,,0,70,,4934,8,,,0,30,,4940,8,,,0,70,,4933,8,,,0,30,,4941,8,,,0,70,,4932,8,,,0,30,,4942,8,,,0,73,,4931,8,,,0,27,,4943,8,,,0,70,,4930,8,,,0,30,,4944,8,,,0,70,,4929,8,,,0,30,,4945,8,,,0,70,,4928,8,,,0,30,,4946,8,,,0,73,,4927,8,,,0,30,,4947,8,,,0,70,,4948,8,,,0,30,,4949,8,,,0,70,,4950,8,,,0,30,,4951,8,,,0,70,,4952,8,,,0,30,,4953,8,,,0
1200,'Saturday',759,,4968,8,,,0,70,,4969,8,,,0,30,,4967,8,,,0,70,,4970,8,,,0,75,,4966,8,,,0,25,,4971,8,,,0,30,,4965,8,,,0,70,,4972,8,,,0,30,,4964,8,,,0,70,,4973,8,,,0,30,,4963,8,,,0,70,,4974,8,,,0,75,,4962,8,,,0,25,,4975,8,,,0,30,,4961,8,,,0,70,,4976,8,,,0,30,,4960,8,,,0,70,,4977,8,,,0,30,,4959,8,,,0,70,,4978,8,,,0,30,,4958,8,,,0,70,,4979,8,,,0,30,,4957,8,,,0,70,,4980,8,,,0,30,,4956,8,,,0,70,,4981,8,,,0,30,,4955,8,,,0,70,,4982,8,,,0,30,,4954,8,,,0
1200,'Sunday',829,,4993,8,,,0,30,,4992,8,,,0,70,,4994,8,,,0,75,,4991,8,,,0,25,,4995,8,,,0,30,,4990,8,,,0,70,,4996,8,,,0,30,,4989,8,,,0,70,,4997,8,,,0,30,,4988,8,,,0,70,,4998,8,,,0,75,,4987,8,,,0,25,,4999,8,,,0,30,,4986,8,,,0,70,,5000,8,,,0,30,,4985,8,,,0,70,,5001,8,,,0,30,,4984,8,,,0,70,,5002,8,,,0,75,,4983,8,,,0,30,,5003,8,,,0,70,,5004,8,,,0,30,,5005,8,,,0,70,,5006,8,,,0,30,,5007,8,,,0,70,,5008,8,,,0,30,,5009,8,,,0
1200,'Weekday',535,,5030,8,,,0,70,,5017,8,,,0,30,,5031,8,,,0,70,,5022,8,,,0,30,,5032,8,,,0,70,,5029,8,,,0,30,,5033,8,,,0,70,,5023,8,,,0,30,,5034,8,,,0,70,,5018,8,,,0,30,,5035,8,,,0,70,,5024,8,,,0,30,,5036,8,,,0,70,,5021,8,,,0,30,,5037,8,,,0,70,,5025,8,,,0,30,,5016,8,,,0,70,,5038,8,,,0,20,,5019,8,,,0,20,,5010,8,,,0,65,,5039,8,,,0,25,,5026,8,,,0,20,,5027,8,,,0,65,,5028,8,,,0,25,,5045,8,,,0,60,,5046,8,,,0,30,,5011,8,,,0,70,,5013,8,,,0,30,,5020,8,,,0,67,,5040,8,,,0,30,,5014,8,,,0,70,,5041,8,,,0,30,,5012,8,,,0,70,,5042,8,,,0,30,,5015,8,,,0,70,,5043,8,,,0,30,,5044,8,,,0
5200,'Saturday',2307,,5462,7,,,0,97,,5463,7,,,0,55,,5461,7,,,0
5200,'Weekday',2307,,5466,7,,,0,97,,5465,7,,,0,55,,5464,7,,,0
