200,'Holiday21111111',759,,6300,15,,,0,100,,6301,15,,,0,72,,6324,15,,,0,70,,6302,15,,,0,30,,6313,15,,,0,70,,6303,15,,,0,30,,6314,15,,,0,70,,6304,15,,,0,30,,6315,15,,,0,70,,6305,15,,,0,30,,6316,15,,,0,70,,6306,15,,,0,30,,6317,15,,,0,70,,6307,15,,,0,30,,6318,15,,,0,70,,6308,15,,,0,30,,6319,15,,,0,70,,6309,15,,,0,30,,6320,15,,,0,70,,6310,15,,,0,28,,6321,15,,,0,30,,6311,15,,,0,73,,6322,15,,,0,70,,6312,15,,,0,30,,6323,15,,,0,70,,6325,15,,,0,30,,6326,15,,,0
200,'Holiday3-505-1111111',629,,6327,15,,,0,100,,6328,15,,,0,100,,6329,15,,,0,101,,6330,15,,,0,70,,6343,15,,,0,20,,6331,15,,,0,20,,6357,15,,,0,60,,6344,15,,,0,20,,6332,15,,,0,20,,6358,15,,,0,60,,6345,15,,,0,19,,6333,15,,,0,20,,6359,15,,,0,65,,6346,15,,,0,20,,6334,15,,,0,20,,6360,15,,,0,60,,6347,15,,,0,20,,6335,15,,,0,20,,6361,15,,,0,60,,6348,15,,,0,25,,6336,15,,,0,20,,6362,15,,,0,60,,6349,15,,,0,20,,6337,15,,,0,20,,6363,15,,,0,60,,6350,15,,,0,21,,6338,15,,,0,70,,6351,15,,,0,30,,6339,15,,,0,70,,6352,15,,,0,29,,6340,15,,,0,30,,6353,15,,,0,70,,6341,15,,,0,30,,6354,15,,,0,70,,6342,15,,,0,30,,6355,15,,,0
200,'Saturday',629,,6364,15,,,0,100,,6365,15,,,0,100,,6366,15,,,0,101,,6367,15,,,0,70,,6380,15,,,0,20,,6368,15,,,0,20,,6394,15,,,0,60,,6381,15,,,0,20,,6369,15,,,0,20,,6395,15,,,0,60,,6382,15,,,0,19,,6370,15,,,0,20,,6396,15,,,0,65,,6383,15,,,0,20,,6371,15,,,0,20,,6397,15,,,0,60,,6384,15,,,0,20,,6372,15,,,0,20,,6398,15,,,0,60,,6385,15,,,0,25,,6373,15,,,0,20,,6399,15,,,0,60,,6386,15,,,0,20,,6374,15,,,0,20,,6400,15,,,0,60,,6387,15,,,0,21,,6375,15,,,0,70,,6388,15,,,0,30,,6376,15,,,0,70,,6389,15,,,0,29,,6377,15,,,0,30,,6390,15,,,0,70,,6378,15,,,0,30,,6391,15,,,0,70,,6379,15,,,0,30,,6392,15,,,0
200,'Sunday',759,,6401,15,,,0,100,,6402,15,,,0,141,,6403,15,,,0,20,,6414,15,,,0,20,,6427,15,,,0,60,,6404,15,,,0,20,,6415,15,,,0,20,,6428,15,,,0,60,,6405,15,,,0,19,,6416,15,,,0,20,,6429,15,,,0,65,,6406,15,,,0,20,,6417,15,,,0,20,,6430,15,,,0,60,,6407,15,,,0,20,,6418,15,,,0,20,,6431,15,,,0,60,,6408,15,,,0,25,,6419,15,,,0,20,,6432,15,,,0,60,,6409,15,,,0,20,,6420,15,,,0,20,,6433,15,,,0,60,,6410,15,,,0,21,,6421,15,,,0,70,,6411,15,,,0,30,,6422,15,,,0,70,,6412,15,,,0,29,,6423,15,,,0,30,,6413,15,,,0,70,,6424,15,,,0,30,,6425,15,,,0,70,,6426,15,,,0
200,'Weekday',454,,6434,15,,,0,66,,6436,15,,,0,30,,6438,15,,,0,72,,6467,15,,,0,15,,6440,15,,,0,15,,6441,15,,,0,55,,6468,15,,,0,15,,6442,15,,,0,15,,6443,15,,,0,15,,6444,15,,,0,55,,6445,15,,,0,15,,6446,15,,,0,15,,6469,15,,,0,15,,6447,15,,,0,57,,6470,15,,,0,15,,6448,15,,,0,15,,6449,15,,,0,15,,6471,15,,,0,57,,6472,15,,,0,15,,6473,15,,,0,15,,6450,15,,,0,15,,6474,15,,,0,55,,6475,15,,,0,16,,6451,15,,,0,15,,6476,15,,,0,15,,6452,15,,,0,55,,6453,15,,,0,15,,6477,15,,,0,15,,6478,15,,,0,15,,6454,15,,,0,55,,6455,15,,,0,15,,6479,15,,,0,15,,6480,15,,,0,15,,6456,15,,,0,55,,6481,15,,,0,15,,6482,15,,,0,15,,6457,15,,,0,15,,6483,15,,,0,55,,6484,15,,,0,15,,6485,15,,,0,15,,6458,15,,,0,15,,6459,15,,,0,55,,6460,15,,,0,15,,6486,15,,,0,15,,6487,15,,,0,15,,6488,15,,,0,56,,6489,15,,,0,15,,6461,15,,,0,15,,6490,15,,,0,13,,6462,15,,,0,55,,6491,15,,,0,14,,6463,15,,,0,15,,6492,15,,,0,19,,6493,15,,,0,70,,6494,15,,,0,30,,6466,15,,,0,70,,6464,15,,,0,30,,6435,15,,,0,70,,6465,15,,,0,30,,6437,15,,,0,70,,6439,15,,,0
1200,'Holiday21111111',828,,8232,4,,,0,30,,8231,4,,,0,70,,8233,4,,,0,73,,8230,4,,,0,27,,8234,4,,,0,30,,8229,4,,,0,70,,8235,4,,,0,30,,8228,4,,,0,70,,8236,4,,,0,30,,8227,4,,,0,70,,8237,4,,,0,73,,8226,4,,,0,27,,8238,4,,,0,30,,8225,4,,,0,70,,8239,4,,,0,30,,8224,4,,,0,70,,8240,4,,,0,30,,8223,4,,,0,70,,8241,4,,,0,73,,8222,4,,,0,30,,8242,4,,,0,70,,8243,4,,,0,30,,8244,4,,,0,70,,8245,4,,,0,30,,8246,4,,,0,70,,8247,4,,,0,30,,8248,4,,,0
1200,'Holiday3-505-1111111',756,,8263,4,,,0,70,,8264,4,,,0,30,,8262,4,,,0,70,,8265,4,,,0,75,,8261,4,,,0,25,,8266,4,,,0,30,,8260,4,,,0,70,,8267,4,,,0,30,,8259,4,,,0,70,,8268,4,,,0,30,,8258,4,,,0,70,,8269,4,,,0,75,,8257,4,,,0,25,,8270,4,,,0,30,,8256,4,,,0,70,,8271,4,,,0,30,,8255,4,,,0,70,,8272,4,,,0,30,,8254,4,,,0,70,,8273,4,,,0,30,,8253,4,,,0,70,,8274,4,,,0,30,,8252,4,,,0,70,,8275,4,,,0,30,,8251,4,,,0,70,,8276,4,,,0,30,,8250,4,,,0,70,,8277,4,,,0,30,,8249,4,,,0
1200,'Saturday',756,,8292,4,,,0,70,,8293,4,,,0,30,,8291,4,,,0,70,,8294,4,,,0,75,,8290,4,,,0,25,,8295,4,,,0,30,,8289,4,,,0,70,,8296,4,,,0,30,,8288,4,,,0,70,,8297,4,,,0,30,,8287,4,,,0,70,,8298,4,,,0,75,,8286,4,,,0,25,,8299,4,,,0,30,,8285,4,,,0,70,,8300,4,,,0,30,,8284,4,,,0,70,,8301,4,,,0,30,,8283,4,,,0,70,,8302,4,,,0,30,,8282,4,,,0,70,,8303,4,,,0,30,,8281,4,,,0,70,,8304,4,,,0,30,,8280,4,,,0,70,,8305,4,,,0,30,,8279,4,,,0,70,,8306,4,,,0,30,,8278,4,,,0
1200,'Sunday',826,,8317,4,,,0,30,,8316,4,,,0,70,,8318,4,,,0,75,,8315,4,,,0,25,,8319,4,,,0,30,,8314,4,,,0,70,,8320,4,,,0,30,,8313,4,,,0,70,,8321,4,,,0,30,,8312,4,,,0,70,,8322,4,,,0,75,,8311,4,,,0,25,,8323,4,,,0,30,,8310,4,,,0,70,,8324,4,,,0,30,,8309,4,,,0,70,,8325,4,,,0,30,,8308,4,,,0,70,,8326,4,,,0,75,,8307,4,,,0,30,,8327,4,,,0,70,,8328,4,,,0,30,,8329,4,,,0,70,,8330,4,,,0,30,,8331,4,,,0,70,,8332,4,,,0,30,,8333,4,,,0
1200,'Weekday',531,,8354,4,,,0,70,,8341,4,,,0,30,,8355,4,,,0,71,,8346,4,,,0,30,,8356,4,,,0,70,,8353,4,,,0,30,,8357,4,,,0,70,,8347,4,,,0,30,,8358,4,,,0,70,,8342,4,,,0,30,,8359,4,,,0,70,,8348,4,,,0,30,,8360,4,,,0,70,,8345,4,,,0,30,,8361,4,,,0,70,,8349,4,,,0,30,,8340,4,,,0,70,,8362,4,,,0,20,,8343,4,,,0,20,,8334,4,,,0,65,,8363,4,,,0,25,,8350,4,,,0,20,,8351,4,,,0,65,,8352,4,,,0,25,,8369,4,,,0,60,,8370,4,,,0,25,,8335,4,,,0,25,,8371,4,,,0,60,,8337,4,,,0,20,,8344,4,,,0,70,,8364,4,,,0,30,,8338,4,,,0,70,,8365,4,,,0,30,,8336,4,,,0,70,,8366,4,,,0,30,,8339,4,,,0,70,,8367,4,,,0,30,,8368,4,,,0
5200,'Holiday3-505-1111111',2301,,8884,4,,,0,100,,8885,4,,,0,100,,8883,4,,,0
5200,'Saturday',2301,,8887,4,,,0,100,,8888,4,,,0,100,,8886,4,,,0
5200,'Weekday',2311,,8891,4,,,0,90,,8890,4,,,0,100,,8889,4,,,0
8701,'Weekday',531,,9021,4,,,0,85,,9022,4,,,0,85,,9023,4,,,0,46,,9024,4,,,0,85,,9025,4,,,0,600,,9026,4,,,0,85,,9027,4,,,0,85,,9028,4,,,0,45,,9029,4,,,0,85,,9030,4,,,0,85,,9031,4,,,0
