400,'Holiday21111111',1152,,7084,27,,,0,100,,7088,27,,,0,100,,7085,27,,,0,100,,7089,27,,,0,100,,7086,27,,,0,100,,7090,27,,,0,100,,7087,27,,,0
400,'Holiday3-505-1111111',852,,7091,27,,,0,100,,7097,27,,,0,100,,7092,27,,,0,100,,7098,27,,,0,100,,7093,27,,,0,100,,7099,27,,,0,100,,7094,27,,,0,100,,7100,27,,,0,100,,7095,27,,,0,100,,7101,27,,,0,100,,7096,27,,,0,100,,7102,27,,,0,99,,7103,27,,,0
400,'Saturday',852,,7104,27,,,0,100,,7110,27,,,0,100,,7105,27,,,0,100,,7111,27,,,0,100,,7106,27,,,0,100,,7112,27,,,0,100,,7107,27,,,0,100,,7113,27,,,0,100,,7108,27,,,0,100,,7114,27,,,0,100,,7109,27,,,0,100,,7115,27,,,0,99,,7116,27,,,0
400,'Sunday',1152,,7117,27,,,0,100,,7121,27,,,0,100,,7118,27,,,0,100,,7122,27,,,0,100,,7119,27,,,0,100,,7123,27,,,0,100,,7120,27,,,0
400,'Weekday',554,,7124,27,,,0,101,,7125,27,,,0,102,,7126,27,,,0,63,,7127,27,,,0,37,,7128,27,,,0,69,,7129,27,,,0,30,,7130,27,,,0,70,,7131,27,,,0,30,,7132,27,,,0,70,,7133,27,,,0,30,,7134,27,,,0,70,,7135,27,,,0,30,,7136,27,,,0,70,,7137,27,,,0,30,,7138,27,,,0,70,,7139,27,,,0,30,,7140,27,,,0,71,,7141,27,,,0,29,,7142,27,,,0,70,,7143,27,,,0,30,,7144,27,,,0,70,,7145,27,,,0,33,,7146,27,,,0,68,,7150,27,,,0,30,,7147,27,,,0,97,,7148,27,,,0,100,,7149,27,,,0
1000,'Holiday21111111',814,,7427,14,,,0,30,,7421,14,,,0,70,,7426,14,,,0,27,,7418,14,,,0,70,,7420,14,,,0,30,,7398,14,,,0,15,,7386,14,,,0,55,,7389,14,,,0,15,,7408,14,,,0,15,,7406,14,,,0,15,,7399,14,,,0,55,,7405,14,,,0,15,,7390,14,,,0,15,,7409,14,,,0,15,,7397,14,,,0,55,,7400,14,,,0,15,,7415,14,,,0,15,,7391,14,,,0,15,,7410,14,,,0,55,,7404,14,,,0,15,,7401,14,,,0,15,,7395,14,,,0,15,,7392,14,,,0,55,,7411,14,,,0,15,,7388,14,,,0,15,,7402,14,,,0,15,,7414,14,,,0,55,,7393,14,,,0,15,,7412,14,,,0,15,,7407,14,,,0,15,,7403,14,,,0,55,,7387,14,,,0,15,,7394,14,,,0,15,,7413,14,,,0,15,,7396,14,,,0,55,,7385,14,,,0,30,,7416,14,,,0,69,,7422,14,,,0,30,,7417,14,,,0,70,,7423,14,,,0,30,,7419,14,,,0,70,,7424,14,,,0,30,,7425,14,,,0
1000,'Holiday3-505-1111111',710,,7434,14,,,0,30,,7435,14,,,0,70,,7436,14,,,0,30,,7437,14,,,0,70,,7438,14,,,0,16,,7478,14,,,0,15,,7439,14,,,0,15,,7440,14,,,0,55,,7441,14,,,0,15,,7442,14,,,0,15,,7443,14,,,0,15,,7444,14,,,0,55,,7445,14,,,0,15,,7446,14,,,0,15,,7447,14,,,0,15,,7448,14,,,0,55,,7449,14,,,0,15,,7450,14,,,0,15,,7451,14,,,0,15,,7452,14,,,0,55,,7453,14,,,0,15,,7454,14,,,0,15,,7455,14,,,0,15,,7456,14,,,0,55,,7457,14,,,0,15,,7458,14,,,0,15,,7459,14,,,0,15,,7460,14,,,0,55,,7461,14,,,0,15,,7462,14,,,0,15,,7463,14,,,0,15,,7464,14,,,0,55,,7465,14,,,0,15,,7466,14,,,0,15,,7467,14,,,0,15,,7468,14,,,0,55,,7469,14,,,0,15,,7470,14,,,0,15,,7471,14,,,0,15,,7472,14,,,0,55,,7473,14,,,0,15,,7474,14,,,0,15,,7475,14,,,0,69,,7476,14,,,0,30,,7477,14,,,0,70,,7430,14,,,0,30,,7428,14,,,0,70,,7432,14,,,0,30,,7431,14,,,0,70,,7429,14,,,0,30,,7433,14,,,0
1000,'Saturday',710,,7485,14,,,0,30,,7486,14,,,0,70,,7487,14,,,0,30,,7488,14,,,0,70,,7489,14,,,0,16,,7529,14,,,0,15,,7490,14,,,0,15,,7491,14,,,0,55,,7492,14,,,0,15,,7493,14,,,0,15,,7494,14,,,0,15,,7495,14,,,0,55,,7496,14,,,0,15,,7497,14,,,0,15,,7498,14,,,0,15,,7499,14,,,0,55,,7500,14,,,0,15,,7501,14,,,0,15,,7502,14,,,0,15,,7503,14,,,0,55,,7504,14,,,0,15,,7505,14,,,0,15,,7506,14,,,0,15,,7507,14,,,0,55,,7508,14,,,0,15,,7509,14,,,0,15,,7510,14,,,0,15,,7511,14,,,0,55,,7512,14,,,0,15,,7513,14,,,0,15,,7514,14,,,0,15,,7515,14,,,0,55,,7516,14,,,0,15,,7517,14,,,0,15,,7518,14,,,0,15,,7519,14,,,0,55,,7520,14,,,0,15,,7521,14,,,0,15,,7522,14,,,0,15,,7523,14,,,0,55,,7524,14,,,0,15,,7525,14,,,0,15,,7526,14,,,0,69,,7527,14,,,0,30,,7528,14,,,0,70,,7481,14,,,0,30,,7479,14,,,0,70,,7483,14,,,0,30,,7482,14,,,0,70,,7480,14,,,0,30,,7484,14,,,0
1000,'Sunday',814,,7572,14,,,0,30,,7566,14,,,0,70,,7571,14,,,0,27,,7563,14,,,0,70,,7565,14,,,0,30,,7543,14,,,0,15,,7531,14,,,0,55,,7534,14,,,0,15,,7553,14,,,0,15,,7551,14,,,0,15,,7544,14,,,0,55,,7550,14,,,0,15,,7535,14,,,0,15,,7554,14,,,0,15,,7542,14,,,0,55,,7545,14,,,0,15,,7560,14,,,0,15,,7536,14,,,0,15,,7555,14,,,0,55,,7549,14,,,0,15,,7546,14,,,0,15,,7540,14,,,0,15,,7537,14,,,0,55,,7556,14,,,0,15,,7533,14,,,0,15,,7547,14,,,0,15,,7559,14,,,0,55,,7538,14,,,0,15,,7557,14,,,0,15,,7552,14,,,0,15,,7548,14,,,0,55,,7532,14,,,0,15,,7539,14,,,0,15,,7558,14,,,0,15,,7541,14,,,0,55,,7530,14,,,0,30,,7561,14,,,0,69,,7567,14,,,0,30,,7562,14,,,0,70,,7568,14,,,0,30,,7564,14,,,0,70,,7569,14,,,0,30,,7570,14,,,0
1000,'Weekday',503,,7583,14,,,0,30,,7592,14,,,0,26,,7578,14,,,0,67,,7609,14,,,0,15,,7606,14,,,0,15,,7610,14,,,0,50,,7602,14,,,0,17,,7611,14,,,0,15,,7587,14,,,0,15,,7612,14,,,0,55,,7593,14,,,0,17,,7613,14,,,0,15,,7573,14,,,0,15,,7614,14,,,0,55,,7599,14,,,0,15,,7615,14,,,0,15,,7608,14,,,0,15,,7616,14,,,0,55,,7605,14,,,0,15,,7617,14,,,0,15,,7594,14,,,0,15,,7618,14,,,0,55,,7590,14,,,0,15,,7619,14,,,0,15,,7582,14,,,0,15,,7620,14,,,0,58,,7591,14,,,0,12,,7621,14,,,0,15,,7577,14,,,0,15,,7622,14,,,0,55,,7595,14,,,0,15,,7623,14,,,0,15,,7607,14,,,0,15,,7624,14,,,0,56,,7581,14,,,0,15,,7625,14,,,0,15,,7604,14,,,0,17,,7626,14,,,0,55,,7601,14,,,0,15,,7627,14,,,0,15,,7596,14,,,0,16,,7628,14,,,0,52,,7600,14,,,0,16,,7629,14,,,0,14,,7589,14,,,0,18,,7630,14,,,0,55,,7584,14,,,0,15,,7631,14,,,0,15,,7586,14,,,0,15,,7632,14,,,0,53,,7597,14,,,0,15,,7633,14,,,0,12,,7585,14,,,0,15,,7634,14,,,0,55,,7580,14,,,0,30,,7603,14,,,0,70,,7588,14,,,0,30,,7598,14,,,0,70,,7574,14,,,0,30,,7576,14,,,0,69,,7579,14,,,0,30,,7575,14,,,0
5000,'Holiday3-505-1111111',2307,,8851,13,,,0,100,,8850,13,,,0,100,,8852,13,0,8 4 9 10,0
5000,'Saturday',2307,,8854,13,,,0,100,,8853,13,,,0,100,,8855,13,0,8 4 9 10,0
5000,'Weekday',2317,,8857,13,,,0,90,,8856,13,,,0,100,,8858,13,0,8 4 9 10,0
