1200,'Holiday21111111',851,,8232,33,4,,0,70,,8231,33,4,,0,32,,8233,33,4,,0,73,,8230,33,4,,0,27,,8234,33,4,,0,70,,8229,33,4,,0,30,,8235,33,4,,0,70,,8228,33,4,,0,30,,8236,33,4,,0,70,,8227,33,4,,0,30,,8237,33,4,,0,73,,8226,33,4,,0,27,,8238,33,4,,0,70,,8225,33,4,,0,30,,8239,33,4,,0,70,,8224,33,4,,0,30,,8240,33,4,,0,70,,8223,33,4,,0,30,,8241,33,4,,0,73,,8222,33,4,,0,30,,8242,33,4,,0,67,,8243,33,4,,0,30,,8244,33,4,,0,70,,8245,33,4,,0,30,,8246,33,4,,0,70,,8247,33,4,,0,30,,8248,33,4,,0
1200,'Holiday3-505-1111111',819,,8263,33,4,,0,30,,8264,33,4,,0,70,,8262,33,4,,0,32,,8265,33,4,,0,75,,8261,33,4,,0,25,,8266,33,4,,0,70,,8260,33,4,,0,30,,8267,33,4,,0,70,,8259,33,4,,0,30,,8268,33,4,,0,70,,8258,33,4,,0,30,,8269,33,4,,0,75,,8257,33,4,,0,25,,8270,33,4,,0,70,,8256,33,4,,0,30,,8271,33,4,,0,70,,8255,33,4,,0,30,,8272,33,4,,0,70,,8254,33,4,,0,30,,8273,33,4,,0,70,,8253,33,4,,0,30,,8274,33,4,,0,70,,8252,33,4,,0,27,,8275,33,4,,0,70,,8251,33,4,,0,30,,8276,33,4,,0,70,,8250,33,4,,0,30,,8277,33,4,,0,70,,8249,33,4,,0
1200,'Saturday',819,,8292,33,4,,0,30,,8293,33,4,,0,70,,8291,33,4,,0,32,,8294,33,4,,0,75,,8290,33,4,,0,25,,8295,33,4,,0,70,,8289,33,4,,0,30,,8296,33,4,,0,70,,8288,33,4,,0,30,,8297,33,4,,0,70,,8287,33,4,,0,30,,8298,33,4,,0,75,,8286,33,4,,0,25,,8299,33,4,,0,70,,8285,33,4,,0,30,,8300,33,4,,0,70,,8284,33,4,,0,30,,8301,33,4,,0,70,,8283,33,4,,0,30,,8302,33,4,,0,70,,8282,33,4,,0,30,,8303,33,4,,0,70,,8281,33,4,,0,27,,8304,33,4,,0,70,,8280,33,4,,0,30,,8305,33,4,,0,70,,8279,33,4,,0,30,,8306,33,4,,0,70,,8278,33,4,,0
1200,'Sunday',849,,8317,33,4,,0,70,,8316,33,4,,0,32,,8318,33,4,,0,75,,8315,33,4,,0,25,,8319,33,4,,0,70,,8314,33,4,,0,30,,8320,33,4,,0,70,,8313,33,4,,0,30,,8321,33,4,,0,70,,8312,33,4,,0,30,,8322,33,4,,0,75,,8311,33,4,,0,25,,8323,33,4,,0,70,,8310,33,4,,0,30,,8324,33,4,,0,70,,8309,33,4,,0,30,,8325,33,4,,0,70,,8308,33,4,,0,30,,8326,33,4,,0,75,,8307,33,4,,0,30,,8327,33,4,,0,67,,8328,33,4,,0,30,,8329,33,4,,0,70,,8330,33,4,,0,30,,8331,33,4,,0,70,,8332,33,4,,0,30,,8333,33,4,,0
1200,'Weekday',553,,8354,33,4,,0,71,,8341,33,4,,0,31,,8355,33,4,,0,71,,8346,33,4,,0,32,,8356,33,4,,0,71,,8353,33,4,,0,30,,8357,33,4,,0,68,,8347,33,4,,0,30,,8358,33,4,,0,70,,8342,33,4,,0,31,,8359,33,4,,0,70,,8348,33,4,,0,30,,8360,33,4,,0,70,,8345,33,4,,0,30,,8361,33,4,,0,70,,8349,33,4,,0,30,,8340,33,4,,0,70,,8362,33,4,,0,20,,8343,33,4,,0,65,,8334,33,4,,0,25,,8363,33,4,,0,65,,8350,33,4,,0,20,,8351,33,4,,0,25,,8352,33,4,,0,65,,8369,33,4,,0,20,,8370,33,4,,0,25,,8335,33,4,,0,65,,8371,33,4,,0,15,,8337,33,4,,0,20,,8344,33,4,,0,68,,8364,33,4,,0,29,,8338,33,4,,0,69,,8365,33,4,,0,30,,8336,33,4,,0,70,,8366,33,4,,0,29,,8339,33,4,,0,70,,8367,33,4,,0,30,,8368,33,4,,0
1201,'Holiday21111111',754,,8381,1,,,0,100,,8382,1,,,0,70,,8380,1,,,0,30,,8383,1,,,0,73,,8379,1,,,0,27,,8384,1,,,0,70,,8378,1,,,0,30,,8385,1,,,0,70,,8377,1,,,0,30,,8386,1,,,0,70,,8376,1,,,0,30,,8387,1,,,0,73,,8375,1,,,0,27,,8388,1,,,0,70,,8374,1,,,0,30,,8389,1,,,0,70,,8373,1,,,0,30,,8390,1,,,0,70,,8372,1,,,0,33,,8397,1,,,0,70,,8398,1,,,0,30,,8394,1,,,0,70,,8393,1,,,0,30,,8392,1,,,0,70,,8391,1,,,0,30,,8396,1,,,0,70,,8395,1,,,0
1201,'Holiday3-505-1111111',722,,8413,1,,,0,30,,8416,1,,,0,70,,8412,1,,,0,30,,8417,1,,,0,70,,8411,1,,,0,30,,8418,1,,,0,75,,8410,1,,,0,25,,8419,1,,,0,70,,8409,1,,,0,30,,8420,1,,,0,70,,8408,1,,,0,30,,8421,1,,,0,70,,8407,1,,,0,30,,8422,1,,,0,75,,8406,1,,,0,25,,8423,1,,,0,70,,8405,1,,,0,30,,8424,1,,,0,70,,8404,1,,,0,30,,8425,1,,,0,70,,8403,1,,,0,30,,8426,1,,,0,70,,8402,1,,,0,30,,8427,1,,,0,70,,8401,1,,,0,30,,8415,1,,,0,70,,8400,1,,,0,30,,8414,1,,,0,70,,8399,1,,,0,30,,8428,1,,,0
1201,'Saturday',722,,8443,1,,,0,30,,8446,1,,,0,70,,8442,1,,,0,30,,8447,1,,,0,70,,8441,1,,,0,30,,8448,1,,,0,75,,8440,1,,,0,25,,8449,1,,,0,70,,8439,1,,,0,30,,8450,1,,,0,70,,8438,1,,,0,30,,8451,1,,,0,70,,8437,1,,,0,30,,8452,1,,,0,75,,8436,1,,,0,25,,8453,1,,,0,70,,8435,1,,,0,30,,8454,1,,,0,70,,8434,1,,,0,30,,8455,1,,,0,70,,8433,1,,,0,30,,8456,1,,,0,70,,8432,1,,,0,30,,8457,1,,,0,70,,8431,1,,,0,30,,8445,1,,,0,70,,8430,1,,,0,30,,8444,1,,,0,70,,8429,1,,,0,30,,8458,1,,,0
1201,'Sunday',752,,8468,1,,,0,100,,8469,1,,,0,70,,8467,1,,,0,30,,8470,1,,,0,75,,8466,1,,,0,25,,8471,1,,,0,70,,8465,1,,,0,30,,8472,1,,,0,70,,8464,1,,,0,30,,8473,1,,,0,70,,8463,1,,,0,30,,8474,1,,,0,75,,8462,1,,,0,25,,8475,1,,,0,70,,8461,1,,,0,30,,8476,1,,,0,70,,8460,1,,,0,30,,8477,1,,,0,70,,8459,1,,,0,30,,8478,1,,,0,75,,8479,1,,,0,30,,8480,1,,,0,70,,8481,1,,,0,30,,8482,1,,,0,70,,8483,1,,,0,30,,8484,1,,,0,70,,8485,1,,,0
1201,'Weekday',457,,8486,1,,,0,98,,8487,1,,,0,70,,8488,1,,,0,32,,8489,1,,,0,70,,8490,1,,,0,73,,8491,1,,,0,30,,8492,1,,,0,70,,8493,1,,,0,30,,8494,1,,,0,70,,8495,1,,,0,30,,8496,1,,,0,70,,8497,1,,,0,30,,8498,1,,,0,70,,8499,1,,,0,30,,8500,1,,,0,70,,8501,1,,,0,30,,8502,1,,,0,70,,8503,1,,,0,31,,8504,1,,,0,20,,8505,1,,,0,64,,8506,1,,,0,25,,8507,1,,,0,65,,8508,1,,,0,20,,8509,1,,,0,25,,8510,1,,,0,65,,8520,1,,,0,20,,8521,1,,,0,65,,8511,1,,,0,30,,8515,1,,,0,70,,8512,1,,,0,28,,8517,1,,,0,29,,8513,1,,,0,69,,8516,1,,,0,30,,8514,1,,,0,70,,8518,1,,,0,30,,8519,1,,,0
