401,'Holiday21111111',1045,,7158,21,,,0,100,,7154,21,,,0,100,,7151,21,,,0,100,,7155,21,,,0,100,,7152,21,,,0,100,,7156,21,,,0,100,,7153,21,,,0,100,,7157,21,,,0
401,'Holiday3-505-1111111',945,,7159,21,,,0,100,,7164,21,,,0,100,,7160,21,,,0,100,,7165,21,,,0,100,,7161,21,,,0,100,,7166,21,,,0,100,,7162,21,,,0,100,,7167,21,,,0,100,,7163,21,,,0,100,,7168,21,,,0,100,,7169,21,,,0
401,'Saturday',945,,7170,21,,,0,100,,7175,21,,,0,100,,7171,21,,,0,100,,7176,21,,,0,100,,7172,21,,,0,100,,7177,21,,,0,100,,7173,21,,,0,100,,7178,21,,,0,100,,7174,21,,,0,100,,7179,21,,,0,100,,7180,21,,,0
401,'Sunday',1045,,7188,21,,,0,100,,7184,21,,,0,100,,7181,21,,,0,100,,7185,21,,,0,100,,7182,21,,,0,100,,7186,21,,,0,100,,7183,21,,,0,100,,7187,21,,,0
401,'Weekday',544,,7189,21,,,0,100,,7190,21,,,0,73,,7191,21,,,0,28,,7192,21,,,0,71,,7193,21,,,0,30,,7194,21,,,0,69,,7195,21,,,0,30,,7196,21,,,0,70,,7197,21,,,0,30,,7198,21,,,0,70,,7199,21,,,0,31,,7200,21,,,0,70,,7201,21,,,0,30,,7202,21,,,0,70,,7203,21,,,0,30,,7204,21,,,0,70,,7205,21,,,0,30,,7206,21,,,0,70,,7207,21,,,0,34,,7208,21,,,0,70,,7209,21,,,0,26,,7210,21,,,0,69,,7211,21,,,0,30,,7212,21,,,0,102,,7213,21,,,0,99,,7214,21,,,0
2500,'Holiday21111111',752,,8522,12,,,0,70,,8534,12,,,0,30,,8523,12,,,0,70,,8535,12,,,0,35,,8524,12,,,0,70,,8536,12,,,0,30,,8525,12,,,0,70,,8537,12,,,0,30,,8526,12,,,0,70,,8538,12,,,0,30,,8527,12,,,0,70,,8539,12,,,0,30,,8528,12,,,0,70,,8540,12,,,0,30,,8529,12,,,0,70,,8541,12,,,0,30,,8530,12,,,0,70,,8542,12,,,0,30,,8531,12,,,0,70,,8543,12,,,0,30,,8532,12,,,0,70,,8544,12,,,0,30,,8533,12,,,0,70,,8545,12,,,0,30,,8546,12,,,0,70,,8547,12,,,0,30,,8548,12,,,0,70,,8549,12,,,0
2500,'Holiday3-505-1111111',722,,8563,12,,,0,30,,8562,12,,,0,70,,8564,12,,,0,30,,8561,12,,,0,70,,8565,12,,,0,30,,8560,12,,,0,70,,8566,12,,,0,30,,8559,12,,,0,70,,8567,12,,,0,30,,8558,12,,,0,70,,8568,12,,,0,30,,8557,12,,,0,70,,8569,12,,,0,30,,8556,12,,,0,70,,8570,12,,,0,30,,8555,12,,,0,70,,8571,12,,,0,30,,8554,12,,,0,70,,8572,12,,,0,30,,8553,12,,,0,70,,8573,12,,,0,30,,8552,12,,,0,72,,8574,12,,,0,30,,8551,12,,,0,70,,8575,12,,,0,30,,8550,12,,,0,70,,8576,12,,,0,30,,8578,12,,,0,70,,8577,12,,,0,30,,8579,12,,,0
2500,'Saturday',722,,8593,12,,,0,30,,8592,12,,,0,70,,8594,12,,,0,30,,8591,12,,,0,70,,8595,12,,,0,30,,8590,12,,,0,70,,8596,12,,,0,30,,8589,12,,,0,70,,8597,12,,,0,30,,8588,12,,,0,70,,8598,12,,,0,30,,8587,12,,,0,70,,8599,12,,,0,30,,8586,12,,,0,70,,8600,12,,,0,30,,8585,12,,,0,70,,8601,12,,,0,30,,8584,12,,,0,70,,8602,12,,,0,30,,8583,12,,,0,70,,8603,12,,,0,30,,8582,12,,,0,72,,8604,12,,,0,30,,8581,12,,,0,70,,8605,12,,,0,30,,8580,12,,,0,70,,8606,12,,,0,30,,8608,12,,,0,70,,8607,12,,,0,30,,8609,12,,,0
2500,'Sunday',752,,8610,12,,,0,70,,8622,12,,,0,30,,8611,12,,,0,70,,8623,12,,,0,30,,8612,12,,,0,70,,8624,12,,,0,30,,8613,12,,,0,70,,8625,12,,,0,30,,8614,12,,,0,70,,8626,12,,,0,30,,8615,12,,,0,70,,8627,12,,,0,30,,8616,12,,,0,70,,8628,12,,,0,30,,8617,12,,,0,70,,8629,12,,,0,30,,8618,12,,,0,70,,8630,12,,,0,30,,8619,12,,,0,70,,8631,12,,,0,30,,8620,12,,,0,72,,8632,12,,,0,30,,8621,12,,,0,70,,8633,12,,,0,30,,8634,12,,,0,70,,8635,12,,,0,30,,8636,12,,,0,70,,8637,12,,,0
2500,'Weekday',514,,8638,12,,,0,28,,8639,12,,,0,66,,8640,12,,,0,28,,8641,12,,,0,68,,8642,12,,,0,15,,8643,12,,,0,15,,8644,12,,,0,15,,8645,12,,,0,55,,8646,12,,,0,22,,8647,12,,,0,14,,8648,12,,,0,17,,8649,12,,,0,70,,8650,12,,,0,30,,8651,12,,,0,70,,8652,12,,,0,30,,8653,12,,,0,71,,8654,12,,,0,30,,8655,12,,,0,70,,8656,12,,,0,29,,8657,12,,,0,70,,8658,12,,,0,30,,8659,12,,,0,70,,8660,12,,,0,15,,8661,12,,,0,16,,8662,12,,,0,54,,8663,12,,,0,15,,8664,12,,,0,15,,8665,12,,,0,15,,8666,12,,,0,55,,8667,12,,,0,15,,8668,12,,,0,15,,8669,12,,,0,15,,8670,12,,,0,55,,8671,12,,,0,15,,8672,12,,,0,15,,8673,12,,,0,15,,8674,12,,,0,70,,8675,12,,,0,30,,8676,12,,,0,70,,8677,12,,,0,29,,8678,12,,,0,70,,8679,12,,,0,30,,8680,12,,,0,70,,8681,12,,,0,30,,8682,12,,,0,70,,8683,12,,,0,30,,8684,12,,,0,70,,8685,12,,,0
