200,'Holiday21111111',801,,6300,18,,,0,100,,6301,18,,,0,32,,6324,18,,,0,70,,6302,18,,,0,30,,6313,18,,,0,70,,6303,18,,,0,30,,6314,18,,,0,70,,6304,18,,,0,30,,6315,18,,,0,70,,6305,18,,,0,30,,6316,18,,,0,70,,6306,18,,,0,30,,6317,18,,,0,70,,6307,18,,,0,30,,6318,18,,,0,70,,6308,18,,,0,30,,6319,18,,,0,70,,6309,18,,,0,30,,6320,18,,,0,70,,6310,18,,,0,28,,6321,18,,,0,70,,6311,18,,,0,33,,6322,18,,,0,70,,6312,18,,,0,30,,6323,18,,,0,70,,6325,18,,,0,30,,6326,18,,,0
200,'Holiday3-505-1111111',631,,6327,18,,,0,100,,6328,18,,,0,100,,6329,18,,,0,101,,6330,18,,,0,70,,6343,18,,,0,20,,6331,18,,,0,20,,6357,18,,,0,60,,6344,18,,,0,20,,6332,18,,,0,20,,6358,18,,,0,60,,6345,18,,,0,20,,6333,18,,,0,20,,6359,18,,,0,65,,6346,18,,,0,20,,6334,18,,,0,20,,6360,18,,,0,60,,6347,18,,,0,20,,6335,18,,,0,20,,6361,18,,,0,60,,6348,18,,,0,25,,6336,18,,,0,20,,6362,18,,,0,60,,6349,18,,,0,20,,6337,18,,,0,20,,6363,18,,,0,60,,6350,18,,,0,20,,6338,18,,,0,70,,6351,18,,,0,30,,6339,18,,,0,70,,6352,18,,,0,29,,6340,18,,,0,70,,6353,18,,,0,30,,6341,18,,,0,70,,6354,18,,,0,30,,6342,18,,,0,70,,6355,18,,,0
200,'Saturday',631,,6364,18,,,0,100,,6365,18,,,0,100,,6366,18,,,0,101,,6367,18,,,0,70,,6380,18,,,0,20,,6368,18,,,0,20,,6394,18,,,0,60,,6381,18,,,0,20,,6369,18,,,0,20,,6395,18,,,0,60,,6382,18,,,0,20,,6370,18,,,0,20,,6396,18,,,0,65,,6383,18,,,0,20,,6371,18,,,0,20,,6397,18,,,0,60,,6384,18,,,0,20,,6372,18,,,0,20,,6398,18,,,0,60,,6385,18,,,0,25,,6373,18,,,0,20,,6399,18,,,0,60,,6386,18,,,0,20,,6374,18,,,0,20,,6400,18,,,0,60,,6387,18,,,0,20,,6375,18,,,0,70,,6388,18,,,0,30,,6376,18,,,0,70,,6389,18,,,0,29,,6377,18,,,0,70,,6390,18,,,0,30,,6378,18,,,0,70,,6391,18,,,0,30,,6379,18,,,0,70,,6392,18,,,0
200,'Sunday',801,,6401,18,,,0,100,,6402,18,,,0,101,,6403,18,,,0,20,,6414,18,,,0,20,,6427,18,,,0,60,,6404,18,,,0,20,,6415,18,,,0,20,,6428,18,,,0,60,,6405,18,,,0,20,,6416,18,,,0,20,,6429,18,,,0,65,,6406,18,,,0,20,,6417,18,,,0,20,,6430,18,,,0,60,,6407,18,,,0,20,,6418,18,,,0,20,,6431,18,,,0,60,,6408,18,,,0,25,,6419,18,,,0,20,,6432,18,,,0,60,,6409,18,,,0,20,,6420,18,,,0,20,,6433,18,,,0,60,,6410,18,,,0,20,,6421,18,,,0,70,,6411,18,,,0,30,,6422,18,,,0,70,,6412,18,,,0,29,,6423,18,,,0,70,,6413,18,,,0,30,,6424,18,,,0,70,,6425,18,,,0,30,,6426,18,,,0
200,'Weekday',456,,6434,18,,,0,66,,6436,18,,,0,30,,6438,18,,,0,72,,6467,18,,,0,15,,6440,18,,,0,15,,6441,18,,,0,55,,6468,18,,,0,15,,6442,18,,,0,15,,6443,18,,,0,15,,6444,18,,,0,55,,6445,18,,,0,15,,6446,18,,,0,15,,6469,18,,,0,15,,6447,18,,,0,57,,6470,18,,,0,15,,6448,18,,,0,15,,6449,18,,,0,15,,6471,18,,,0,57,,6472,18,,,0,15,,6473,18,,,0,15,,6450,18,,,0,15,,6474,18,,,0,55,,6475,18,,,0,17,,6451,18,,,0,15,,6476,18,,,0,55,,6452,18,,,0,15,,6453,18,,,0,15,,6477,18,,,0,15,,6478,18,,,0,55,,6454,18,,,0,15,,6455,18,,,0,15,,6479,18,,,0,15,,6480,18,,,0,55,,6456,18,,,0,15,,6481,18,,,0,15,,6482,18,,,0,15,,6457,18,,,0,55,,6483,18,,,0,15,,6484,18,,,0,15,,6485,18,,,0,15,,6458,18,,,0,55,,6459,18,,,0,15,,6460,18,,,0,15,,6486,18,,,0,15,,6487,18,,,0,55,,6488,18,,,0,16,,6489,18,,,0,15,,6461,18,,,0,15,,6490,18,,,0,13,,6462,18,,,0,55,,6491,18,,,0,13,,6463,18,,,0,15,,6492,18,,,0,59,,6493,18,,,0,30,,6494,18,,,0,70,,6466,18,,,0,30,,6464,18,,,0,70,,6435,18,,,0,30,,6465,18,,,0,70,,6437,18,,,0,30,,6439,18,,,0
1200,'Holiday21111111',830,,8232,7,,,0,70,,8231,7,,,0,30,,8233,7,,,0,73,,8230,7,,,0,27,,8234,7,,,0,70,,8229,7,,,0,30,,8235,7,,,0,70,,8228,7,,,0,30,,8236,7,,,0,70,,8227,7,,,0,30,,8237,7,,,0,73,,8226,7,,,0,27,,8238,7,,,0,70,,8225,7,,,0,30,,8239,7,,,0,70,,8224,7,,,0,30,,8240,7,,,0,70,,8223,7,,,0,30,,8241,7,,,0,73,,8222,7,,,0,30,,8242,7,,,0,70,,8243,7,,,0,30,,8244,7,,,0,70,,8245,7,,,0,30,,8246,7,,,0,70,,8247,7,,,0,30,,8248,7,,,0
1200,'Holiday3-505-1111111',758,,8263,7,,,0,70,,8264,7,,,0,30,,8262,7,,,0,70,,8265,7,,,0,75,,8261,7,,,0,25,,8266,7,,,0,30,,8260,7,,,0,70,,8267,7,,,0,30,,8259,7,,,0,70,,8268,7,,,0,30,,8258,7,,,0,70,,8269,7,,,0,75,,8257,7,,,0,25,,8270,7,,,0,30,,8256,7,,,0,70,,8271,7,,,0,30,,8255,7,,,0,70,,8272,7,,,0,30,,8254,7,,,0,70,,8273,7,,,0,30,,8253,7,,,0,70,,8274,7,,,0,30,,8252,7,,,0,70,,8275,7,,,0,30,,8251,7,,,0,70,,8276,7,,,0,30,,8250,7,,,0,70,,8277,7,,,0,30,,8249,7,,,0
1200,'Saturday',758,,8292,7,,,0,70,,8293,7,,,0,30,,8291,7,,,0,70,,8294,7,,,0,75,,8290,7,,,0,25,,8295,7,,,0,30,,8289,7,,,0,70,,8296,7,,,0,30,,8288,7,,,0,70,,8297,7,,,0,30,,8287,7,,,0,70,,8298,7,,,0,75,,8286,7,,,0,25,,8299,7,,,0,30,,8285,7,,,0,70,,8300,7,,,0,30,,8284,7,,,0,70,,8301,7,,,0,30,,8283,7,,,0,70,,8302,7,,,0,30,,8282,7,,,0,70,,8303,7,,,0,30,,8281,7,,,0,70,,8304,7,,,0,30,,8280,7,,,0,70,,8305,7,,,0,30,,8279,7,,,0,70,,8306,7,,,0,30,,8278,7,,,0
1200,'Sunday',828,,8317,7,,,0,30,,8316,7,,,0,70,,8318,7,,,0,75,,8315,7,,,0,25,,8319,7,,,0,30,,8314,7,,,0,70,,8320,7,,,0,30,,8313,7,,,0,70,,8321,7,,,0,30,,8312,7,,,0,70,,8322,7,,,0,75,,8311,7,,,0,25,,8323,7,,,0,30,,8310,7,,,0,70,,8324,7,,,0,30,,8309,7,,,0,70,,8325,7,,,0,30,,8308,7,,,0,70,,8326,7,,,0,75,,8307,7,,,0,30,,8327,7,,,0,70,,8328,7,,,0,30,,8329,7,,,0,70,,8330,7,,,0,30,,8331,7,,,0,70,,8332,7,,,0,30,,8333,7,,,0
1200,'Weekday',533,,8354,7,,,0,70,,8341,7,,,0,30,,8355,7,,,0,71,,8346,7,,,0,30,,8356,7,,,0,71,,8353,7,,,0,30,,8357,7,,,0,70,,8347,7,,,0,30,,8358,7,,,0,70,,8342,7,,,0,30,,8359,7,,,0,70,,8348,7,,,0,30,,8360,7,,,0,70,,8345,7,,,0,30,,8361,7,,,0,70,,8349,7,,,0,30,,8340,7,,,0,70,,8362,7,,,0,20,,8343,7,,,0,21,,8334,7,,,0,65,,8363,7,,,0,24,,8350,7,,,0,20,,8351,7,,,0,65,,8352,7,,,0,25,,8369,7,,,0,60,,8370,7,,,0,25,,8335,7,,,0,25,,8371,7,,,0,60,,8337,7,,,0,20,,8344,7,,,0,70,,8364,7,,,0,29,,8338,7,,,0,70,,8365,7,,,0,30,,8336,7,,,0,70,,8366,7,,,0,30,,8339,7,,,0,70,,8367,7,,,0,30,,8368,7,,,0
5200,'Holiday3-505-1111111',2303,,8884,6,,,0,100,,8885,6,,,0,100,,8883,6,,,0
5200,'Saturday',2303,,8887,6,,,0,100,,8888,6,,,0,100,,8886,6,,,0
5200,'Weekday',2313,,8891,6,,,0,90,,8890,6,,,0,100,,8889,6,,,0
