200,'Saturday',617,,3186,,,0,100,,3187,,,0,100,,3188,,,0,100,,3189,,,0,30,,3202,,,0,60,,3190,,,0,20,,3216,,,0,20,,3203,,,0,60,,3191,,,0,20,,3217,,,0,20,,3204,,,0,60,,3192,,,0,20,,3218,,,0,25,,3205,,,0,60,,3193,,,0,20,,3219,,,0,20,,3206,,,0,60,,3194,,,0,20,,3220,,,0,20,,3207,,,0,65,,3195,,,0,20,,3221,,,0,20,,3208,,,0,60,,3196,,,0,20,,3222,,,0,20,,3209,,,0,60,,3197,,,0,30,,3210,,,0,70,,3198,,,0,30,,3211,,,0,70,,3199,,,0,30,,3212,,,0,70,,3200,,,0,30,,3213,,,0,70,,3201,,,0,30,,3214,,,0,99,,3215,,,0
200,'Sunday',747,,3223,,,0,100,,3224,,,0,100,,3225,,,0,60,,3236,,,0,20,,3249,,,0,20,,3226,,,0,60,,3237,,,0,20,,3250,,,0,20,,3227,,,0,60,,3238,,,0,20,,3251,,,0,25,,3228,,,0,60,,3239,,,0,20,,3252,,,0,20,,3229,,,0,60,,3240,,,0,20,,3253,,,0,20,,3230,,,0,65,,3241,,,0,20,,3254,,,0,20,,3231,,,0,60,,3242,,,0,20,,3255,,,0,20,,3232,,,0,60,,3243,,,0,30,,3233,,,0,70,,3244,,,0,30,,3234,,,0,70,,3245,,,0,30,,3235,,,0,70,,3246,,,0,30,,3247,,,0,70,,3248,,,0
200,'Weekday',443,,3256,,,0,70,,3258,,,0,30,,3260,,,0,68,,3289,,,0,15,,3262,,,0,15,,3263,,,0,15,,3290,,,0,55,,3264,,,0,15,,3265,,,0,15,,3266,,,0,16,,3267,,,0,55,,3268,,,0,15,,3291,,,0,15,,3269,,,0,15,,3292,,,0,55,,3270,,,0,16,,3271,,,0,14,,3293,,,0,15,,3294,,,0,55,,3295,,,0,15,,3272,,,0,15,,3296,,,0,15,,3297,,,0,55,,3273,,,0,15,,3298,,,0,15,,3274,,,0,15,,3275,,,0,55,,3299,,,0,15,,3300,,,0,15,,3276,,,0,15,,3277,,,0,55,,3301,,,0,15,,3302,,,0,15,,3278,,,0,15,,3303,,,0,54,,3304,,,0,15,,3279,,,0,15,,3305,,,0,15,,3306,,,0,55,,3307,,,0,15,,3280,,,0,15,,3281,,,0,15,,3282,,,0,55,,3308,,,0,15,,3309,,,0,15,,3310,,,0,15,,3311,,,0,55,,3283,,,0,15,,3312,,,0,16,,3284,,,0,15,,3313,,,0,55,,3285,,,0,15,,3314,,,0,19,,3315,,,0,70,,3316,,,0,30,,3288,,,0,70,,3286,,,0,30,,3257,,,0,70,,3287,,,0,32,,3259,,,0,70,,3261,,,0,27,,3317,,,0
301,'Saturday',612,,3596,4,,0,100,,3580,4,,0,102,,3581,4,,0,100,,3582,4,,0,30,,3610,4,,0,70,,3597,4,,0,32,,3583,4,,0,60,,3598,4,,0,20,,3612,4,,0,20,,3584,4,,0,60,,3599,4,,0,20,,3613,4,,0,25,,3585,4,,0,60,,3600,4,,0,20,,3614,4,,0,20,,3586,4,,0,60,,3601,4,,0,20,,3615,4,,0,20,,3587,4,,0,65,,3602,4,,0,20,,3616,4,,0,20,,3588,4,,0,60,,3603,4,,0,20,,3611,4,,0,20,,3589,4,,0,60,,3604,4,,0,30,,3590,4,,0,70,,3605,4,,0,28,,3591,4,,0,70,,3606,4,,0,30,,3592,4,,0,70,,3607,4,,0,30,,3593,4,,0,70,,3608,4,,0,29,,3594,4,,0,70,,3609,4,,0,30,,3595,4,,0
301,'Sunday',744,,3617,4,,0,100,,3618,4,,0,100,,3619,4,,0,60,,3630,4,,0,20,,3644,4,,0,22,,3620,4,,0,60,,3631,4,,0,20,,3645,4,,0,20,,3621,4,,0,60,,3632,4,,0,20,,3646,4,,0,25,,3622,4,,0,60,,3633,4,,0,20,,3647,4,,0,20,,3623,4,,0,60,,3634,4,,0,20,,3648,4,,0,20,,3624,4,,0,65,,3635,4,,0,20,,3649,4,,0,20,,3625,4,,0,60,,3636,4,,0,20,,3650,4,,0,20,,3626,4,,0,60,,3637,4,,0,30,,3627,4,,0,70,,3638,4,,0,28,,3628,4,,0,70,,3639,4,,0,30,,3629,4,,0,70,,3640,4,,0,30,,3641,4,,0,70,,3642,4,,0,29,,3643,4,,0
301,'Weekday',511,,3703,4,,0,30,,3683,4,,0,68,,3652,4,,0,30,,3654,4,,0,15,,3701,4,,0,55,,3712,4,,0,13,,3682,4,,0,18,,3655,4,,0,15,,3700,4,,0,55,,3709,4,,0,15,,3656,4,,0,15,,3706,4,,0,16,,3704,4,,0,55,,3657,4,,0,15,,3707,4,,0,15,,3711,4,,0,15,,3705,4,,0,55,,3658,4,,0,15,,3659,4,,0,15,,3681,4,,0,15,,3680,4,,0,55,,3660,4,,0,14,,3710,4,,0,16,,3697,4,,0,15,,3661,4,,0,55,,3662,4,,0,15,,3692,4,,0,15,,3663,4,,0,15,,3696,4,,0,54,,3664,4,,0,14,,3665,4,,0,14,,3690,4,,0,14,,3666,4,,0,54,,3667,4,,0,14,,3689,4,,0,19,,3668,4,,0,15,,3669,4,,0,55,,3670,4,,0,15,,3708,4,,0,15,,3694,4,,0,15,,3702,4,,0,55,,3691,4,,0,15,,3671,4,,0,15,,3687,4,,0,16,,3672,4,,0,55,,3673,4,,0,15,,3686,4,,0,16,,3674,4,,0,14,,3695,4,,0,55,,3675,4,,0,15,,3685,4,,0,18,,3676,4,,0,12,,3699,4,,0,59,,3677,4,,0,13,,3678,4,,0,17,,3679,4,,0,70,,3698,4,,0,30,,3713,4,,0,70,,3688,4,,0,30,,3684,4,,0,70,,3693,4,,0,28,,3653,4,,0,70,,3651,4,,0
400,'Saturday',856,,3714,,,0,100,,3720,,,0,100,,3715,,,0,100,,3721,,,0,100,,3716,,,0,100,,3722,,,0,100,,3717,,,0,100,,3723,,,0,100,,3718,,,0,100,,3724,,,0,100,,3719,,,0,100,,3725,,,0,98,,3726,,,0
400,'Sunday',1156,,3727,,,0,100,,3731,,,0,100,,3728,,,0,100,,3732,,,0,100,,3729,,,0,100,,3733,,,0,100,,3730,,,0
400,'Weekday',557,,3749,,,0,100,,3741,,,0,100,,3748,,,0,67,,3750,,,0,35,,3740,,,0,69,,3751,,,0,30,,3747,,,0,70,,3752,,,0,30,,3739,,,0,70,,3753,,,0,30,,3746,,,0,70,,3754,,,0,30,,3738,,,0,70,,3755,,,0,30,,3745,,,0,71,,3756,,,0,30,,3737,,,0,70,,3757,,,0,30,,3744,,,0,69,,3758,,,0,30,,3736,,,0,71,,3759,,,0,71,,3743,,,0,100,,3735,,,0,57,,3742,,,0,100,,3734,,,0
1000,'Saturday',712,,3926,,,0,30,,3927,,,0,70,,3928,,,0,30,,3929,,,0,70,,3930,,,0,17,,3970,,,0,15,,3931,,,0,15,,3932,,,0,55,,3933,,,0,15,,3934,,,0,15,,3935,,,0,15,,3936,,,0,55,,3937,,,0,15,,3938,,,0,15,,3939,,,0,15,,3940,,,0,55,,3941,,,0,15,,3942,,,0,15,,3943,,,0,15,,3944,,,0,55,,3945,,,0,15,,3946,,,0,15,,3947,,,0,15,,3948,,,0,55,,3949,,,0,15,,3950,,,0,15,,3951,,,0,15,,3952,,,0,55,,3953,,,0,15,,3954,,,0,15,,3955,,,0,15,,3956,,,0,55,,3957,,,0,15,,3958,,,0,15,,3959,,,0,15,,3960,,,0,55,,3961,,,0,15,,3962,,,0,15,,3963,,,0,15,,3964,,,0,55,,3965,,,0,15,,3966,,,0,15,,3967,,,0,68,,3968,,,0,30,,3969,,,0,70,,3922,,,0,30,,3920,,,0,70,,3924,,,0,30,,3923,,,0,70,,3921,,,0,30,,3925,,,0
1000,'Sunday',816,,4013,,,0,30,,4007,,,0,70,,4012,,,0,28,,4004,,,0,70,,4006,,,0,30,,3984,,,0,15,,3972,,,0,55,,3975,,,0,15,,3994,,,0,15,,3992,,,0,15,,3985,,,0,55,,3991,,,0,15,,3976,,,0,15,,3995,,,0,15,,3983,,,0,55,,3986,,,0,15,,4001,,,0,15,,3977,,,0,15,,3996,,,0,55,,3990,,,0,15,,3987,,,0,15,,3981,,,0,15,,3978,,,0,55,,3997,,,0,15,,3974,,,0,15,,3988,,,0,15,,4000,,,0,55,,3979,,,0,15,,3998,,,0,15,,3993,,,0,15,,3989,,,0,55,,3973,,,0,15,,3980,,,0,15,,3999,,,0,15,,3982,,,0,55,,3971,,,0,30,,4002,,,0,68,,4008,,,0,30,,4003,,,0,70,,4009,,,0,30,,4005,,,0,70,,4010,,,0,30,,4011,,,0
1000,'Weekday',506,,4024,,,0,30,,4033,,,0,66,,4019,,,0,27,,4050,,,0,15,,4047,,,0,57,,4051,,,0,14,,4043,,,0,14,,4052,,,0,15,,4028,,,0,15,,4053,,,0,52,,4034,,,0,17,,4054,,,0,15,,4014,,,0,15,,4055,,,0,55,,4040,,,0,15,,4056,,,0,15,,4049,,,0,15,,4057,,,0,55,,4046,,,0,15,,4058,,,0,15,,4035,,,0,15,,4059,,,0,55,,4031,,,0,15,,4060,,,0,15,,4023,,,0,15,,4061,,,0,58,,4032,,,0,12,,4062,,,0,15,,4018,,,0,15,,4063,,,0,55,,4036,,,0,15,,4064,,,0,15,,4048,,,0,15,,4065,,,0,56,,4022,,,0,15,,4066,,,0,15,,4045,,,0,57,,4067,,,0,15,,4042,,,0,15,,4068,,,0,15,,4037,,,0,56,,4069,,,0,12,,4041,,,0,16,,4070,,,0,14,,4030,,,0,58,,4071,,,0,15,,4025,,,0,15,,4072,,,0,15,,4027,,,0,55,,4073,,,0,13,,4038,,,0,15,,4074,,,0,12,,4026,,,0,15,,4075,,,0,55,,4021,,,0,30,,4044,,,0,70,,4029,,,0,30,,4039,,,0,70,,4015,,,0,30,,4017,,,0,69,,4020,,,0,30,,4016,,,0
5000,'Saturday',2313,,4859,,,0,97,,4858,,,0,95,,4860,,,0
5000,'Weekday',2313,,4862,,,0,97,,4861,,,0,95,,4863,,,0
5201,'Saturday',2342,,4887,,,0,97,,4886,,,0
5201,'Weekday',2342,,4889,,,0,97,,4888,,,0
