1000,'Holiday21111111',830,,7427,49,,,0,70,,7421,49,,,0,30,,7426,49,,,0,29,,7418,49,,,0,70,,7420,49,,,0,30,,7398,49,,,0,55,,7386,49,,,0,15,,7389,49,,,0,15,,7408,49,,,0,15,,7406,49,,,0,55,,7399,49,,,0,15,,7405,49,,,0,15,,7390,49,,,0,15,,7409,49,,,0,55,,7397,49,,,0,15,,7400,49,,,0,15,,7415,49,,,0,15,,7391,49,,,0,55,,7410,49,,,0,15,,7404,49,,,0,15,,7401,49,,,0,15,,7395,49,,,0,55,,7392,49,,,0,15,,7411,49,,,0,15,,7388,49,,,0,15,,7402,49,,,0,55,,7414,49,,,0,15,,7393,49,,,0,15,,7412,49,,,0,15,,7407,49,,,0,55,,7403,49,,,0,15,,7387,49,,,0,15,,7394,49,,,0,15,,7413,49,,,0,55,,7396,49,,,0,15,,7385,49,,,0,30,,7416,49,,,0,67,,7422,49,,,0,30,,7417,49,,,0,70,,7423,49,,,0,30,,7419,49,,,0,70,,7424,49,,,0,30,,7425,49,,,0
1000,'Holiday3-505-1111111',726,,7434,49,,,0,30,,7435,49,,,0,70,,7436,49,,,0,30,,7437,49,,,0,70,,7438,49,,,0,18,,7478,49,,,0,15,,7439,49,,,0,55,,7440,49,,,0,15,,7441,49,,,0,15,,7442,49,,,0,15,,7443,49,,,0,55,,7444,49,,,0,15,,7445,49,,,0,15,,7446,49,,,0,15,,7447,49,,,0,55,,7448,49,,,0,15,,7449,49,,,0,15,,7450,49,,,0,15,,7451,49,,,0,55,,7452,49,,,0,15,,7453,49,,,0,15,,7454,49,,,0,15,,7455,49,,,0,55,,7456,49,,,0,15,,7457,49,,,0,15,,7458,49,,,0,15,,7459,49,,,0,55,,7460,49,,,0,15,,7461,49,,,0,15,,7462,49,,,0,15,,7463,49,,,0,55,,7464,49,,,0,15,,7465,49,,,0,15,,7466,49,,,0,15,,7467,49,,,0,55,,7468,49,,,0,15,,7469,49,,,0,15,,7470,49,,,0,15,,7471,49,,,0,55,,7472,49,,,0,15,,7473,49,,,0,15,,7474,49,,,0,15,,7475,49,,,0,67,,7476,49,,,0,30,,7477,49,,,0,70,,7430,49,,,0,30,,7428,49,,,0,70,,7432,49,,,0,30,,7431,49,,,0,70,,7429,49,,,0,30,,7433,49,,,0
1000,'Saturday',726,,7485,49,,,0,30,,7486,49,,,0,70,,7487,49,,,0,30,,7488,49,,,0,70,,7489,49,,,0,18,,7529,49,,,0,15,,7490,49,,,0,55,,7491,49,,,0,15,,7492,49,,,0,15,,7493,49,,,0,15,,7494,49,,,0,55,,7495,49,,,0,15,,7496,49,,,0,15,,7497,49,,,0,15,,7498,49,,,0,55,,7499,49,,,0,15,,7500,49,,,0,15,,7501,49,,,0,15,,7502,49,,,0,55,,7503,49,,,0,15,,7504,49,,,0,15,,7505,49,,,0,15,,7506,49,,,0,55,,7507,49,,,0,15,,7508,49,,,0,15,,7509,49,,,0,15,,7510,49,,,0,55,,7511,49,,,0,15,,7512,49,,,0,15,,7513,49,,,0,15,,7514,49,,,0,55,,7515,49,,,0,15,,7516,49,,,0,15,,7517,49,,,0,15,,7518,49,,,0,55,,7519,49,,,0,15,,7520,49,,,0,15,,7521,49,,,0,15,,7522,49,,,0,55,,7523,49,,,0,15,,7524,49,,,0,15,,7525,49,,,0,15,,7526,49,,,0,67,,7527,49,,,0,30,,7528,49,,,0,70,,7481,49,,,0,30,,7479,49,,,0,70,,7483,49,,,0,30,,7482,49,,,0,70,,7480,49,,,0,30,,7484,49,,,0
1000,'Sunday',830,,7572,49,,,0,70,,7566,49,,,0,30,,7571,49,,,0,29,,7563,49,,,0,70,,7565,49,,,0,30,,7543,49,,,0,55,,7531,49,,,0,15,,7534,49,,,0,15,,7553,49,,,0,15,,7551,49,,,0,55,,7544,49,,,0,15,,7550,49,,,0,15,,7535,49,,,0,15,,7554,49,,,0,55,,7542,49,,,0,15,,7545,49,,,0,15,,7560,49,,,0,15,,7536,49,,,0,55,,7555,49,,,0,15,,7549,49,,,0,15,,7546,49,,,0,15,,7540,49,,,0,55,,7537,49,,,0,15,,7556,49,,,0,15,,7533,49,,,0,15,,7547,49,,,0,55,,7559,49,,,0,15,,7538,49,,,0,15,,7557,49,,,0,15,,7552,49,,,0,55,,7548,49,,,0,15,,7532,49,,,0,15,,7539,49,,,0,15,,7558,49,,,0,55,,7541,49,,,0,15,,7530,49,,,0,30,,7561,49,,,0,67,,7567,49,,,0,30,,7562,49,,,0,70,,7568,49,,,0,30,,7564,49,,,0,70,,7569,49,,,0,30,,7570,49,,,0
1000,'Weekday',520,,7583,49,,,0,30,,7592,49,,,0,66,,7578,49,,,0,27,,7609,49,,,0,15,,7606,49,,,0,55,,7610,49,,,0,10,,7602,49,,,0,18,,7611,49,,,0,15,,7587,49,,,0,56,,7612,49,,,0,15,,7593,49,,,0,17,,7613,49,,,0,15,,7573,49,,,0,55,,7614,49,,,0,14,,7599,49,,,0,15,,7615,49,,,0,15,,7608,49,,,0,55,,7616,49,,,0,15,,7605,49,,,0,15,,7617,49,,,0,15,,7594,49,,,0,55,,7618,49,,,0,15,,7590,49,,,0,15,,7619,49,,,0,15,,7582,49,,,0,55,,7620,49,,,0,18,,7591,49,,,0,12,,7621,49,,,0,15,,7577,49,,,0,55,,7622,49,,,0,15,,7595,49,,,0,15,,7623,49,,,0,15,,7607,49,,,0,55,,7624,49,,,0,17,,7581,49,,,0,15,,7625,49,,,0,55,,7604,49,,,0,17,,7626,49,,,0,15,,7601,49,,,0,15,,7627,49,,,0,55,,7596,49,,,0,16,,7628,49,,,0,11,,7600,49,,,0,16,,7629,49,,,0,14,,7589,49,,,0,58,,7630,49,,,0,15,,7584,49,,,0,15,,7631,49,,,0,55,,7586,49,,,0,15,,7632,49,,,0,12,,7597,49,,,0,15,,7633,49,,,0,12,,7585,49,,,0,55,,7634,49,,,0,15,,7580,49,,,0,30,,7603,49,,,0,70,,7588,49,,,0,30,,7598,49,,,0,70,,7574,49,,,0,30,,7576,49,,,0,69,,7579,49,,,0,30,,7575,49,,,0
5000,'Holiday3-505-1111111',2322,,8851,48,4,,0,100,,8850,48,4,,0
5000,'Saturday',2322,,8854,48,4,,0,100,,8853,48,4,,0
5000,'Weekday',2332,,8857,48,4,,0,90,,8856,48,4,,0
5001,'Holiday3-505-1111111',2322,,8860,1,,,0,100,,8859,1,,,0
5001,'Saturday',2322,,8862,1,,,0,100,,8861,1,,,0
5001,'Weekday',2332,,8864,1,,,0,90,,8863,1,,,0
