601,'Holiday21111111',823,,7300,13,,,0,100,,7301,13,,,0,113,,7302,13,,,0,100,,7303,13,,,0,100,,7304,13,,,0,100,,7305,13,,,0,104,,7306,13,,,0,100,,7307,13,,,0,100,,7308,13,,,0,100,,7309,13,,,0,100,,7310,13,,,0,100,,7311,13,,,0
601,'Holiday3-505-1111111',723,,7326,13,,,0,100,,7325,13,,,0,100,,7324,13,,,0,110,,7323,13,,,0,100,,7322,13,,,0,100,,7321,13,,,0,100,,7320,13,,,0,100,,7319,13,,,0,100,,7318,13,,,0,100,,7317,13,,,0,100,,7316,13,,,0,100,,7315,13,,,0,100,,7314,13,,,0,100,,7313,13,,,0,100,,7312,13,,,0
601,'Saturday',723,,7341,13,,,0,100,,7340,13,,,0,100,,7339,13,,,0,110,,7338,13,,,0,100,,7337,13,,,0,100,,7336,13,,,0,100,,7335,13,,,0,100,,7334,13,,,0,100,,7333,13,,,0,100,,7332,13,,,0,100,,7331,13,,,0,100,,7330,13,,,0,100,,7329,13,,,0,100,,7328,13,,,0,100,,7327,13,,,0
601,'Sunday',823,,7342,13,,,0,100,,7343,13,,,0,113,,7344,13,,,0,100,,7345,13,,,0,100,,7346,13,,,0,100,,7347,13,,,0,104,,7348,13,,,0,100,,7349,13,,,0,100,,7350,13,,,0,100,,7351,13,,,0,100,,7352,13,,,0,100,,7353,13,,,0
601,'Weekday',532,,7354,13,,,0,101,,7355,13,,,0,70,,7356,13,,,0,30,,7357,13,,,0,75,,7358,13,,,0,30,,7359,13,,,0,70,,7360,13,,,0,30,,7361,13,,,0,65,,7362,13,,,0,30,,7363,13,,,0,70,,7364,13,,,0,30,,7365,13,,,0,70,,7366,13,,,0,30,,7367,13,,,0,70,,7368,13,,,0,30,,7369,13,,,0,70,,7370,13,,,0,32,,7371,13,,,0,69,,7372,13,,,0,30,,7373,13,,,0,80,,7382,13,,,0,36,,7377,13,,,0,72,,7384,13,,,0,26,,7380,13,,,0,64,,7379,13,,,0,28,,7376,13,,,0,70,,7381,13,,,0,28,,7378,13,,,0,100,,7374,13,,,0,100,,7375,13,,,0,100,,7383,13,,,0
1200,'Holiday21111111',840,,8232,20,,,0,70,,8231,20,,,0,30,,8233,20,,,0,73,,8230,20,,,0,27,,8234,20,,,0,70,,8229,20,,,0,30,,8235,20,,,0,70,,8228,20,,,0,30,,8236,20,,,0,70,,8227,20,,,0,30,,8237,20,,,0,73,,8226,20,,,0,27,,8238,20,,,0,70,,8225,20,,,0,30,,8239,20,,,0,70,,8224,20,,,0,30,,8240,20,,,0,70,,8223,20,,,0,30,,8241,20,,,0,73,,8222,20,,,0,30,,8242,20,,,0,70,,8243,20,,,0,30,,8244,20,,,0,70,,8245,20,,,0,30,,8246,20,,,0,70,,8247,20,,,0,30,,8248,20,,,0
1200,'Holiday3-505-1111111',808,,8263,20,,,0,30,,8264,20,,,0,70,,8262,20,,,0,30,,8265,20,,,0,75,,8261,20,,,0,25,,8266,20,,,0,70,,8260,20,,,0,30,,8267,20,,,0,70,,8259,20,,,0,30,,8268,20,,,0,70,,8258,20,,,0,30,,8269,20,,,0,75,,8257,20,,,0,25,,8270,20,,,0,70,,8256,20,,,0,30,,8271,20,,,0,70,,8255,20,,,0,30,,8272,20,,,0,70,,8254,20,,,0,30,,8273,20,,,0,70,,8253,20,,,0,30,,8274,20,,,0,70,,8252,20,,,0,30,,8275,20,,,0,70,,8251,20,,,0,30,,8276,20,,,0,70,,8250,20,,,0,30,,8277,20,,,0,70,,8249,20,,,0
1200,'Saturday',808,,8292,20,,,0,30,,8293,20,,,0,70,,8291,20,,,0,30,,8294,20,,,0,75,,8290,20,,,0,25,,8295,20,,,0,70,,8289,20,,,0,30,,8296,20,,,0,70,,8288,20,,,0,30,,8297,20,,,0,70,,8287,20,,,0,30,,8298,20,,,0,75,,8286,20,,,0,25,,8299,20,,,0,70,,8285,20,,,0,30,,8300,20,,,0,70,,8284,20,,,0,30,,8301,20,,,0,70,,8283,20,,,0,30,,8302,20,,,0,70,,8282,20,,,0,30,,8303,20,,,0,70,,8281,20,,,0,30,,8304,20,,,0,70,,8280,20,,,0,30,,8305,20,,,0,70,,8279,20,,,0,30,,8306,20,,,0,70,,8278,20,,,0
1200,'Sunday',838,,8317,20,,,0,70,,8316,20,,,0,30,,8318,20,,,0,75,,8315,20,,,0,25,,8319,20,,,0,70,,8314,20,,,0,30,,8320,20,,,0,70,,8313,20,,,0,30,,8321,20,,,0,70,,8312,20,,,0,30,,8322,20,,,0,75,,8311,20,,,0,25,,8323,20,,,0,70,,8310,20,,,0,30,,8324,20,,,0,70,,8309,20,,,0,30,,8325,20,,,0,70,,8308,20,,,0,30,,8326,20,,,0,75,,8307,20,,,0,30,,8327,20,,,0,70,,8328,20,,,0,30,,8329,20,,,0,70,,8330,20,,,0,30,,8331,20,,,0,70,,8332,20,,,0,30,,8333,20,,,0
1200,'Weekday',542,,8354,20,,,0,70,,8341,20,,,0,30,,8355,20,,,0,71,,8346,20,,,0,30,,8356,20,,,0,72,,8353,20,,,0,30,,8357,20,,,0,69,,8347,20,,,0,30,,8358,20,,,0,70,,8342,20,,,0,30,,8359,20,,,0,70,,8348,20,,,0,30,,8360,20,,,0,70,,8345,20,,,0,30,,8361,20,,,0,70,,8349,20,,,0,30,,8340,20,,,0,70,,8362,20,,,0,20,,8343,20,,,0,22,,8334,20,,,0,65,,8363,20,,,0,24,,8350,20,,,0,60,,8351,20,,,0,25,,8352,20,,,0,25,,8369,20,,,0,60,,8370,20,,,0,25,,8335,20,,,0,65,,8371,20,,,0,19,,8337,20,,,0,20,,8344,20,,,0,70,,8364,20,,,0,29,,8338,20,,,0,70,,8365,20,,,0,30,,8336,20,,,0,70,,8366,20,,,0,30,,8339,20,,,0,70,,8367,20,,,0,30,,8368,20,,,0
