101,'Saturday',644,,2972,,,0,15,,2973,,,0,55,,2974,,,0,10,,2975,,,0,15,,2976,,,0,15,,2977,,,0,55,,2978,,,0,15,,2979,,,0,15,,2980,,,0,15,,2981,,,0,56,,2982,,,0,15,,2983,,,0,15,,2984,,,0,15,,2985,,,0,55,,2986,,,0,14,,2987,,,0,11,,3024,,,0,14,,2988,,,0,54,,2989,,,0,14,,2990,,,0,14,,2991,,,0,14,,2992,,,0,14,,2993,,,0,54,,3023,,,0,14,,2994,,,0,14,,2995,,,0,14,,2996,,,0,54,,2997,,,0,13,,2998,,,0,14,,2999,,,0,14,,3021,,,0,54,,3000,,,0,14,,3001,,,0,14,,3002,,,0,14,,3003,,,0,54,,3004,,,0,14,,3005,,,0,14,,3022,,,0,14,,3006,,,0,14,,3007,,,0,54,,3008,,,0,14,,3009,,,0,14,,3010,,,0,14,,3011,,,0,54,,3012,,,0,15,,3013,,,0,15,,3014,,,0,15,,3015,,,0,55,,3016,,,0,17,,3017,,,0,18,,3018,,,0,15,,3019,,,0,55,,3020,,,0,18,,2964,,,0,30,,2967,,,0,70,,2961,,,0,30,,2965,,,0,69,,2968,,,0,30,,2962,,,0,70,,2966,,,0,30,,2969,,,0,70,,2963,,,0,30,,2970,,,0,69,,2971,,,0
101,'Sunday',644,,3032,,,0,15,,3033,,,0,55,,3034,,,0,10,,3035,,,0,15,,3036,,,0,15,,3037,,,0,55,,3038,,,0,15,,3039,,,0,15,,3040,,,0,15,,3041,,,0,56,,3042,,,0,15,,3043,,,0,15,,3044,,,0,15,,3045,,,0,55,,3046,,,0,14,,3047,,,0,11,,3084,,,0,14,,3048,,,0,54,,3049,,,0,14,,3050,,,0,14,,3051,,,0,14,,3052,,,0,14,,3053,,,0,54,,3083,,,0,14,,3054,,,0,14,,3055,,,0,14,,3056,,,0,54,,3057,,,0,13,,3058,,,0,14,,3059,,,0,14,,3081,,,0,54,,3060,,,0,14,,3061,,,0,14,,3062,,,0,14,,3063,,,0,54,,3064,,,0,14,,3065,,,0,14,,3082,,,0,14,,3066,,,0,14,,3067,,,0,54,,3068,,,0,14,,3069,,,0,14,,3070,,,0,14,,3071,,,0,54,,3072,,,0,15,,3073,,,0,15,,3074,,,0,15,,3075,,,0,55,,3076,,,0,17,,3077,,,0,18,,3078,,,0,15,,3079,,,0,55,,3080,,,0,18,,3027,,,0,30,,3030,,,0,70,,3025,,,0,30,,3028,,,0,69,,3031,,,0,30,,3026,,,0,70,,3029,,,0
101,'Weekday',500,,3174,,,0,15,,3175,,,0,12,,3176,,,0,12,,3177,,,0,12,,3178,,,0,52,,3179,,,0,14,,3183,,,0,12,,3182,,,0,12,,3180,,,0,15,,3167,,,0,54,,3170,,,0,12,,3171,,,0,12,,3168,,,0,12,,3172,,,0,12,,3173,,,0,52,,3127,,,0,12,,3114,,,0,12,,3115,,,0,12,,3116,,,0,12,,3117,,,0,53,,3118,,,0,12,,3119,,,0,12,,3120,,,0,12,,3121,,,0,12,,3122,,,0,52,,3123,,,0,12,,3124,,,0,12,,3125,,,0,12,,3126,,,0,12,,3102,,,0,52,,3107,,,0,12,,3108,,,0,12,,3106,,,0,12,,3113,,,0,12,,3104,,,0,52,,3100,,,0,12,,3101,,,0,12,,3103,,,0,12,,3112,,,0,12,,3109,,,0,51,,3184,,,0,9,,3111,,,0,11,,3110,,,0,11,,3162,,,0,10,,3105,,,0,50,,3163,,,0,9,,3185,,,0,10,,3164,,,0,9,,3165,,,0,9,,3166,,,0,10,,3136,,,0,9,,3138,,,0,50,,3131,,,0,11,,3134,,,0,9,,3147,,,0,11,,3140,,,0,11,,3154,,,0,9,,3169,,,0,50,,3145,,,0,11,,3150,,,0,11,,3153,,,0,11,,3148,,,0,11,,3142,,,0,51,,3146,,,0,9,,3143,,,0,10,,3135,,,0,10,,3152,,,0,10,,3155,,,0,10,,3149,,,0,50,,3133,,,0,11,,3151,,,0,13,,3139,,,0,11,,3144,,,0,12,,3132,,,0,10,,3141,,,0,50,,3130,,,0,9,,3137,,,0,10,,3128,,,0,10,,3129,,,0,10,,3156,,,0,10,,3157,,,0,51,,3158,,,0,12,,3159,,,0,12,,3160,,,0,12,,3161,,,0,11,,3085,,,0,55,,3086,,,0,15,,3088,,,0,15,,3087,,,0,15,,3090,,,0,59,,3089,,,0,20,,3095,,,0,15,,3091,,,0,55,,3096,,,0,15,,3092,,,0,15,,3097,,,0,15,,3093,,,0,55,,3098,,,0,14,,3094,,,0,15,,3099,,,0,15,,3181,,,0
601,'Saturday',735,,3877,,,0,100,,3876,,,0,100,,3875,,,0,110,,3874,,,0,100,,3873,,,0,100,,3872,,,0,100,,3871,,,0,100,,3870,,,0,100,,3869,,,0,100,,3868,,,0,100,,3867,,,0,100,,3866,,,0,100,,3865,,,0,100,,3864,,,0,100,,3863,,,0
601,'Sunday',835,,3878,,,0,100,,3879,,,0,113,,3880,,,0,100,,3881,,,0,100,,3882,,,0,100,,3883,,,0,104,,3884,,,0,100,,3885,,,0,100,,3886,,,0,100,,3887,,,0,100,,3888,,,0,100,,3889,,,0
601,'Weekday',543,,3890,,,0,102,,3891,,,0,70,,3892,,,0,30,,3893,,,0,75,,3894,,,0,30,,3895,,,0,69,,3896,,,0,30,,3897,,,0,65,,3898,,,0,30,,3899,,,0,70,,3900,,,0,30,,3901,,,0,70,,3902,,,0,30,,3903,,,0,70,,3904,,,0,31,,3905,,,0,70,,3906,,,0,31,,3907,,,0,73,,3908,,,0,34,,3909,,,0,70,,3910,,,0,30,,3911,,,0,70,,3912,,,0,30,,3913,,,0,68,,3914,,,0,30,,3915,,,0,70,,3916,,,0,26,,3917,,,0,100,,3918,,,0,100,,3919,,,0
5001,'Saturday',2344,,4865,,,0,97,,4864,,,0
5001,'Weekday',2344,,4867,,,0,97,,4866,,,0
5101,'Saturday',2345,,4875,,,0,97,,4874,,,0
5101,'Weekday',2345,,4878,,,0,97,,4877,,,0
8001,'Weekday',523,,4918,,,0,30,,4924,,,0,71,,4919,,,0,30,,4925,,,0,73,,4920,,,0,30,,4926,,,0,76,,4921,,,0,70,,4927,,,0,30,,4922,,,0,70,,4928,,,0,30,,4923,,,0,70,,4929,,,0,30,,4938,,,0,70,,4930,,,0,25,,4939,,,0,30,,4931,,,0,70,,4940,,,0,30,,4932,,,0,73,,4941,,,0,70,,4933,,,0,29,,4945,,,0,21,,4946,,,0,60,,4934,,,0,22,,4942,,,0,70,,4935,,,0,28,,4943,,,0,70,,4936,,,0,27,,4944,,,0,30,,4937,,,0
8101,'Weekday',608,,4979,,,0,31,,4984,,,0,70,,4980,,,0,33,,4985,,,0,70,,4981,,,0,37,,4986,,,0,70,,4982,,,0,28,,4987,,,0,70,,4983,,,0,30,,4990,,,0,70,,4991,,,0,30,,4992,,,0,70,,4993,,,0,25,,4994,,,0,70,,4995,,,0,30,,4996,,,0,70,,4997,,,0,32,,4998,,,0,70,,4999,,,0,36,,4988,,,0,70,,5000,,,0,32,,4989,,,0,70,,4977,,,0,22,,4975,,,0,70,,4976,,,0,28,,5001,,,0,70,,4978,,,0
