400,'Holiday21111111',1155,,7084,30,,,0,100,,7088,30,,,0,100,,7085,30,,,0,100,,7089,30,,,0,100,,7086,30,,,0,100,,7090,30,,,0,100,,7087,30,,,0
400,'Holiday3-505-1111111',855,,7091,30,,,0,100,,7097,30,,,0,100,,7092,30,,,0,100,,7098,30,,,0,100,,7093,30,,,0,100,,7099,30,,,0,100,,7094,30,,,0,100,,7100,30,,,0,100,,7095,30,,,0,100,,7101,30,,,0,100,,7096,30,,,0,100,,7102,30,,,0,98,,7103,30,,,0
400,'Saturday',855,,7104,30,,,0,100,,7110,30,,,0,100,,7105,30,,,0,100,,7111,30,,,0,100,,7106,30,,,0,100,,7112,30,,,0,100,,7107,30,,,0,100,,7113,30,,,0,100,,7108,30,,,0,100,,7114,30,,,0,100,,7109,30,,,0,100,,7115,30,,,0,98,,7116,30,,,0
400,'Sunday',1155,,7117,30,,,0,100,,7121,30,,,0,100,,7118,30,,,0,100,,7122,30,,,0,100,,7119,30,,,0,100,,7123,30,,,0,100,,7120,30,,,0
400,'Weekday',557,,7124,30,,,0,101,,7125,30,,,0,142,,7126,30,,,0,23,,7127,30,,,0,77,,7128,30,,,0,29,,7129,30,,,0,30,,7130,30,,,0,70,,7131,30,,,0,30,,7132,30,,,0,70,,7133,30,,,0,30,,7134,30,,,0,70,,7135,30,,,0,30,,7136,30,,,0,70,,7137,30,,,0,30,,7138,30,,,0,70,,7139,30,,,0,30,,7140,30,,,0,71,,7141,30,,,0,29,,7142,30,,,0,70,,7143,30,,,0,30,,7144,30,,,0,70,,7145,30,,,0,73,,7146,30,,,0,28,,7150,30,,,0,70,,7147,30,,,0,57,,7148,30,,,0,100,,7149,30,,,0
1000,'Holiday21111111',815,,7427,17,,,0,30,,7421,17,,,0,70,,7426,17,,,0,28,,7418,17,,,0,70,,7420,17,,,0,30,,7398,17,,,0,15,,7386,17,,,0,55,,7389,17,,,0,15,,7408,17,,,0,15,,7406,17,,,0,15,,7399,17,,,0,55,,7405,17,,,0,15,,7390,17,,,0,15,,7409,17,,,0,15,,7397,17,,,0,55,,7400,17,,,0,15,,7415,17,,,0,15,,7391,17,,,0,15,,7410,17,,,0,55,,7404,17,,,0,15,,7401,17,,,0,15,,7395,17,,,0,15,,7392,17,,,0,55,,7411,17,,,0,15,,7388,17,,,0,15,,7402,17,,,0,15,,7414,17,,,0,55,,7393,17,,,0,15,,7412,17,,,0,15,,7407,17,,,0,15,,7403,17,,,0,55,,7387,17,,,0,15,,7394,17,,,0,15,,7413,17,,,0,15,,7396,17,,,0,55,,7385,17,,,0,30,,7416,17,,,0,68,,7422,17,,,0,30,,7417,17,,,0,70,,7423,17,,,0,30,,7419,17,,,0,70,,7424,17,,,0,30,,7425,17,,,0
1000,'Holiday3-505-1111111',711,,7434,17,,,0,30,,7435,17,,,0,70,,7436,17,,,0,30,,7437,17,,,0,70,,7438,17,,,0,17,,7478,17,,,0,15,,7439,17,,,0,15,,7440,17,,,0,55,,7441,17,,,0,15,,7442,17,,,0,15,,7443,17,,,0,15,,7444,17,,,0,55,,7445,17,,,0,15,,7446,17,,,0,15,,7447,17,,,0,15,,7448,17,,,0,55,,7449,17,,,0,15,,7450,17,,,0,15,,7451,17,,,0,15,,7452,17,,,0,55,,7453,17,,,0,15,,7454,17,,,0,15,,7455,17,,,0,15,,7456,17,,,0,55,,7457,17,,,0,15,,7458,17,,,0,15,,7459,17,,,0,15,,7460,17,,,0,55,,7461,17,,,0,15,,7462,17,,,0,15,,7463,17,,,0,15,,7464,17,,,0,55,,7465,17,,,0,15,,7466,17,,,0,15,,7467,17,,,0,15,,7468,17,,,0,55,,7469,17,,,0,15,,7470,17,,,0,15,,7471,17,,,0,15,,7472,17,,,0,55,,7473,17,,,0,15,,7474,17,,,0,15,,7475,17,,,0,68,,7476,17,,,0,30,,7477,17,,,0,70,,7430,17,,,0,30,,7428,17,,,0,70,,7432,17,,,0,30,,7431,17,,,0,70,,7429,17,,,0,30,,7433,17,,,0
1000,'Saturday',711,,7485,17,,,0,30,,7486,17,,,0,70,,7487,17,,,0,30,,7488,17,,,0,70,,7489,17,,,0,17,,7529,17,,,0,15,,7490,17,,,0,15,,7491,17,,,0,55,,7492,17,,,0,15,,7493,17,,,0,15,,7494,17,,,0,15,,7495,17,,,0,55,,7496,17,,,0,15,,7497,17,,,0,15,,7498,17,,,0,15,,7499,17,,,0,55,,7500,17,,,0,15,,7501,17,,,0,15,,7502,17,,,0,15,,7503,17,,,0,55,,7504,17,,,0,15,,7505,17,,,0,15,,7506,17,,,0,15,,7507,17,,,0,55,,7508,17,,,0,15,,7509,17,,,0,15,,7510,17,,,0,15,,7511,17,,,0,55,,7512,17,,,0,15,,7513,17,,,0,15,,7514,17,,,0,15,,7515,17,,,0,55,,7516,17,,,0,15,,7517,17,,,0,15,,7518,17,,,0,15,,7519,17,,,0,55,,7520,17,,,0,15,,7521,17,,,0,15,,7522,17,,,0,15,,7523,17,,,0,55,,7524,17,,,0,15,,7525,17,,,0,15,,7526,17,,,0,68,,7527,17,,,0,30,,7528,17,,,0,70,,7481,17,,,0,30,,7479,17,,,0,70,,7483,17,,,0,30,,7482,17,,,0,70,,7480,17,,,0,30,,7484,17,,,0
1000,'Sunday',815,,7572,17,,,0,30,,7566,17,,,0,70,,7571,17,,,0,28,,7563,17,,,0,70,,7565,17,,,0,30,,7543,17,,,0,15,,7531,17,,,0,55,,7534,17,,,0,15,,7553,17,,,0,15,,7551,17,,,0,15,,7544,17,,,0,55,,7550,17,,,0,15,,7535,17,,,0,15,,7554,17,,,0,15,,7542,17,,,0,55,,7545,17,,,0,15,,7560,17,,,0,15,,7536,17,,,0,15,,7555,17,,,0,55,,7549,17,,,0,15,,7546,17,,,0,15,,7540,17,,,0,15,,7537,17,,,0,55,,7556,17,,,0,15,,7533,17,,,0,15,,7547,17,,,0,15,,7559,17,,,0,55,,7538,17,,,0,15,,7557,17,,,0,15,,7552,17,,,0,15,,7548,17,,,0,55,,7532,17,,,0,15,,7539,17,,,0,15,,7558,17,,,0,15,,7541,17,,,0,55,,7530,17,,,0,30,,7561,17,,,0,68,,7567,17,,,0,30,,7562,17,,,0,70,,7568,17,,,0,30,,7564,17,,,0,70,,7569,17,,,0,30,,7570,17,,,0
1000,'Weekday',505,,7583,17,,,0,30,,7592,17,,,0,66,,7578,17,,,0,27,,7609,17,,,0,15,,7606,17,,,0,15,,7610,17,,,0,50,,7602,17,,,0,17,,7611,17,,,0,15,,7587,17,,,0,15,,7612,17,,,0,55,,7593,17,,,0,17,,7613,17,,,0,15,,7573,17,,,0,15,,7614,17,,,0,55,,7599,17,,,0,15,,7615,17,,,0,15,,7608,17,,,0,15,,7616,17,,,0,55,,7605,17,,,0,15,,7617,17,,,0,15,,7594,17,,,0,15,,7618,17,,,0,55,,7590,17,,,0,15,,7619,17,,,0,15,,7582,17,,,0,15,,7620,17,,,0,58,,7591,17,,,0,12,,7621,17,,,0,15,,7577,17,,,0,15,,7622,17,,,0,55,,7595,17,,,0,15,,7623,17,,,0,15,,7607,17,,,0,15,,7624,17,,,0,56,,7581,17,,,0,15,,7625,17,,,0,15,,7604,17,,,0,57,,7626,17,,,0,15,,7601,17,,,0,15,,7627,17,,,0,15,,7596,17,,,0,56,,7628,17,,,0,12,,7600,17,,,0,16,,7629,17,,,0,14,,7589,17,,,0,58,,7630,17,,,0,15,,7584,17,,,0,15,,7631,17,,,0,15,,7586,17,,,0,55,,7632,17,,,0,13,,7597,17,,,0,15,,7633,17,,,0,12,,7585,17,,,0,15,,7634,17,,,0,55,,7580,17,,,0,30,,7603,17,,,0,70,,7588,17,,,0,30,,7598,17,,,0,70,,7574,17,,,0,30,,7576,17,,,0,69,,7579,17,,,0,30,,7575,17,,,0
5000,'Holiday3-505-1111111',2308,,8851,16,,,0,100,,8850,16,,,0,100,,8852,16,0,8 4 9 10,0
5000,'Saturday',2308,,8854,16,,,0,100,,8853,16,,,0,100,,8855,16,0,8 4 9 10,0
5000,'Weekday',2318,,8857,16,,,0,90,,8856,16,,,0,100,,8858,16,0,8 4 9 10,0
