1000,'Holiday21111111',824,,4292,36,,,0,30,,4286,36,,,0,70,,4291,36,,,0,29,,4283,36,,,0,70,,4285,36,,,0,30,,4263,36,,,0,55,,4251,36,,,0,15,,4254,36,,,0,15,,4273,36,,,0,15,,4271,36,,,0,55,,4264,36,,,0,15,,4270,36,,,0,15,,4255,36,,,0,15,,4274,36,,,0,55,,4262,36,,,0,15,,4265,36,,,0,15,,4280,36,,,0,15,,4256,36,,,0,55,,4275,36,,,0,15,,4269,36,,,0,15,,4266,36,,,0,15,,4260,36,,,0,55,,4257,36,,,0,15,,4276,36,,,0,15,,4253,36,,,0,15,,4267,36,,,0,55,,4279,36,,,0,15,,4258,36,,,0,15,,4277,36,,,0,15,,4272,36,,,0,55,,4268,36,,,0,15,,4252,36,,,0,15,,4259,36,,,0,15,,4278,36,,,0,55,,4261,36,,,0,15,,4250,36,,,0,30,,4281,36,,,0,67,,4287,36,,,0,30,,4282,36,,,0,70,,4288,36,,,0,30,,4284,36,,,0,70,,4289,36,,,0,30,,4290,36,,,0
1000,'Saturday',720,,4299,36,,,0,30,,4300,36,,,0,70,,4301,36,,,0,30,,4302,36,,,0,70,,4303,36,,,0,18,,4343,36,,,0,15,,4304,36,,,0,55,,4305,36,,,0,15,,4306,36,,,0,15,,4307,36,,,0,15,,4308,36,,,0,55,,4309,36,,,0,15,,4310,36,,,0,15,,4311,36,,,0,15,,4312,36,,,0,55,,4313,36,,,0,15,,4314,36,,,0,15,,4315,36,,,0,15,,4316,36,,,0,55,,4317,36,,,0,15,,4318,36,,,0,15,,4319,36,,,0,15,,4320,36,,,0,55,,4321,36,,,0,15,,4322,36,,,0,15,,4323,36,,,0,15,,4324,36,,,0,55,,4325,36,,,0,15,,4326,36,,,0,15,,4327,36,,,0,15,,4328,36,,,0,55,,4329,36,,,0,15,,4330,36,,,0,15,,4331,36,,,0,15,,4332,36,,,0,55,,4333,36,,,0,15,,4334,36,,,0,15,,4335,36,,,0,15,,4336,36,,,0,55,,4337,36,,,0,15,,4338,36,,,0,15,,4339,36,,,0,15,,4340,36,,,0,67,,4341,36,,,0,30,,4342,36,,,0,70,,4295,36,,,0,30,,4293,36,,,0,70,,4297,36,,,0,30,,4296,36,,,0,70,,4294,36,,,0,30,,4298,36,,,0
1000,'Sunday',824,,4386,36,,,0,30,,4380,36,,,0,70,,4385,36,,,0,29,,4377,36,,,0,70,,4379,36,,,0,30,,4357,36,,,0,55,,4345,36,,,0,15,,4348,36,,,0,15,,4367,36,,,0,15,,4365,36,,,0,55,,4358,36,,,0,15,,4364,36,,,0,15,,4349,36,,,0,15,,4368,36,,,0,55,,4356,36,,,0,15,,4359,36,,,0,15,,4374,36,,,0,15,,4350,36,,,0,55,,4369,36,,,0,15,,4363,36,,,0,15,,4360,36,,,0,15,,4354,36,,,0,55,,4351,36,,,0,15,,4370,36,,,0,15,,4347,36,,,0,15,,4361,36,,,0,55,,4373,36,,,0,15,,4352,36,,,0,15,,4371,36,,,0,15,,4366,36,,,0,55,,4362,36,,,0,15,,4346,36,,,0,15,,4353,36,,,0,15,,4372,36,,,0,55,,4355,36,,,0,15,,4344,36,,,0,30,,4375,36,,,0,67,,4381,36,,,0,30,,4376,36,,,0,70,,4382,36,,,0,30,,4378,36,,,0,70,,4383,36,,,0,30,,4384,36,,,0
1000,'Weekday',514,,4397,36,,,0,30,,4406,36,,,0,66,,4392,36,,,0,27,,4423,36,,,0,15,,4420,36,,,0,57,,4424,36,,,0,15,,4416,36,,,0,14,,4425,36,,,0,16,,4401,36,,,0,55,,4426,36,,,0,12,,4407,36,,,0,17,,4427,36,,,0,15,,4387,36,,,0,55,,4428,36,,,0,14,,4413,36,,,0,15,,4429,36,,,0,15,,4422,36,,,0,55,,4430,36,,,0,15,,4419,36,,,0,15,,4431,36,,,0,15,,4408,36,,,0,55,,4432,36,,,0,15,,4404,36,,,0,15,,4433,36,,,0,15,,4396,36,,,0,55,,4434,36,,,0,18,,4405,36,,,0,12,,4435,36,,,0,15,,4391,36,,,0,55,,4436,36,,,0,15,,4409,36,,,0,15,,4437,36,,,0,15,,4421,36,,,0,55,,4438,36,,,0,17,,4395,36,,,0,15,,4439,36,,,0,15,,4418,36,,,0,57,,4440,36,,,0,15,,4415,36,,,0,15,,4441,36,,,0,15,,4410,36,,,0,56,,4442,36,,,0,11,,4414,36,,,0,16,,4443,36,,,0,14,,4403,36,,,0,58,,4444,36,,,0,15,,4398,36,,,0,15,,4445,36,,,0,15,,4400,36,,,0,55,,4446,36,,,0,12,,4411,36,,,0,15,,4447,36,,,0,12,,4399,36,,,0,55,,4448,36,,,0,15,,4394,36,,,0,30,,4417,36,,,0,70,,4402,36,,,0,30,,4412,36,,,0,70,,4388,36,,,0,30,,4390,36,,,0,69,,4393,36,,,0,30,,4389,36,,,0
2501,'Holiday21111111',759,,5312,25,,,0,70,,5301,25,,,0,30,,5313,25,,,0,70,,5302,25,,,0,30,,5314,25,,,0,70,,5303,25,,,0,30,,5315,25,,,0,70,,5304,25,,,0,30,,5316,25,,,0,70,,5305,25,,,0,30,,5317,25,,,0,70,,5306,25,,,0,30,,5318,25,,,0,70,,5307,25,,,0,30,,5319,25,,,0,70,,5308,25,,,0,30,,5320,25,,,0,70,,5309,25,,,0,30,,5321,25,,,0,70,,5310,25,,,0,30,,5322,25,,,0,70,,5311,25,,,0,30,,5323,25,,,0,70,,5324,25,,,0,30,,5325,25,,,0,70,,5326,25,,,0,30,,5327,25,,,0,70,,5328,25,,,0
2501,'Saturday',729,,5341,25,,,0,30,,5342,25,,,0,70,,5340,25,,,0,30,,5343,25,,,0,70,,5339,25,,,0,30,,5344,25,,,0,70,,5338,25,,,0,30,,5345,25,,,0,70,,5337,25,,,0,30,,5346,25,,,0,70,,5336,25,,,0,30,,5347,25,,,0,70,,5335,25,,,0,30,,5348,25,,,0,70,,5334,25,,,0,30,,5349,25,,,0,70,,5333,25,,,0,30,,5350,25,,,0,70,,5332,25,,,0,30,,5351,25,,,0,70,,5331,25,,,0,30,,5352,25,,,0,70,,5330,25,,,0,30,,5353,25,,,0,70,,5329,25,,,0,30,,5354,25,,,0,70,,5356,25,,,0,30,,5355,25,,,0,70,,5357,25,,,0,30,,5358,25,,,0
2501,'Sunday',759,,5370,25,,,0,70,,5359,25,,,0,30,,5371,25,,,0,70,,5360,25,,,0,30,,5372,25,,,0,70,,5361,25,,,0,30,,5373,25,,,0,70,,5362,25,,,0,30,,5374,25,,,0,70,,5363,25,,,0,30,,5375,25,,,0,70,,5364,25,,,0,30,,5376,25,,,0,70,,5365,25,,,0,30,,5377,25,,,0,70,,5366,25,,,0,30,,5378,25,,,0,70,,5367,25,,,0,30,,5379,25,,,0,70,,5368,25,,,0,30,,5380,25,,,0,70,,5369,25,,,0,30,,5381,25,,,0,70,,5382,25,,,0,30,,5383,25,,,0,70,,5384,25,,,0,30,,5385,25,,,0,70,,5386,25,,,0
2501,'Weekday',522,,5387,25,,,0,35,,5388,25,,,0,66,,5389,25,,,0,25,,5390,25,,,0,71,,5391,25,,,0,15,,5392,25,,,0,15,,5393,25,,,0,55,,5394,25,,,0,16,,5395,25,,,0,15,,5396,25,,,0,15,,5397,25,,,0,56,,5398,25,,,0,30,,5399,25,,,0,70,,5400,25,,,0,30,,5401,25,,,0,70,,5402,25,,,0,30,,5403,25,,,0,70,,5404,25,,,0,30,,5405,25,,,0,70,,5406,25,,,0,30,,5407,25,,,0,70,,5408,25,,,0,28,,5409,25,,,0,16,,5410,25,,,0,55,,5411,25,,,0,17,,5412,25,,,0,15,,5413,25,,,0,15,,5414,25,,,0,55,,5415,25,,,0,15,,5416,25,,,0,15,,5417,25,,,0,15,,5418,25,,,0,55,,5419,25,,,0,14,,5420,25,,,0,15,,5421,25,,,0,15,,5422,25,,,0,55,,5423,25,,,0,29,,5424,25,,,0,70,,5425,25,,,0,28,,5426,25,,,0,70,,5427,25,,,0,30,,5428,25,,,0,70,,5429,25,,,0,30,,5430,25,,,0,70,,5431,25,,,0,29,,5432,25,,,0,70,,5433,25,,,0,28,,5434,25,,,0
5000,'Saturday',2320,,5440,35,,,0,97,,5439,35,,,0,95,,5441,35,,,0
5000,'Weekday',2320,,5443,35,,,0,97,,5442,35,,,0,95,,5444,35,0,8 4 9 10,0
