100,'Holiday21111111',708,,44,35,,,0,15,,45,35,,,0,15,,46,35,,,0,15,,47,35,,,0,55,,48,35,,,0,15,,49,35,,,0,15,,50,35,,,0,15,,51,35,,,0,55,,52,35,,,0,17,,53,35,,,0,15,,54,35,,,0,15,,55,35,,,0,55,,11,35,,,0,15,,23,35,,,0,15,,7,35,,,0,15,,12,35,,,0,55,,37,35,,,0,15,,33,35,,,0,15,,24,35,,,0,15,,31,35,,,0,55,,13,35,,,0,15,,38,35,,,0,15,,19,35,,,0,15,,25,35,,,0,55,,34,35,,,0,15,,14,35,,,0,15,,39,35,,,0,15,,30,35,,,0,55,,35,35,,,0,15,,26,35,,,0,15,,18,35,,,0,15,,15,35,,,0,55,,40,35,,,0,15,,20,35,,,0,15,,9,35,,,0,15,,27,35,,,0,55,,6,35,,,0,15,,16,35,,,0,15,,41,35,,,0,15,,32,35,,,0,55,,21,35,,,0,15,,28,35,,,0,15,,8,35,,,0,15,,17,35,,,0,55,,42,35,,,0,13,,10,35,,,0,18,,43,35,,,0,18,,29,35,,,0,49,,22,35,,,0,21,,36,35,,,0,30,,3,35,,,0,70,,1,35,,,0,30,,2,35,,,0,70,,4,35,,,0,30,,5,35,,,0,70,,56,35,,,0,30,,57,35,,,0
100,'Saturday',653,,105,35,,,0,55,,106,35,,,0,15,,107,35,,,0,15,,108,35,,,0,15,,109,35,,,0,55,,110,35,,,0,17,,111,35,,,0,15,,112,35,,,0,15,,113,35,,,0,55,,114,35,,,0,16,,115,35,,,0,16,,116,35,,,0,15,,117,35,,,0,55,,94,35,,,0,15,,81,35,,,0,15,,88,35,,,0,15,,71,35,,,0,55,,95,35,,,0,15,,79,35,,,0,13,,118,35,,,0,14,,82,35,,,0,54,,78,35,,,0,14,,72,35,,,0,14,,96,35,,,0,14,,103,35,,,0,54,,83,35,,,0,14,,119,35,,,0,14,,77,35,,,0,14,,73,35,,,0,54,,69,35,,,0,14,,70,35,,,0,14,,84,35,,,0,14,,101,35,,,0,14,,120,35,,,0,54,,97,35,,,0,14,,91,35,,,0,14,,93,35,,,0,14,,85,35,,,0,54,,68,35,,,0,14,,74,35,,,0,14,,121,35,,,0,15,,98,35,,,0,53,,90,35,,,0,15,,80,35,,,0,14,,86,35,,,0,15,,89,35,,,0,13,,75,35,,,0,53,,99,35,,,0,12,,104,35,,,0,15,,92,35,,,0,15,,87,35,,,0,55,,102,35,,,0,15,,76,35,,,0,18,,100,35,,,0,58,,58,35,,,0,30,,62,35,,,0,70,,65,35,,,0,30,,59,35,,,0,70,,63,35,,,0,30,,66,35,,,0,70,,60,35,,,0,30,,64,35,,,0,29,,67,35,,,0,67,,61,35,,,0
100,'Sunday',653,,166,35,,,0,55,,167,35,,,0,15,,168,35,,,0,15,,169,35,,,0,15,,170,35,,,0,55,,171,35,,,0,17,,172,35,,,0,15,,173,35,,,0,15,,174,35,,,0,55,,175,35,,,0,16,,176,35,,,0,16,,177,35,,,0,15,,178,35,,,0,55,,155,35,,,0,15,,142,35,,,0,15,,149,35,,,0,15,,132,35,,,0,55,,156,35,,,0,15,,140,35,,,0,13,,179,35,,,0,14,,143,35,,,0,54,,139,35,,,0,14,,133,35,,,0,14,,157,35,,,0,14,,164,35,,,0,54,,144,35,,,0,14,,180,35,,,0,14,,138,35,,,0,14,,134,35,,,0,54,,130,35,,,0,14,,131,35,,,0,14,,145,35,,,0,14,,162,35,,,0,14,,181,35,,,0,54,,158,35,,,0,14,,152,35,,,0,14,,154,35,,,0,14,,146,35,,,0,54,,129,35,,,0,14,,135,35,,,0,14,,182,35,,,0,15,,159,35,,,0,53,,151,35,,,0,15,,141,35,,,0,14,,147,35,,,0,15,,150,35,,,0,13,,136,35,,,0,53,,160,35,,,0,12,,165,35,,,0,15,,153,35,,,0,15,,148,35,,,0,55,,163,35,,,0,15,,137,35,,,0,18,,161,35,,,0,58,,122,35,,,0,30,,125,35,,,0,70,,127,35,,,0,30,,123,35,,,0,70,,126,35,,,0,30,,128,35,,,0,70,,124,35,,,0
100,'Weekday',508,,271,35,,,0,15,,272,35,,,0,12,,273,35,,,0,12,,274,35,,,0,12,,275,35,,,0,52,,276,35,,,0,14,,277,35,,,0,12,,278,35,,,0,12,,263,35,,,0,52,,264,35,,,0,12,,267,35,,,0,15,,279,35,,,0,12,,268,35,,,0,12,,269,35,,,0,52,,265,35,,,0,12,,270,35,,,0,12,,266,35,,,0,12,,208,35,,,0,12,,201,35,,,0,52,,228,35,,,0,12,,204,35,,,0,12,,216,35,,,0,12,,200,35,,,0,12,,205,35,,,0,52,,203,35,,,0,12,,207,35,,,0,12,,202,35,,,0,12,,215,35,,,0,12,,206,35,,,0,52,,209,35,,,0,12,,221,35,,,0,12,,210,35,,,0,13,,214,35,,,0,12,,222,35,,,0,52,,227,35,,,0,12,,220,35,,,0,13,,226,35,,,0,13,,219,35,,,0,12,,211,35,,,0,52,,212,35,,,0,12,,223,35,,,0,11,,224,35,,,0,12,,213,35,,,0,13,,225,35,,,0,51,,218,35,,,0,12,,282,35,,,0,12,,217,35,,,0,10,,260,35,,,0,11,,261,35,,,0,51,,262,35,,,0,11,,259,35,,,0,10,,247,35,,,0,10,,280,35,,,0,11,,248,35,,,0,11,,249,35,,,0,50,,250,35,,,0,10,,251,35,,,0,10,,252,35,,,0,10,,237,35,,,0,11,,239,35,,,0,11,,231,35,,,0,51,,238,35,,,0,11,,233,35,,,0,10,,240,35,,,0,12,,243,35,,,0,11,,241,35,,,0,51,,245,35,,,0,11,,236,35,,,0,10,,246,35,,,0,7,,232,35,,,0,9,,234,35,,,0,9,,235,35,,,0,10,,244,35,,,0,50,,242,35,,,0,10,,258,35,,,0,11,,253,35,,,0,12,,257,35,,,0,12,,254,35,,,0,52,,256,35,,,0,12,,255,35,,,0,12,,281,35,,,0,10,,183,35,,,0,15,,184,35,,,0,52,,185,35,,,0,14,,186,35,,,0,11,,187,35,,,0,19,,188,35,,,0,55,,189,35,,,0,14,,190,35,,,0,15,,197,35,,,0,15,,191,35,,,0,55,,198,35,,,0,20,,192,35,,,0,15,,195,35,,,0,15,,193,35,,,0,55,,196,35,,,0,15,,194,35,,,0,15,,230,35,,,0,15,,199,35,,,0,55,,229,35,,,0
600,'Holiday21111111',850,,1309,4,,,0,106,,1310,4,,,0,100,,1311,4,,,0,100,,1312,4,,,0,100,,1313,4,,,0,100,,1314,4,,,0,102,,1315,4,,,0,100,,1316,4,,,0,100,,1317,4,,,0,100,,1318,4,,,0,101,,1319,4,,,0,143,,1320,4,,,0
600,'Saturday',750,,1335,4,,,0,100,,1334,4,,,0,106,,1333,4,,,0,100,,1332,4,,,0,100,,1331,4,,,0,100,,1330,4,,,0,100,,1329,4,,,0,100,,1328,4,,,0,100,,1327,4,,,0,100,,1326,4,,,0,100,,1325,4,,,0,100,,1324,4,,,0,100,,1323,4,,,0,100,,1322,4,,,0,100,,1321,4,,,0
600,'Sunday',850,,1336,4,,,0,106,,1337,4,,,0,100,,1338,4,,,0,100,,1339,4,,,0,100,,1340,4,,,0,100,,1341,4,,,0,102,,1342,4,,,0,100,,1343,4,,,0,100,,1344,4,,,0,100,,1345,4,,,0,100,,1346,4,,,0,100,,1347,4,,,0
600,'Weekday',557,,1348,4,,,0,70,,1349,4,,,0,30,,1350,4,,,0,71,,1351,4,,,0,25,,1352,4,,,0,75,,1353,4,,,0,30,,1354,4,,,0,70,,1355,4,,,0,30,,1356,4,,,0,70,,1357,4,,,0,30,,1358,4,,,0,70,,1359,4,,,0,30,,1360,4,,,0,70,,1361,4,,,0,30,,1362,4,,,0,70,,1363,4,,,0,30,,1364,4,,,0,65,,1365,4,,,0,35,,1366,4,,,0,70,,1367,4,,,0,31,,1368,4,,,0,70,,1369,4,,,0,74,,1370,4,,,0,30,,1371,4,,,0,69,,1372,4,,,0,30,,1373,4,,,0,26,,1374,4,,,0,70,,1375,4,,,0,30,,1376,4,,,0,100,,1377,4,,,0,100,,1378,4,,,0
5100,'Saturday',2304,,2649,4,,,0,97,,2648,4,,,0,55,,2647,4,,,0
5100,'Weekday',2304,,2652,4,,,0,97,,2651,4,,,0,55,,2650,4,,,0
8000,'Weekday',554,,2691,4,,,0,70,,2687,4,,,0,30,,2692,4,,,0,71,,2688,4,,,0,30,,2693,4,,,0,70,,2689,4,,,0,31,,2694,4,,,0,70,,2690,4,,,0,30,,2695,4,,,0,70,,2669,4,,,0,30,,2678,4,,,0,70,,2670,4,,,0,74,,2679,4,,,0,28,,2671,4,,,0,30,,2680,4,,,0,70,,2672,4,,,0,30,,2681,4,,,0,70,,2673,4,,,0,30,,2682,4,,,0,71,,2674,4,,,0,30,,2683,4,,,0,68,,2675,4,,,0,29,,2684,4,,,0,73,,2676,4,,,0,29,,2685,4,,,0,72,,2677,4,,,0,29,,2686,4,,,0
8100,'Weekday',538,,2732,4,,,0,70,,2737,4,,,0,31,,2733,4,,,0,70,,2738,4,,,0,30,,2734,4,,,0,73,,2739,4,,,0,33,,2735,4,,,0,72,,2740,4,,,0,30,,2736,4,,,0,70,,2743,4,,,0,30,,2744,4,,,0,70,,2745,4,,,0,30,,2746,4,,,0,69,,2747,4,,,0,30,,2748,4,,,0,70,,2749,4,,,0,30,,2750,4,,,0,66,,2751,4,,,0,30,,2752,4,,,0,66,,2741,4,,,0,30,,2742,4,,,0,67,,2726,4,,,0,29,,2730,4,,,0,76,,2728,4,,,0,29,,2727,4,,,0,76,,2731,4,,,0,29,,2729,4,,,0
