200,'Holiday21111111',802,,566,20,,,0,100,,567,20,,,0,32,,590,20,,,0,70,,568,20,,,0,30,,579,20,,,0,70,,569,20,,,0,30,,580,20,,,0,70,,570,20,,,0,30,,581,20,,,0,70,,571,20,,,0,30,,582,20,,,0,70,,572,20,,,0,30,,583,20,,,0,70,,573,20,,,0,30,,584,20,,,0,70,,574,20,,,0,30,,585,20,,,0,70,,575,20,,,0,30,,586,20,,,0,70,,576,20,,,0,28,,587,20,,,0,70,,577,20,,,0,33,,588,20,,,0,70,,578,20,,,0,30,,589,20,,,0,70,,591,20,,,0,30,,592,20,,,0
200,'Saturday',632,,593,20,,,0,100,,594,20,,,0,100,,595,20,,,0,101,,596,20,,,0,70,,609,20,,,0,20,,597,20,,,0,20,,623,20,,,0,60,,610,20,,,0,20,,598,20,,,0,20,,624,20,,,0,60,,611,20,,,0,20,,599,20,,,0,20,,625,20,,,0,65,,612,20,,,0,20,,600,20,,,0,20,,626,20,,,0,60,,613,20,,,0,20,,601,20,,,0,20,,627,20,,,0,60,,614,20,,,0,25,,602,20,,,0,20,,628,20,,,0,60,,615,20,,,0,20,,603,20,,,0,20,,629,20,,,0,60,,616,20,,,0,20,,604,20,,,0,70,,617,20,,,0,30,,605,20,,,0,70,,618,20,,,0,29,,606,20,,,0,70,,619,20,,,0,30,,607,20,,,0,70,,620,20,,,0,30,,608,20,,,0,70,,621,20,,,0
200,'Sunday',802,,630,20,,,0,100,,631,20,,,0,101,,632,20,,,0,20,,643,20,,,0,20,,656,20,,,0,60,,633,20,,,0,20,,644,20,,,0,20,,657,20,,,0,60,,634,20,,,0,20,,645,20,,,0,20,,658,20,,,0,65,,635,20,,,0,20,,646,20,,,0,20,,659,20,,,0,60,,636,20,,,0,20,,647,20,,,0,20,,660,20,,,0,60,,637,20,,,0,25,,648,20,,,0,20,,661,20,,,0,60,,638,20,,,0,20,,649,20,,,0,20,,662,20,,,0,60,,639,20,,,0,20,,650,20,,,0,70,,640,20,,,0,30,,651,20,,,0,70,,641,20,,,0,29,,652,20,,,0,70,,642,20,,,0,30,,653,20,,,0,70,,654,20,,,0,30,,655,20,,,0
200,'Weekday',458,,663,20,,,0,70,,665,20,,,0,30,,667,20,,,0,68,,696,20,,,0,15,,669,20,,,0,15,,670,20,,,0,55,,697,20,,,0,17,,671,20,,,0,15,,672,20,,,0,15,,673,20,,,0,56,,674,20,,,0,15,,675,20,,,0,15,,698,20,,,0,15,,676,20,,,0,55,,699,20,,,0,15,,677,20,,,0,16,,678,20,,,0,14,,700,20,,,0,55,,701,20,,,0,15,,702,20,,,0,15,,679,20,,,0,15,,703,20,,,0,55,,704,20,,,0,17,,680,20,,,0,15,,705,20,,,0,55,,681,20,,,0,15,,682,20,,,0,15,,706,20,,,0,15,,707,20,,,0,55,,683,20,,,0,15,,684,20,,,0,15,,708,20,,,0,15,,709,20,,,0,55,,685,20,,,0,15,,710,20,,,0,15,,711,20,,,0,15,,686,20,,,0,55,,712,20,,,0,15,,713,20,,,0,15,,714,20,,,0,15,,687,20,,,0,55,,688,20,,,0,15,,689,20,,,0,15,,715,20,,,0,15,,716,20,,,0,55,,717,20,,,0,15,,718,20,,,0,15,,690,20,,,0,15,,719,20,,,0,56,,691,20,,,0,15,,720,20,,,0,12,,692,20,,,0,15,,721,20,,,0,59,,722,20,,,0,30,,723,20,,,0,70,,695,20,,,0,30,,693,20,,,0,70,,664,20,,,0,30,,694,20,,,0,72,,666,20,,,0,28,,668,20,,,0
1200,'Holiday21111111',831,,2135,9,,,0,70,,2134,9,,,0,30,,2136,9,,,0,73,,2133,9,,,0,27,,2137,9,,,0,70,,2132,9,,,0,30,,2138,9,,,0,70,,2131,9,,,0,30,,2139,9,,,0,70,,2130,9,,,0,30,,2140,9,,,0,73,,2129,9,,,0,27,,2141,9,,,0,70,,2128,9,,,0,30,,2142,9,,,0,70,,2127,9,,,0,30,,2143,9,,,0,70,,2126,9,,,0,30,,2144,9,,,0,73,,2125,9,,,0,30,,2145,9,,,0,70,,2146,9,,,0,30,,2147,9,,,0,70,,2148,9,,,0,30,,2149,9,,,0,70,,2150,9,,,0,30,,2151,9,,,0
1200,'Saturday',759,,2166,9,,,0,70,,2167,9,,,0,30,,2165,9,,,0,70,,2168,9,,,0,75,,2164,9,,,0,25,,2169,9,,,0,30,,2163,9,,,0,70,,2170,9,,,0,30,,2162,9,,,0,70,,2171,9,,,0,30,,2161,9,,,0,70,,2172,9,,,0,75,,2160,9,,,0,25,,2173,9,,,0,30,,2159,9,,,0,70,,2174,9,,,0,30,,2158,9,,,0,70,,2175,9,,,0,30,,2157,9,,,0,70,,2176,9,,,0,30,,2156,9,,,0,70,,2177,9,,,0,30,,2155,9,,,0,70,,2178,9,,,0,30,,2154,9,,,0,70,,2179,9,,,0,30,,2153,9,,,0,70,,2180,9,,,0,30,,2152,9,,,0
1200,'Sunday',829,,2191,9,,,0,30,,2190,9,,,0,70,,2192,9,,,0,75,,2189,9,,,0,25,,2193,9,,,0,30,,2188,9,,,0,70,,2194,9,,,0,30,,2187,9,,,0,70,,2195,9,,,0,30,,2186,9,,,0,70,,2196,9,,,0,75,,2185,9,,,0,25,,2197,9,,,0,30,,2184,9,,,0,70,,2198,9,,,0,30,,2183,9,,,0,70,,2199,9,,,0,30,,2182,9,,,0,70,,2200,9,,,0,75,,2181,9,,,0,30,,2201,9,,,0,70,,2202,9,,,0,30,,2203,9,,,0,70,,2204,9,,,0,30,,2205,9,,,0,70,,2206,9,,,0,30,,2207,9,,,0
1200,'Weekday',535,,2228,9,,,0,70,,2215,9,,,0,30,,2229,9,,,0,70,,2220,9,,,0,30,,2230,9,,,0,71,,2227,9,,,0,30,,2231,9,,,0,70,,2221,9,,,0,30,,2232,9,,,0,70,,2216,9,,,0,30,,2233,9,,,0,70,,2222,9,,,0,30,,2234,9,,,0,70,,2219,9,,,0,30,,2235,9,,,0,70,,2223,9,,,0,30,,2214,9,,,0,70,,2236,9,,,0,20,,2217,9,,,0,20,,2208,9,,,0,65,,2237,9,,,0,25,,2224,9,,,0,20,,2225,9,,,0,65,,2226,9,,,0,25,,2243,9,,,0,60,,2244,9,,,0,30,,2209,9,,,0,70,,2211,9,,,0,30,,2218,9,,,0,67,,2238,9,,,0,30,,2212,9,,,0,70,,2239,9,,,0,29,,2210,9,,,0,70,,2240,9,,,0,30,,2213,9,,,0,70,,2241,9,,,0,30,,2242,9,,,0
5200,'Saturday',2307,,2660,8,,,0,97,,2661,8,,,0,55,,2659,8,,,0
5200,'Weekday',2307,,2664,8,,,0,97,,2663,8,,,0,55,,2662,8,,,0
