201,'Holiday21111111',747,,6496,24,,,0,100,,6497,24,,,0,70,,6520,24,,,0,30,,6498,24,,,0,70,,6509,24,,,0,30,,6499,24,,,0,70,,6510,24,,,0,30,,6500,24,,,0,70,,6511,24,,,0,30,,6501,24,,,0,70,,6512,24,,,0,30,,6502,24,,,0,70,,6513,24,,,0,30,,6503,24,,,0,70,,6514,24,,,0,30,,6504,24,,,0,70,,6515,24,,,0,30,,6505,24,,,0,70,,6516,24,,,0,30,,6506,24,,,0,72,,6517,24,,,0,30,,6507,24,,,0,70,,6518,24,,,0,33,,6508,24,,,0,70,,6519,24,,,0,30,,6522,24,,,0,70,,6523,24,,,0,30,,6521,24,,,0
201,'Holiday3-505-1111111',647,,6524,24,,,0,100,,6525,24,,,0,100,,6526,24,,,0,70,,6554,24,,,0,30,,6527,24,,,0,72,,6541,24,,,0,20,,6528,24,,,0,20,,6555,24,,,0,60,,6542,24,,,0,20,,6529,24,,,0,20,,6556,24,,,0,65,,6543,24,,,0,20,,6530,24,,,0,60,,6557,24,,,0,20,,6544,24,,,0,20,,6531,24,,,0,60,,6558,24,,,0,20,,6545,24,,,0,20,,6532,24,,,0,65,,6559,24,,,0,20,,6546,24,,,0,20,,6533,24,,,0,60,,6560,24,,,0,20,,6547,24,,,0,20,,6534,24,,,0,60,,6561,24,,,0,20,,6548,24,,,0,20,,6535,24,,,0,68,,6549,24,,,0,30,,6536,24,,,0,70,,6550,24,,,0,30,,6537,24,,,0,70,,6551,24,,,0,30,,6538,24,,,0,70,,6552,24,,,0,30,,6539,24,,,0,70,,6553,24,,,0,30,,6540,24,,,0
201,'Saturday',647,,6562,24,,,0,100,,6563,24,,,0,100,,6564,24,,,0,70,,6592,24,,,0,30,,6565,24,,,0,72,,6579,24,,,0,20,,6566,24,,,0,20,,6593,24,,,0,60,,6580,24,,,0,20,,6567,24,,,0,20,,6594,24,,,0,65,,6581,24,,,0,20,,6568,24,,,0,60,,6595,24,,,0,20,,6582,24,,,0,20,,6569,24,,,0,60,,6596,24,,,0,20,,6583,24,,,0,20,,6570,24,,,0,65,,6597,24,,,0,20,,6584,24,,,0,20,,6571,24,,,0,60,,6598,24,,,0,20,,6585,24,,,0,20,,6572,24,,,0,60,,6599,24,,,0,20,,6586,24,,,0,20,,6573,24,,,0,68,,6587,24,,,0,30,,6574,24,,,0,70,,6588,24,,,0,30,,6575,24,,,0,70,,6589,24,,,0,30,,6576,24,,,0,70,,6590,24,,,0,30,,6577,24,,,0,70,,6591,24,,,0,30,,6578,24,,,0
201,'Sunday',747,,6600,24,,,0,100,,6601,24,,,0,70,,6624,24,,,0,30,,6602,24,,,0,72,,6613,24,,,0,20,,6603,24,,,0,20,,6633,24,,,0,60,,6614,24,,,0,20,,6604,24,,,0,20,,6634,24,,,0,65,,6615,24,,,0,20,,6605,24,,,0,60,,6632,24,,,0,20,,6616,24,,,0,20,,6606,24,,,0,60,,6630,24,,,0,20,,6617,24,,,0,20,,6607,24,,,0,65,,6628,24,,,0,20,,6618,24,,,0,20,,6608,24,,,0,60,,6629,24,,,0,20,,6619,24,,,0,20,,6609,24,,,0,60,,6631,24,,,0,20,,6620,24,,,0,20,,6610,24,,,0,68,,6621,24,,,0,30,,6611,24,,,0,70,,6622,24,,,0,30,,6612,24,,,0,70,,6623,24,,,0,30,,6625,24,,,0,70,,6626,24,,,0,30,,6627,24,,,0
201,'Weekday',516,,6659,24,,,0,27,,6660,24,,,0,70,,6661,24,,,0,15,,6662,24,,,0,15,,6636,24,,,0,15,,6663,24,,,0,55,,6664,24,,,0,16,,6637,24,,,0,15,,6665,24,,,0,15,,6638,24,,,0,55,,6639,24,,,0,15,,6666,24,,,0,15,,6667,24,,,0,15,,6668,24,,,0,55,,6640,24,,,0,15,,6669,24,,,0,15,,6641,24,,,0,60,,6670,24,,,0,15,,6671,24,,,0,15,,6672,24,,,0,15,,6673,24,,,0,55,,6642,24,,,0,15,,6674,24,,,0,15,,6675,24,,,0,15,,6643,24,,,0,55,,6676,24,,,0,15,,6677,24,,,0,15,,6644,24,,,0,15,,6678,24,,,0,55,,6645,24,,,0,15,,6679,24,,,0,15,,6646,24,,,0,15,,6647,24,,,0,55,,6680,24,,,0,15,,6681,24,,,0,15,,6648,24,,,0,15,,6682,24,,,0,55,,6683,24,,,0,17,,6684,24,,,0,15,,6685,24,,,0,15,,6649,24,,,0,55,,6686,24,,,0,15,,6650,24,,,0,15,,6687,24,,,0,15,,6651,24,,,0,55,,6688,24,,,0,15,,6689,24,,,0,15,,6690,24,,,0,15,,6691,24,,,0,55,,6692,24,,,0,13,,6652,24,,,0,17,,6693,24,,,0,16,,6653,24,,,0,69,,6655,24,,,0,30,,6657,24,,,0,70,,6694,24,,,0,30,,6656,24,,,0,70,,6654,24,,,0,30,,6658,24,,,0,70,,6695,24,,,0,30,,6635,24,,,0
1201,'Holiday21111111',817,,8381,29,,,0,100,,8382,29,,,0,30,,8380,29,,,0,70,,8383,29,,,0,33,,8379,29,,,0,67,,8384,29,,,0,30,,8378,29,,,0,70,,8385,29,,,0,30,,8377,29,,,0,70,,8386,29,,,0,30,,8376,29,,,0,70,,8387,29,,,0,33,,8375,29,,,0,67,,8388,29,,,0,30,,8374,29,,,0,70,,8389,29,,,0,30,,8373,29,,,0,70,,8390,29,,,0,30,,8372,29,,,0,73,,8397,29,,,0,30,,8398,29,,,0,70,,8394,29,,,0,30,,8393,29,,,0,69,,8392,29,,,0,30,,8391,29,,,0,70,,8396,29,,,0,30,,8395,29,,,0
1201,'Holiday3-505-1111111',745,,8413,29,,,0,70,,8416,29,,,0,30,,8412,29,,,0,70,,8417,29,,,0,30,,8411,29,,,0,70,,8418,29,,,0,35,,8410,29,,,0,65,,8419,29,,,0,30,,8409,29,,,0,70,,8420,29,,,0,30,,8408,29,,,0,70,,8421,29,,,0,30,,8407,29,,,0,70,,8422,29,,,0,35,,8406,29,,,0,65,,8423,29,,,0,30,,8405,29,,,0,70,,8424,29,,,0,30,,8404,29,,,0,70,,8425,29,,,0,30,,8403,29,,,0,70,,8426,29,,,0,30,,8402,29,,,0,70,,8427,29,,,0,30,,8401,29,,,0,69,,8415,29,,,0,30,,8400,29,,,0,70,,8414,29,,,0,30,,8399,29,,,0,70,,8428,29,,,0
1201,'Saturday',745,,8443,29,,,0,70,,8446,29,,,0,30,,8442,29,,,0,70,,8447,29,,,0,30,,8441,29,,,0,70,,8448,29,,,0,35,,8440,29,,,0,65,,8449,29,,,0,30,,8439,29,,,0,70,,8450,29,,,0,30,,8438,29,,,0,70,,8451,29,,,0,30,,8437,29,,,0,70,,8452,29,,,0,35,,8436,29,,,0,65,,8453,29,,,0,30,,8435,29,,,0,70,,8454,29,,,0,30,,8434,29,,,0,70,,8455,29,,,0,30,,8433,29,,,0,70,,8456,29,,,0,30,,8432,29,,,0,70,,8457,29,,,0,30,,8431,29,,,0,69,,8445,29,,,0,30,,8430,29,,,0,70,,8444,29,,,0,30,,8429,29,,,0,70,,8458,29,,,0
1201,'Sunday',815,,8468,29,,,0,100,,8469,29,,,0,30,,8467,29,,,0,70,,8470,29,,,0,35,,8466,29,,,0,65,,8471,29,,,0,30,,8465,29,,,0,70,,8472,29,,,0,30,,8464,29,,,0,70,,8473,29,,,0,30,,8463,29,,,0,70,,8474,29,,,0,35,,8462,29,,,0,65,,8475,29,,,0,30,,8461,29,,,0,70,,8476,29,,,0,30,,8460,29,,,0,70,,8477,29,,,0,30,,8459,29,,,0,70,,8478,29,,,0,35,,8479,29,,,0,70,,8480,29,,,0,30,,8481,29,,,0,69,,8482,29,,,0,30,,8483,29,,,0,70,,8484,29,,,0,30,,8485,29,,,0
1201,'Weekday',517,,8486,29,,,0,99,,8487,29,,,0,30,,8488,29,,,0,73,,8489,29,,,0,31,,8490,29,,,0,76,,8491,29,,,0,28,,8492,29,,,0,68,,8493,29,,,0,30,,8494,29,,,0,71,,8495,29,,,0,30,,8496,29,,,0,71,,8497,29,,,0,30,,8498,29,,,0,70,,8499,29,,,0,30,,8500,29,,,0,70,,8501,29,,,0,30,,8502,29,,,0,70,,8503,29,,,0,32,,8504,29,,,0,60,,8505,29,,,0,24,,8506,29,,,0,66,,8507,29,,,0,25,,8508,29,,,0,20,,8509,29,,,0,65,,8510,29,,,0,25,,8520,29,,,0,59,,8521,29,,,0,24,,8511,29,,,0,29,,8515,29,,,0,69,,8512,29,,,0,28,,8517,29,,,0,69,,8513,29,,,0,28,,8516,29,,,0,70,,8514,29,,,0,29,,8518,29,,,0,70,,8519,29,,,0
8700,'Weekday',609,,9010,17,,,0,45,,9011,17,,,0,85,,9012,17,,,0,86,,9013,17,,,0,85,,9014,17,,,0,601,,9015,17,,,0,45,,9016,17,,,0,85,,9017,17,,,0,85,,9018,17,,,0,85,,9019,17,,,0,44,,9020,17,,,0
