1000,'Holiday21111111',823,,4292,34,,,0,30,,4286,34,,,0,70,,4291,34,,,0,29,,4283,34,,,0,70,,4285,34,,,0,30,,4263,34,,,0,55,,4251,34,,,0,15,,4254,34,,,0,15,,4273,34,,,0,15,,4271,34,,,0,55,,4264,34,,,0,15,,4270,34,,,0,15,,4255,34,,,0,15,,4274,34,,,0,55,,4262,34,,,0,15,,4265,34,,,0,15,,4280,34,,,0,15,,4256,34,,,0,55,,4275,34,,,0,15,,4269,34,,,0,15,,4266,34,,,0,15,,4260,34,,,0,55,,4257,34,,,0,15,,4276,34,,,0,15,,4253,34,,,0,15,,4267,34,,,0,55,,4279,34,,,0,15,,4258,34,,,0,15,,4277,34,,,0,15,,4272,34,,,0,55,,4268,34,,,0,15,,4252,34,,,0,15,,4259,34,,,0,15,,4278,34,,,0,55,,4261,34,,,0,15,,4250,34,,,0,30,,4281,34,,,0,67,,4287,34,,,0,30,,4282,34,,,0,70,,4288,34,,,0,30,,4284,34,,,0,70,,4289,34,,,0,30,,4290,34,,,0
1000,'Saturday',719,,4299,34,,,0,30,,4300,34,,,0,70,,4301,34,,,0,30,,4302,34,,,0,70,,4303,34,,,0,18,,4343,34,,,0,15,,4304,34,,,0,55,,4305,34,,,0,15,,4306,34,,,0,15,,4307,34,,,0,15,,4308,34,,,0,55,,4309,34,,,0,15,,4310,34,,,0,15,,4311,34,,,0,15,,4312,34,,,0,55,,4313,34,,,0,15,,4314,34,,,0,15,,4315,34,,,0,15,,4316,34,,,0,55,,4317,34,,,0,15,,4318,34,,,0,15,,4319,34,,,0,15,,4320,34,,,0,55,,4321,34,,,0,15,,4322,34,,,0,15,,4323,34,,,0,15,,4324,34,,,0,55,,4325,34,,,0,15,,4326,34,,,0,15,,4327,34,,,0,15,,4328,34,,,0,55,,4329,34,,,0,15,,4330,34,,,0,15,,4331,34,,,0,15,,4332,34,,,0,55,,4333,34,,,0,15,,4334,34,,,0,15,,4335,34,,,0,15,,4336,34,,,0,55,,4337,34,,,0,15,,4338,34,,,0,15,,4339,34,,,0,15,,4340,34,,,0,67,,4341,34,,,0,30,,4342,34,,,0,70,,4295,34,,,0,30,,4293,34,,,0,70,,4297,34,,,0,30,,4296,34,,,0,70,,4294,34,,,0,30,,4298,34,,,0
1000,'Sunday',823,,4386,34,,,0,30,,4380,34,,,0,70,,4385,34,,,0,29,,4377,34,,,0,70,,4379,34,,,0,30,,4357,34,,,0,55,,4345,34,,,0,15,,4348,34,,,0,15,,4367,34,,,0,15,,4365,34,,,0,55,,4358,34,,,0,15,,4364,34,,,0,15,,4349,34,,,0,15,,4368,34,,,0,55,,4356,34,,,0,15,,4359,34,,,0,15,,4374,34,,,0,15,,4350,34,,,0,55,,4369,34,,,0,15,,4363,34,,,0,15,,4360,34,,,0,15,,4354,34,,,0,55,,4351,34,,,0,15,,4370,34,,,0,15,,4347,34,,,0,15,,4361,34,,,0,55,,4373,34,,,0,15,,4352,34,,,0,15,,4371,34,,,0,15,,4366,34,,,0,55,,4362,34,,,0,15,,4346,34,,,0,15,,4353,34,,,0,15,,4372,34,,,0,55,,4355,34,,,0,15,,4344,34,,,0,30,,4375,34,,,0,67,,4381,34,,,0,30,,4376,34,,,0,70,,4382,34,,,0,30,,4378,34,,,0,70,,4383,34,,,0,30,,4384,34,,,0
1000,'Weekday',513,,4397,34,,,0,30,,4406,34,,,0,66,,4392,34,,,0,27,,4423,34,,,0,15,,4420,34,,,0,57,,4424,34,,,0,15,,4416,34,,,0,14,,4425,34,,,0,15,,4401,34,,,0,55,,4426,34,,,0,12,,4407,34,,,0,17,,4427,34,,,0,15,,4387,34,,,0,55,,4428,34,,,0,15,,4413,34,,,0,15,,4429,34,,,0,15,,4422,34,,,0,55,,4430,34,,,0,15,,4419,34,,,0,15,,4431,34,,,0,15,,4408,34,,,0,55,,4432,34,,,0,15,,4404,34,,,0,15,,4433,34,,,0,15,,4396,34,,,0,55,,4434,34,,,0,18,,4405,34,,,0,12,,4435,34,,,0,15,,4391,34,,,0,55,,4436,34,,,0,15,,4409,34,,,0,15,,4437,34,,,0,15,,4421,34,,,0,55,,4438,34,,,0,16,,4395,34,,,0,15,,4439,34,,,0,15,,4418,34,,,0,57,,4440,34,,,0,15,,4415,34,,,0,15,,4441,34,,,0,15,,4410,34,,,0,56,,4442,34,,,0,12,,4414,34,,,0,16,,4443,34,,,0,14,,4403,34,,,0,58,,4444,34,,,0,15,,4398,34,,,0,15,,4445,34,,,0,15,,4400,34,,,0,55,,4446,34,,,0,12,,4411,34,,,0,15,,4447,34,,,0,12,,4399,34,,,0,55,,4448,34,,,0,15,,4394,34,,,0,30,,4417,34,,,0,70,,4402,34,,,0,30,,4412,34,,,0,70,,4388,34,,,0,30,,4390,34,,,0,69,,4393,34,,,0,30,,4389,34,,,0
2501,'Holiday21111111',757,,5312,23,,,0,70,,5301,23,,,0,30,,5313,23,,,0,70,,5302,23,,,0,30,,5314,23,,,0,70,,5303,23,,,0,30,,5315,23,,,0,70,,5304,23,,,0,30,,5316,23,,,0,70,,5305,23,,,0,30,,5317,23,,,0,70,,5306,23,,,0,30,,5318,23,,,0,70,,5307,23,,,0,30,,5319,23,,,0,70,,5308,23,,,0,30,,5320,23,,,0,70,,5309,23,,,0,30,,5321,23,,,0,70,,5310,23,,,0,30,,5322,23,,,0,70,,5311,23,,,0,30,,5323,23,,,0,70,,5324,23,,,0,30,,5325,23,,,0,70,,5326,23,,,0,30,,5327,23,,,0,70,,5328,23,,,0
2501,'Saturday',727,,5341,23,,,0,30,,5342,23,,,0,70,,5340,23,,,0,30,,5343,23,,,0,70,,5339,23,,,0,30,,5344,23,,,0,70,,5338,23,,,0,30,,5345,23,,,0,70,,5337,23,,,0,30,,5346,23,,,0,70,,5336,23,,,0,30,,5347,23,,,0,70,,5335,23,,,0,30,,5348,23,,,0,70,,5334,23,,,0,30,,5349,23,,,0,70,,5333,23,,,0,30,,5350,23,,,0,70,,5332,23,,,0,30,,5351,23,,,0,70,,5331,23,,,0,30,,5352,23,,,0,70,,5330,23,,,0,30,,5353,23,,,0,70,,5329,23,,,0,30,,5354,23,,,0,70,,5356,23,,,0,30,,5355,23,,,0,70,,5357,23,,,0,30,,5358,23,,,0
2501,'Sunday',757,,5370,23,,,0,70,,5359,23,,,0,30,,5371,23,,,0,70,,5360,23,,,0,30,,5372,23,,,0,70,,5361,23,,,0,30,,5373,23,,,0,70,,5362,23,,,0,30,,5374,23,,,0,70,,5363,23,,,0,30,,5375,23,,,0,70,,5364,23,,,0,30,,5376,23,,,0,70,,5365,23,,,0,30,,5377,23,,,0,70,,5366,23,,,0,30,,5378,23,,,0,70,,5367,23,,,0,30,,5379,23,,,0,70,,5368,23,,,0,30,,5380,23,,,0,70,,5369,23,,,0,30,,5381,23,,,0,70,,5382,23,,,0,30,,5383,23,,,0,70,,5384,23,,,0,30,,5385,23,,,0,70,,5386,23,,,0
2501,'Weekday',521,,5387,23,,,0,35,,5388,23,,,0,65,,5389,23,,,0,25,,5390,23,,,0,71,,5391,23,,,0,15,,5392,23,,,0,15,,5393,23,,,0,55,,5394,23,,,0,16,,5395,23,,,0,15,,5396,23,,,0,15,,5397,23,,,0,56,,5398,23,,,0,30,,5399,23,,,0,70,,5400,23,,,0,30,,5401,23,,,0,70,,5402,23,,,0,30,,5403,23,,,0,70,,5404,23,,,0,30,,5405,23,,,0,70,,5406,23,,,0,30,,5407,23,,,0,70,,5408,23,,,0,28,,5409,23,,,0,16,,5410,23,,,0,55,,5411,23,,,0,17,,5412,23,,,0,15,,5413,23,,,0,15,,5414,23,,,0,55,,5415,23,,,0,15,,5416,23,,,0,15,,5417,23,,,0,15,,5418,23,,,0,55,,5419,23,,,0,14,,5420,23,,,0,15,,5421,23,,,0,15,,5422,23,,,0,55,,5423,23,,,0,30,,5424,23,,,0,70,,5425,23,,,0,28,,5426,23,,,0,70,,5427,23,,,0,30,,5428,23,,,0,70,,5429,23,,,0,30,,5430,23,,,0,70,,5431,23,,,0,29,,5432,23,,,0,70,,5433,23,,,0,28,,5434,23,,,0
5000,'Saturday',2319,,5440,33,,,0,97,,5439,33,,,0,95,,5441,33,,,0
5000,'Weekday',2319,,5443,33,,,0,97,,5442,33,,,0,95,,5444,33,0,8 4 9 10,0
