200,'Holiday21111111',810,,3368,38,,,0,100,,3369,38,,,0,32,,3392,38,,,0,70,,3370,38,,,0,30,,3381,38,,,0,70,,3371,38,,,0,30,,3382,38,,,0,70,,3372,38,,,0,30,,3383,38,,,0,70,,3373,38,,,0,30,,3384,38,,,0,70,,3374,38,,,0,30,,3385,38,,,0,70,,3375,38,,,0,30,,3386,38,,,0,70,,3376,38,,,0,30,,3387,38,,,0,70,,3377,38,,,0,30,,3388,38,,,0,70,,3378,38,,,0,28,,3389,38,,,0,70,,3379,38,,,0,33,,3390,38,,,0,70,,3380,38,,,0,30,,3391,38,,,0,70,,3393,38,,,0,30,,3394,38,,,0
200,'Saturday',640,,3395,38,,,0,100,,3396,38,,,0,100,,3397,38,,,0,102,,3398,38,,,0,70,,3411,38,,,0,20,,3399,38,,,0,20,,3425,38,,,0,60,,3412,38,,,0,20,,3400,38,,,0,20,,3426,38,,,0,60,,3413,38,,,0,20,,3401,38,,,0,20,,3427,38,,,0,65,,3414,38,,,0,20,,3402,38,,,0,20,,3428,38,,,0,60,,3415,38,,,0,20,,3403,38,,,0,20,,3429,38,,,0,60,,3416,38,,,0,25,,3404,38,,,0,60,,3430,38,,,0,20,,3417,38,,,0,20,,3405,38,,,0,60,,3431,38,,,0,20,,3418,38,,,0,20,,3406,38,,,0,70,,3419,38,,,0,30,,3407,38,,,0,70,,3420,38,,,0,28,,3408,38,,,0,70,,3421,38,,,0,30,,3409,38,,,0,70,,3422,38,,,0,30,,3410,38,,,0,70,,3423,38,,,0
200,'Sunday',810,,3432,38,,,0,100,,3433,38,,,0,102,,3434,38,,,0,20,,3445,38,,,0,20,,3458,38,,,0,60,,3435,38,,,0,20,,3446,38,,,0,20,,3459,38,,,0,60,,3436,38,,,0,20,,3447,38,,,0,20,,3460,38,,,0,65,,3437,38,,,0,20,,3448,38,,,0,20,,3461,38,,,0,60,,3438,38,,,0,20,,3449,38,,,0,20,,3462,38,,,0,60,,3439,38,,,0,25,,3450,38,,,0,60,,3463,38,,,0,20,,3440,38,,,0,20,,3451,38,,,0,60,,3464,38,,,0,20,,3441,38,,,0,20,,3452,38,,,0,70,,3442,38,,,0,30,,3453,38,,,0,70,,3443,38,,,0,28,,3454,38,,,0,70,,3444,38,,,0,30,,3455,38,,,0,70,,3456,38,,,0,30,,3457,38,,,0
200,'Weekday',506,,3465,38,,,0,30,,3467,38,,,0,70,,3469,38,,,0,28,,3498,38,,,0,15,,3471,38,,,0,55,,3472,38,,,0,15,,3499,38,,,0,18,,3473,38,,,0,15,,3474,38,,,0,55,,3475,38,,,0,16,,3476,38,,,0,15,,3477,38,,,0,15,,3500,38,,,0,55,,3478,38,,,0,15,,3501,38,,,0,15,,3479,38,,,0,16,,3480,38,,,0,54,,3502,38,,,0,15,,3503,38,,,0,15,,3504,38,,,0,15,,3481,38,,,0,55,,3505,38,,,0,15,,3506,38,,,0,17,,3482,38,,,0,15,,3507,38,,,0,55,,3483,38,,,0,15,,3484,38,,,0,15,,3508,38,,,0,15,,3509,38,,,0,55,,3485,38,,,0,15,,3486,38,,,0,15,,3510,38,,,0,15,,3511,38,,,0,55,,3487,38,,,0,15,,3512,38,,,0,15,,3513,38,,,0,15,,3488,38,,,0,55,,3514,38,,,0,15,,3515,38,,,0,15,,3516,38,,,0,15,,3489,38,,,0,55,,3490,38,,,0,15,,3491,38,,,0,15,,3517,38,,,0,15,,3518,38,,,0,55,,3519,38,,,0,15,,3520,38,,,0,15,,3492,38,,,0,15,,3521,38,,,0,56,,3493,38,,,0,15,,3522,38,,,0,12,,3494,38,,,0,15,,3523,38,,,0,59,,3524,38,,,0,30,,3525,38,,,0,70,,3497,38,,,0,30,,3495,38,,,0,70,,3466,38,,,0,30,,3496,38,,,0,72,,3468,38,,,0,27,,3470,38,,,0
300,'Holiday21111111',824,,3689,36,,,0,100,,3690,36,,,0,30,,3702,36,,,0,72,,3691,36,,,0,30,,3703,36,,,0,70,,3692,36,,,0,30,,3704,36,,,0,70,,3693,36,,,0,30,,3705,36,,,0,70,,3694,36,,,0,30,,3706,36,,,0,70,,3695,36,,,0,30,,3707,36,,,0,70,,3696,36,,,0,30,,3708,36,,,0,70,,3697,36,,,0,30,,3709,36,,,0,70,,3698,36,,,0,30,,3710,36,,,0,68,,3699,36,,,0,32,,3711,36,,,0,71,,3700,36,,,0,29,,3712,36,,,0,73,,3701,36,,,0,30,,3713,36,,,0,69,,3714,36,,,0
300,'Saturday',724,,3715,36,,,0,100,,3716,36,,,0,100,,3717,36,,,0,30,,3731,36,,,0,72,,3718,36,,,0,30,,3732,36,,,0,60,,3719,36,,,0,20,,3744,36,,,0,20,,3733,36,,,0,60,,3720,36,,,0,20,,3745,36,,,0,65,,3734,36,,,0,20,,3721,36,,,0,20,,3746,36,,,0,60,,3735,36,,,0,20,,3722,36,,,0,20,,3747,36,,,0,60,,3736,36,,,0,20,,3723,36,,,0,25,,3748,36,,,0,60,,3737,36,,,0,20,,3724,36,,,0,20,,3749,36,,,0,60,,3738,36,,,0,20,,3725,36,,,0,30,,3739,36,,,0,68,,3726,36,,,0,30,,3740,36,,,0,70,,3727,36,,,0,30,,3741,36,,,0,70,,3728,36,,,0,30,,3742,36,,,0,69,,3729,36,,,0,30,,3743,36,,,0,70,,3730,36,,,0
300,'Sunday',824,,3750,36,,,0,100,,3751,36,,,0,30,,3763,36,,,0,72,,3752,36,,,0,30,,3764,36,,,0,60,,3753,36,,,0,20,,3776,36,,,0,20,,3765,36,,,0,60,,3754,36,,,0,20,,3777,36,,,0,65,,3766,36,,,0,20,,3755,36,,,0,20,,3778,36,,,0,60,,3767,36,,,0,20,,3756,36,,,0,20,,3781,36,,,0,60,,3768,36,,,0,20,,3757,36,,,0,25,,3779,36,,,0,60,,3769,36,,,0,20,,3758,36,,,0,20,,3780,36,,,0,60,,3770,36,,,0,20,,3759,36,,,0,30,,3771,36,,,0,68,,3760,36,,,0,30,,3772,36,,,0,70,,3761,36,,,0,30,,3773,36,,,0,70,,3762,36,,,0,30,,3774,36,,,0,69,,3775,36,,,0
300,'Weekday',551,,3782,36,,,0,71,,3824,36,,,0,14,,3825,36,,,0,15,,3784,36,,,0,55,,3785,36,,,0,16,,3786,36,,,0,17,,3826,36,,,0,13,,3827,36,,,0,55,,3787,36,,,0,16,,3788,36,,,0,15,,3789,36,,,0,15,,3790,36,,,0,55,,3791,36,,,0,17,,3828,36,,,0,15,,3792,36,,,0,15,,3829,36,,,0,55,,3793,36,,,0,20,,3794,36,,,0,18,,3795,36,,,0,55,,3796,36,,,0,15,,3830,36,,,0,15,,3797,36,,,0,15,,3798,36,,,0,55,,3799,36,,,0,15,,3831,36,,,0,15,,3800,36,,,0,15,,3832,36,,,0,55,,3801,36,,,0,15,,3802,36,,,0,15,,3833,36,,,0,15,,3834,36,,,0,55,,3835,36,,,0,15,,3836,36,,,0,15,,3837,36,,,0,15,,3803,36,,,0,55,,3804,36,,,0,15,,3805,36,,,0,15,,3806,36,,,0,15,,3807,36,,,0,57,,3838,36,,,0,15,,3808,36,,,0,15,,3839,36,,,0,15,,3840,36,,,0,54,,3809,36,,,0,15,,3810,36,,,0,15,,3811,36,,,0,15,,3841,36,,,0,55,,3842,36,,,0,15,,3819,36,,,0,11,,3818,36,,,0,15,,3812,36,,,0,55,,3822,36,,,0,14,,3817,36,,,0,16,,3813,36,,,0,70,,3814,36,,,0,30,,3823,36,,,0,29,,3816,36,,,0,71,,3821,36,,,0,70,,3820,36,,,0,28,,3815,36,,,0,30,,3783,36,,,0
5200,'Saturday',2314,,5462,26,,,0,97,,5463,26,,,0,95,,5461,26,,,0
5200,'Weekday',2314,,5466,26,,,0,97,,5465,26,,,0,95,,5464,26,,,0
