401,'Holiday21111111',1039,,7158,5,,,0,100,,7154,5,,,0,100,,7151,5,,,0,100,,7155,5,,,0,100,,7152,5,,,0,100,,7156,5,,,0,100,,7153,5,,,0,100,,7157,5,,,0
401,'Holiday3-505-1111111',939,,7159,5,,,0,100,,7164,5,,,0,100,,7160,5,,,0,100,,7165,5,,,0,100,,7161,5,,,0,100,,7166,5,,,0,100,,7162,5,,,0,100,,7167,5,,,0,100,,7163,5,,,0,100,,7168,5,,,0,100,,7169,5,,,0
401,'Saturday',939,,7170,5,,,0,100,,7175,5,,,0,100,,7171,5,,,0,100,,7176,5,,,0,100,,7172,5,,,0,100,,7177,5,,,0,100,,7173,5,,,0,100,,7178,5,,,0,100,,7174,5,,,0,100,,7179,5,,,0,100,,7180,5,,,0
401,'Sunday',1039,,7188,5,,,0,100,,7184,5,,,0,100,,7181,5,,,0,100,,7185,5,,,0,100,,7182,5,,,0,100,,7186,5,,,0,100,,7183,5,,,0,100,,7187,5,,,0
401,'Weekday',539,,7189,5,,,0,100,,7190,5,,,0,73,,7191,5,,,0,27,,7192,5,,,0,70,,7193,5,,,0,30,,7194,5,,,0,70,,7195,5,,,0,30,,7196,5,,,0,70,,7197,5,,,0,30,,7198,5,,,0,70,,7199,5,,,0,30,,7200,5,,,0,70,,7201,5,,,0,30,,7202,5,,,0,70,,7203,5,,,0,30,,7204,5,,,0,70,,7205,5,,,0,30,,7206,5,,,0,70,,7207,5,,,0,34,,7208,5,,,0,70,,7209,5,,,0,26,,7210,5,,,0,70,,7211,5,,,0,30,,7212,5,,,0,102,,7213,5,,,0,100,,7214,5,,,0
1001,'Holiday21111111',751,,7659,5,,,0,70,,7676,5,,,0,30,,7677,5,,,0,70,,7675,5,,,0,30,,7657,5,,,0,70,,7662,5,,,0,15,,7661,5,,,0,15,,7663,5,,,0,55,,7664,5,,,0,15,,7665,5,,,0,15,,7666,5,,,0,15,,7667,5,,,0,55,,7668,5,,,0,15,,7669,5,,,0,15,,7670,5,,,0,15,,7671,5,,,0,55,,7672,5,,,0,15,,7673,5,,,0,15,,7674,5,,,0,15,,7660,5,,,0,55,,7658,5,,,0,15,,7652,5,,,0,15,,7635,5,,,0,15,,7645,5,,,0,55,,7647,5,,,0,15,,7650,5,,,0,15,,7640,5,,,0,15,,7654,5,,,0,55,,7644,5,,,0,15,,7648,5,,,0,15,,7636,5,,,0,15,,7641,5,,,0,55,,7655,5,,,0,15,,7643,5,,,0,10,,7649,5,,,0,19,,7642,5,,,0,71,,7638,5,,,0,30,,7653,5,,,0,70,,7637,5,,,0,30,,7646,5,,,0,70,,7656,5,,,0,30,,7639,5,,,0,70,,7651,5,,,0
1001,'Holiday3-505-1111111',721,,7720,5,,,0,30,,7721,5,,,0,70,,7722,5,,,0,30,,7723,5,,,0,70,,7724,5,,,0,15,,7726,5,,,0,15,,7725,5,,,0,55,,7727,5,,,0,15,,7711,5,,,0,15,,7719,5,,,0,15,,7696,5,,,0,55,,7703,5,,,0,15,,7684,5,,,0,15,,7712,5,,,0,15,,7693,5,,,0,55,,7697,5,,,0,15,,7704,5,,,0,15,,7685,5,,,0,15,,7713,5,,,0,55,,7708,5,,,0,15,,7698,5,,,0,15,,7705,5,,,0,15,,7686,5,,,0,55,,7714,5,,,0,15,,7707,5,,,0,15,,7699,5,,,0,15,,7692,5,,,0,55,,7687,5,,,0,15,,7715,5,,,0,15,,7694,5,,,0,15,,7700,5,,,0,55,,7691,5,,,0,15,,7688,5,,,0,15,,7716,5,,,0,15,,7709,5,,,0,55,,7701,5,,,0,15,,7706,5,,,0,15,,7689,5,,,0,15,,7717,5,,,0,55,,7710,5,,,0,15,,7702,5,,,0,15,,7695,5,,,0,15,,7690,5,,,0,70,,7718,5,,,0,30,,7678,5,,,0,70,,7682,5,,,0,30,,7680,5,,,0,70,,7679,5,,,0,30,,7683,5,,,0,70,,7681,5,,,0
1001,'Saturday',721,,7770,5,,,0,30,,7771,5,,,0,70,,7772,5,,,0,30,,7773,5,,,0,70,,7774,5,,,0,15,,7776,5,,,0,15,,7775,5,,,0,55,,7777,5,,,0,15,,7761,5,,,0,15,,7769,5,,,0,15,,7746,5,,,0,55,,7753,5,,,0,15,,7734,5,,,0,15,,7762,5,,,0,15,,7743,5,,,0,55,,7747,5,,,0,15,,7754,5,,,0,15,,7735,5,,,0,15,,7763,5,,,0,55,,7758,5,,,0,15,,7748,5,,,0,15,,7755,5,,,0,15,,7736,5,,,0,55,,7764,5,,,0,15,,7757,5,,,0,15,,7749,5,,,0,15,,7742,5,,,0,55,,7737,5,,,0,15,,7765,5,,,0,15,,7744,5,,,0,15,,7750,5,,,0,55,,7741,5,,,0,15,,7738,5,,,0,15,,7766,5,,,0,15,,7759,5,,,0,55,,7751,5,,,0,15,,7756,5,,,0,15,,7739,5,,,0,15,,7767,5,,,0,55,,7760,5,,,0,15,,7752,5,,,0,15,,7745,5,,,0,15,,7740,5,,,0,70,,7768,5,,,0,30,,7728,5,,,0,70,,7732,5,,,0,30,,7730,5,,,0,70,,7729,5,,,0,30,,7733,5,,,0,70,,7731,5,,,0
1001,'Sunday',751,,7802,5,,,0,70,,7819,5,,,0,30,,7820,5,,,0,70,,7818,5,,,0,30,,7800,5,,,0,70,,7805,5,,,0,15,,7804,5,,,0,15,,7806,5,,,0,55,,7807,5,,,0,15,,7808,5,,,0,15,,7809,5,,,0,15,,7810,5,,,0,55,,7811,5,,,0,15,,7812,5,,,0,15,,7813,5,,,0,15,,7814,5,,,0,55,,7815,5,,,0,15,,7816,5,,,0,15,,7817,5,,,0,15,,7803,5,,,0,55,,7801,5,,,0,15,,7795,5,,,0,15,,7778,5,,,0,15,,7788,5,,,0,55,,7790,5,,,0,15,,7793,5,,,0,15,,7783,5,,,0,15,,7797,5,,,0,55,,7787,5,,,0,15,,7791,5,,,0,15,,7779,5,,,0,15,,7784,5,,,0,55,,7798,5,,,0,15,,7786,5,,,0,10,,7792,5,,,0,19,,7785,5,,,0,71,,7781,5,,,0,30,,7796,5,,,0,70,,7780,5,,,0,30,,7789,5,,,0,70,,7799,5,,,0,30,,7782,5,,,0,70,,7794,5,,,0
1001,'Weekday',518,,7821,5,,,0,28,,7822,5,,,0,70,,7823,5,,,0,15,,7856,5,,,0,15,,7824,5,,,0,55,,7857,5,,,0,15,,7825,5,,,0,15,,7858,5,,,0,15,,7826,5,,,0,60,,7859,5,,,0,15,,7827,5,,,0,15,,7860,5,,,0,15,,7828,5,,,0,55,,7861,5,,,0,15,,7829,5,,,0,15,,7862,5,,,0,15,,7830,5,,,0,55,,7863,5,,,0,15,,7831,5,,,0,15,,7864,5,,,0,15,,7832,5,,,0,55,,7865,5,,,0,15,,7833,5,,,0,15,,7866,5,,,0,15,,7834,5,,,0,55,,7867,5,,,0,15,,7835,5,,,0,15,,7868,5,,,0,15,,7836,5,,,0,55,,7869,5,,,0,15,,7837,5,,,0,15,,7870,5,,,0,15,,7838,5,,,0,55,,7871,5,,,0,15,,7839,5,,,0,15,,7872,5,,,0,15,,7840,5,,,0,55,,7873,5,,,0,12,,7841,5,,,0,15,,7874,5,,,0,15,,7842,5,,,0,55,,7875,5,,,0,15,,7843,5,,,0,15,,7876,5,,,0,12,,7844,5,,,0,55,,7877,5,,,0,15,,7845,5,,,0,18,,7878,5,,,0,15,,7846,5,,,0,55,,7879,5,,,0,18,,7847,5,,,0,15,,7880,5,,,0,15,,7848,5,,,0,70,,7849,5,,,0,30,,7850,5,,,0,70,,7851,5,,,0,30,,7852,5,,,0,70,,7853,5,,,0,30,,7854,5,,,0,70,,7855,5,,,0
2500,'Holiday21111111',747,,8522,5,,,0,70,,8534,5,,,0,30,,8523,5,,,0,70,,8535,5,,,0,35,,8524,5,,,0,70,,8536,5,,,0,30,,8525,5,,,0,70,,8537,5,,,0,30,,8526,5,,,0,70,,8538,5,,,0,30,,8527,5,,,0,70,,8539,5,,,0,30,,8528,5,,,0,70,,8540,5,,,0,30,,8529,5,,,0,70,,8541,5,,,0,30,,8530,5,,,0,70,,8542,5,,,0,30,,8531,5,,,0,70,,8543,5,,,0,30,,8532,5,,,0,70,,8544,5,,,0,30,,8533,5,,,0,70,,8545,5,,,0,30,,8546,5,,,0,70,,8547,5,,,0,30,,8548,5,,,0,70,,8549,5,,,0
2500,'Holiday3-505-1111111',717,,8563,5,,,0,30,,8562,5,,,0,70,,8564,5,,,0,30,,8561,5,,,0,70,,8565,5,,,0,30,,8560,5,,,0,70,,8566,5,,,0,30,,8559,5,,,0,70,,8567,5,,,0,30,,8558,5,,,0,70,,8568,5,,,0,30,,8557,5,,,0,70,,8569,5,,,0,30,,8556,5,,,0,70,,8570,5,,,0,30,,8555,5,,,0,70,,8571,5,,,0,30,,8554,5,,,0,70,,8572,5,,,0,30,,8553,5,,,0,70,,8573,5,,,0,30,,8552,5,,,0,72,,8574,5,,,0,30,,8551,5,,,0,70,,8575,5,,,0,30,,8550,5,,,0,70,,8576,5,,,0,30,,8578,5,,,0,70,,8577,5,,,0,30,,8579,5,,,0
2500,'Saturday',717,,8593,5,,,0,30,,8592,5,,,0,70,,8594,5,,,0,30,,8591,5,,,0,70,,8595,5,,,0,30,,8590,5,,,0,70,,8596,5,,,0,30,,8589,5,,,0,70,,8597,5,,,0,30,,8588,5,,,0,70,,8598,5,,,0,30,,8587,5,,,0,70,,8599,5,,,0,30,,8586,5,,,0,70,,8600,5,,,0,30,,8585,5,,,0,70,,8601,5,,,0,30,,8584,5,,,0,70,,8602,5,,,0,30,,8583,5,,,0,70,,8603,5,,,0,30,,8582,5,,,0,72,,8604,5,,,0,30,,8581,5,,,0,70,,8605,5,,,0,30,,8580,5,,,0,70,,8606,5,,,0,30,,8608,5,,,0,70,,8607,5,,,0,30,,8609,5,,,0
2500,'Sunday',747,,8610,5,,,0,70,,8622,5,,,0,30,,8611,5,,,0,70,,8623,5,,,0,30,,8612,5,,,0,70,,8624,5,,,0,30,,8613,5,,,0,70,,8625,5,,,0,30,,8614,5,,,0,70,,8626,5,,,0,30,,8615,5,,,0,70,,8627,5,,,0,30,,8616,5,,,0,70,,8628,5,,,0,30,,8617,5,,,0,70,,8629,5,,,0,30,,8618,5,,,0,70,,8630,5,,,0,30,,8619,5,,,0,70,,8631,5,,,0,30,,8620,5,,,0,72,,8632,5,,,0,30,,8621,5,,,0,70,,8633,5,,,0,30,,8634,5,,,0,70,,8635,5,,,0,30,,8636,5,,,0,70,,8637,5,,,0
2500,'Weekday',511,,8638,5,,,0,28,,8639,5,,,0,66,,8640,5,,,0,28,,8641,5,,,0,68,,8642,5,,,0,15,,8643,5,,,0,15,,8644,5,,,0,15,,8645,5,,,0,55,,8646,5,,,0,20,,8647,5,,,0,15,,8648,5,,,0,17,,8649,5,,,0,70,,8650,5,,,0,30,,8651,5,,,0,70,,8652,5,,,0,30,,8653,5,,,0,70,,8654,5,,,0,30,,8655,5,,,0,70,,8656,5,,,0,30,,8657,5,,,0,70,,8658,5,,,0,30,,8659,5,,,0,70,,8660,5,,,0,15,,8661,5,,,0,15,,8662,5,,,0,55,,8663,5,,,0,15,,8664,5,,,0,15,,8665,5,,,0,15,,8666,5,,,0,55,,8667,5,,,0,15,,8668,5,,,0,15,,8669,5,,,0,15,,8670,5,,,0,55,,8671,5,,,0,15,,8672,5,,,0,15,,8673,5,,,0,15,,8674,5,,,0,70,,8675,5,,,0,30,,8676,5,,,0,70,,8677,5,,,0,30,,8678,5,,,0,70,,8679,5,,,0,30,,8680,5,,,0,70,,8681,5,,,0,30,,8682,5,,,0,70,,8683,5,,,0,30,,8684,5,,,0,70,,8685,5,,,0
