200,'Holiday21111111',800,,6300,17,,,0,100,,6301,17,,,0,32,,6324,17,,,0,70,,6302,17,,,0,30,,6313,17,,,0,70,,6303,17,,,0,30,,6314,17,,,0,70,,6304,17,,,0,30,,6315,17,,,0,70,,6305,17,,,0,30,,6316,17,,,0,70,,6306,17,,,0,30,,6317,17,,,0,70,,6307,17,,,0,30,,6318,17,,,0,70,,6308,17,,,0,30,,6319,17,,,0,70,,6309,17,,,0,30,,6320,17,,,0,70,,6310,17,,,0,28,,6321,17,,,0,70,,6311,17,,,0,33,,6322,17,,,0,70,,6312,17,,,0,30,,6323,17,,,0,70,,6325,17,,,0,30,,6326,17,,,0
200,'Holiday3-505-1111111',630,,6327,17,,,0,100,,6328,17,,,0,100,,6329,17,,,0,101,,6330,17,,,0,70,,6343,17,,,0,20,,6331,17,,,0,20,,6357,17,,,0,60,,6344,17,,,0,20,,6332,17,,,0,20,,6358,17,,,0,60,,6345,17,,,0,19,,6333,17,,,0,20,,6359,17,,,0,65,,6346,17,,,0,20,,6334,17,,,0,20,,6360,17,,,0,60,,6347,17,,,0,20,,6335,17,,,0,20,,6361,17,,,0,60,,6348,17,,,0,25,,6336,17,,,0,20,,6362,17,,,0,60,,6349,17,,,0,20,,6337,17,,,0,20,,6363,17,,,0,60,,6350,17,,,0,21,,6338,17,,,0,70,,6351,17,,,0,30,,6339,17,,,0,70,,6352,17,,,0,29,,6340,17,,,0,70,,6353,17,,,0,30,,6341,17,,,0,70,,6354,17,,,0,30,,6342,17,,,0,70,,6355,17,,,0
200,'Saturday',630,,6364,17,,,0,100,,6365,17,,,0,100,,6366,17,,,0,101,,6367,17,,,0,70,,6380,17,,,0,20,,6368,17,,,0,20,,6394,17,,,0,60,,6381,17,,,0,20,,6369,17,,,0,20,,6395,17,,,0,60,,6382,17,,,0,19,,6370,17,,,0,20,,6396,17,,,0,65,,6383,17,,,0,20,,6371,17,,,0,20,,6397,17,,,0,60,,6384,17,,,0,20,,6372,17,,,0,20,,6398,17,,,0,60,,6385,17,,,0,25,,6373,17,,,0,20,,6399,17,,,0,60,,6386,17,,,0,20,,6374,17,,,0,20,,6400,17,,,0,60,,6387,17,,,0,21,,6375,17,,,0,70,,6388,17,,,0,30,,6376,17,,,0,70,,6389,17,,,0,29,,6377,17,,,0,70,,6390,17,,,0,30,,6378,17,,,0,70,,6391,17,,,0,30,,6379,17,,,0,70,,6392,17,,,0
200,'Sunday',800,,6401,17,,,0,100,,6402,17,,,0,101,,6403,17,,,0,20,,6414,17,,,0,20,,6427,17,,,0,60,,6404,17,,,0,20,,6415,17,,,0,20,,6428,17,,,0,60,,6405,17,,,0,19,,6416,17,,,0,20,,6429,17,,,0,65,,6406,17,,,0,20,,6417,17,,,0,20,,6430,17,,,0,60,,6407,17,,,0,20,,6418,17,,,0,20,,6431,17,,,0,60,,6408,17,,,0,25,,6419,17,,,0,20,,6432,17,,,0,60,,6409,17,,,0,20,,6420,17,,,0,20,,6433,17,,,0,60,,6410,17,,,0,21,,6421,17,,,0,70,,6411,17,,,0,30,,6422,17,,,0,70,,6412,17,,,0,29,,6423,17,,,0,70,,6413,17,,,0,30,,6424,17,,,0,70,,6425,17,,,0,30,,6426,17,,,0
200,'Weekday',455,,6434,17,,,0,66,,6436,17,,,0,30,,6438,17,,,0,72,,6467,17,,,0,15,,6440,17,,,0,15,,6441,17,,,0,55,,6468,17,,,0,15,,6442,17,,,0,15,,6443,17,,,0,15,,6444,17,,,0,55,,6445,17,,,0,15,,6446,17,,,0,15,,6469,17,,,0,15,,6447,17,,,0,57,,6470,17,,,0,15,,6448,17,,,0,15,,6449,17,,,0,15,,6471,17,,,0,57,,6472,17,,,0,15,,6473,17,,,0,15,,6450,17,,,0,15,,6474,17,,,0,55,,6475,17,,,0,16,,6451,17,,,0,15,,6476,17,,,0,15,,6452,17,,,0,55,,6453,17,,,0,15,,6477,17,,,0,15,,6478,17,,,0,15,,6454,17,,,0,55,,6455,17,,,0,15,,6479,17,,,0,15,,6480,17,,,0,15,,6456,17,,,0,55,,6481,17,,,0,15,,6482,17,,,0,15,,6457,17,,,0,15,,6483,17,,,0,55,,6484,17,,,0,15,,6485,17,,,0,15,,6458,17,,,0,15,,6459,17,,,0,55,,6460,17,,,0,15,,6486,17,,,0,15,,6487,17,,,0,15,,6488,17,,,0,56,,6489,17,,,0,15,,6461,17,,,0,15,,6490,17,,,0,13,,6462,17,,,0,55,,6491,17,,,0,14,,6463,17,,,0,15,,6492,17,,,0,59,,6493,17,,,0,30,,6494,17,,,0,70,,6466,17,,,0,30,,6464,17,,,0,70,,6435,17,,,0,30,,6465,17,,,0,70,,6437,17,,,0,30,,6439,17,,,0
1200,'Holiday21111111',829,,8232,6,,,0,30,,8231,6,,,0,70,,8233,6,,,0,73,,8230,6,,,0,27,,8234,6,,,0,30,,8229,6,,,0,70,,8235,6,,,0,30,,8228,6,,,0,70,,8236,6,,,0,30,,8227,6,,,0,70,,8237,6,,,0,73,,8226,6,,,0,27,,8238,6,,,0,30,,8225,6,,,0,70,,8239,6,,,0,30,,8224,6,,,0,70,,8240,6,,,0,30,,8223,6,,,0,70,,8241,6,,,0,73,,8222,6,,,0,30,,8242,6,,,0,70,,8243,6,,,0,30,,8244,6,,,0,70,,8245,6,,,0,30,,8246,6,,,0,70,,8247,6,,,0,30,,8248,6,,,0
1200,'Holiday3-505-1111111',757,,8263,6,,,0,70,,8264,6,,,0,30,,8262,6,,,0,70,,8265,6,,,0,75,,8261,6,,,0,25,,8266,6,,,0,30,,8260,6,,,0,70,,8267,6,,,0,30,,8259,6,,,0,70,,8268,6,,,0,30,,8258,6,,,0,70,,8269,6,,,0,75,,8257,6,,,0,25,,8270,6,,,0,30,,8256,6,,,0,70,,8271,6,,,0,30,,8255,6,,,0,70,,8272,6,,,0,30,,8254,6,,,0,70,,8273,6,,,0,30,,8253,6,,,0,70,,8274,6,,,0,30,,8252,6,,,0,70,,8275,6,,,0,30,,8251,6,,,0,70,,8276,6,,,0,30,,8250,6,,,0,70,,8277,6,,,0,30,,8249,6,,,0
1200,'Saturday',757,,8292,6,,,0,70,,8293,6,,,0,30,,8291,6,,,0,70,,8294,6,,,0,75,,8290,6,,,0,25,,8295,6,,,0,30,,8289,6,,,0,70,,8296,6,,,0,30,,8288,6,,,0,70,,8297,6,,,0,30,,8287,6,,,0,70,,8298,6,,,0,75,,8286,6,,,0,25,,8299,6,,,0,30,,8285,6,,,0,70,,8300,6,,,0,30,,8284,6,,,0,70,,8301,6,,,0,30,,8283,6,,,0,70,,8302,6,,,0,30,,8282,6,,,0,70,,8303,6,,,0,30,,8281,6,,,0,70,,8304,6,,,0,30,,8280,6,,,0,70,,8305,6,,,0,30,,8279,6,,,0,70,,8306,6,,,0,30,,8278,6,,,0
1200,'Sunday',827,,8317,6,,,0,30,,8316,6,,,0,70,,8318,6,,,0,75,,8315,6,,,0,25,,8319,6,,,0,30,,8314,6,,,0,70,,8320,6,,,0,30,,8313,6,,,0,70,,8321,6,,,0,30,,8312,6,,,0,70,,8322,6,,,0,75,,8311,6,,,0,25,,8323,6,,,0,30,,8310,6,,,0,70,,8324,6,,,0,30,,8309,6,,,0,70,,8325,6,,,0,30,,8308,6,,,0,70,,8326,6,,,0,75,,8307,6,,,0,30,,8327,6,,,0,70,,8328,6,,,0,30,,8329,6,,,0,70,,8330,6,,,0,30,,8331,6,,,0,70,,8332,6,,,0,30,,8333,6,,,0
1200,'Weekday',532,,8354,6,,,0,70,,8341,6,,,0,30,,8355,6,,,0,71,,8346,6,,,0,30,,8356,6,,,0,70,,8353,6,,,0,30,,8357,6,,,0,70,,8347,6,,,0,30,,8358,6,,,0,70,,8342,6,,,0,30,,8359,6,,,0,70,,8348,6,,,0,30,,8360,6,,,0,70,,8345,6,,,0,30,,8361,6,,,0,70,,8349,6,,,0,30,,8340,6,,,0,70,,8362,6,,,0,20,,8343,6,,,0,21,,8334,6,,,0,65,,8363,6,,,0,24,,8350,6,,,0,20,,8351,6,,,0,65,,8352,6,,,0,25,,8369,6,,,0,60,,8370,6,,,0,25,,8335,6,,,0,25,,8371,6,,,0,60,,8337,6,,,0,20,,8344,6,,,0,70,,8364,6,,,0,30,,8338,6,,,0,70,,8365,6,,,0,30,,8336,6,,,0,70,,8366,6,,,0,30,,8339,6,,,0,70,,8367,6,,,0,30,,8368,6,,,0
5200,'Holiday3-505-1111111',2302,,8884,5,,,0,100,,8885,5,,,0,100,,8883,5,,,0
5200,'Saturday',2302,,8887,5,,,0,100,,8888,5,,,0,100,,8886,5,,,0
5200,'Weekday',2312,,8891,5,,,0,90,,8890,5,,,0,100,,8889,5,,,0
8701,'Weekday',532,,9021,6,,,0,85,,9022,6,,,0,85,,9023,6,,,0,46,,9024,6,,,0,85,,9025,6,,,0,600,,9026,6,,,0,85,,9027,6,,,0,85,,9028,6,,,0,45,,9029,6,,,0,85,,9030,6,,,0,85,,9031,6,,,0
