401,'Holiday21111111',1059,,4065,41,,,0,100,,4061,41,,,0,100,,4058,41,,,0,100,,4062,41,,,0,100,,4059,41,,,0,100,,4063,41,,,0,100,,4060,41,,,0,98,,4064,41,,,0
401,'Saturday',959,,4066,41,,,0,100,,4071,41,,,0,100,,4067,41,,,0,100,,4072,41,,,0,100,,4068,41,,,0,100,,4073,41,,,0,100,,4069,41,,,0,100,,4074,41,,,0,98,,4070,41,,,0,100,,4075,41,,,0,100,,4076,41,,,0
401,'Sunday',1059,,4084,41,,,0,100,,4080,41,,,0,100,,4077,41,,,0,100,,4081,41,,,0,100,,4078,41,,,0,100,,4082,41,,,0,100,,4079,41,,,0,98,,4083,41,,,0
401,'Weekday',556,,4092,41,,,0,100,,4099,41,,,0,71,,4110,41,,,0,74,,4091,41,,,0,26,,4100,41,,,0,30,,4098,41,,,0,70,,4101,41,,,0,30,,4090,41,,,0,70,,4102,41,,,0,30,,4097,41,,,0,70,,4103,41,,,0,30,,4089,41,,,0,70,,4104,41,,,0,30,,4096,41,,,0,70,,4105,41,,,0,30,,4088,41,,,0,70,,4106,41,,,0,30,,4095,41,,,0,71,,4107,41,,,0,31,,4087,41,,,0,71,,4108,41,,,0,29,,4094,41,,,0,69,,4109,41,,,0,31,,4086,41,,,0,98,,4093,41,,,0,99,,4085,41,,,0
1001,'Holiday21111111',810,,4473,45,,,0,30,,4490,45,,,0,70,,4491,45,,,0,31,,4489,45,,,0,71,,4471,45,,,0,30,,4476,45,,,0,15,,4475,45,,,0,55,,4477,45,,,0,15,,4478,45,,,0,15,,4479,45,,,0,15,,4480,45,,,0,55,,4481,45,,,0,15,,4482,45,,,0,15,,4483,45,,,0,15,,4484,45,,,0,55,,4485,45,,,0,15,,4486,45,,,0,15,,4487,45,,,0,15,,4488,45,,,0,55,,4474,45,,,0,15,,4472,45,,,0,15,,4466,45,,,0,15,,4449,45,,,0,55,,4459,45,,,0,15,,4461,45,,,0,15,,4464,45,,,0,15,,4454,45,,,0,55,,4468,45,,,0,15,,4458,45,,,0,15,,4462,45,,,0,15,,4450,45,,,0,55,,4455,45,,,0,15,,4469,45,,,0,15,,4457,45,,,0,10,,4463,45,,,0,59,,4456,45,,,0,30,,4452,45,,,0,70,,4467,45,,,0,29,,4451,45,,,0,69,,4460,45,,,0,30,,4470,45,,,0,70,,4453,45,,,0,30,,4465,45,,,0
1001,'Saturday',740,,4534,45,,,0,70,,4535,45,,,0,30,,4536,45,,,0,70,,4537,45,,,0,31,,4538,45,,,0,16,,4540,45,,,0,55,,4539,45,,,0,15,,4541,45,,,0,15,,4525,45,,,0,15,,4533,45,,,0,55,,4510,45,,,0,15,,4517,45,,,0,15,,4498,45,,,0,15,,4526,45,,,0,55,,4507,45,,,0,15,,4511,45,,,0,15,,4518,45,,,0,15,,4499,45,,,0,55,,4527,45,,,0,15,,4522,45,,,0,15,,4512,45,,,0,15,,4519,45,,,0,55,,4500,45,,,0,15,,4528,45,,,0,15,,4521,45,,,0,15,,4513,45,,,0,55,,4506,45,,,0,15,,4501,45,,,0,15,,4529,45,,,0,15,,4508,45,,,0,55,,4514,45,,,0,15,,4505,45,,,0,15,,4502,45,,,0,15,,4530,45,,,0,55,,4523,45,,,0,15,,4515,45,,,0,15,,4520,45,,,0,15,,4503,45,,,0,55,,4531,45,,,0,14,,4524,45,,,0,15,,4516,45,,,0,15,,4509,45,,,0,55,,4504,45,,,0,29,,4532,45,,,0,69,,4492,45,,,0,30,,4496,45,,,0,70,,4494,45,,,0,30,,4493,45,,,0,70,,4497,45,,,0,30,,4495,45,,,0
1001,'Sunday',810,,4566,45,,,0,30,,4583,45,,,0,70,,4584,45,,,0,31,,4582,45,,,0,71,,4564,45,,,0,30,,4569,45,,,0,15,,4568,45,,,0,55,,4570,45,,,0,15,,4571,45,,,0,15,,4572,45,,,0,15,,4573,45,,,0,55,,4574,45,,,0,15,,4575,45,,,0,15,,4576,45,,,0,15,,4577,45,,,0,55,,4578,45,,,0,15,,4579,45,,,0,15,,4580,45,,,0,15,,4581,45,,,0,55,,4567,45,,,0,15,,4565,45,,,0,15,,4559,45,,,0,15,,4542,45,,,0,55,,4552,45,,,0,15,,4554,45,,,0,15,,4557,45,,,0,15,,4547,45,,,0,55,,4561,45,,,0,15,,4551,45,,,0,15,,4555,45,,,0,15,,4543,45,,,0,55,,4548,45,,,0,15,,4562,45,,,0,15,,4550,45,,,0,10,,4556,45,,,0,59,,4549,45,,,0,30,,4545,45,,,0,70,,4560,45,,,0,29,,4544,45,,,0,69,,4553,45,,,0,30,,4563,45,,,0,70,,4546,45,,,0,30,,4558,45,,,0
1001,'Weekday',538,,4585,45,,,0,70,,4586,45,,,0,30,,4587,45,,,0,15,,4620,45,,,0,55,,4588,45,,,0,17,,4621,45,,,0,15,,4589,45,,,0,15,,4622,45,,,0,55,,4590,45,,,0,15,,4623,45,,,0,18,,4591,45,,,0,15,,4624,45,,,0,55,,4592,45,,,0,15,,4625,45,,,0,15,,4593,45,,,0,15,,4626,45,,,0,55,,4594,45,,,0,15,,4627,45,,,0,15,,4595,45,,,0,15,,4628,45,,,0,55,,4596,45,,,0,15,,4629,45,,,0,15,,4597,45,,,0,15,,4630,45,,,0,55,,4598,45,,,0,15,,4631,45,,,0,15,,4599,45,,,0,15,,4632,45,,,0,55,,4600,45,,,0,15,,4633,45,,,0,15,,4601,45,,,0,15,,4634,45,,,0,55,,4602,45,,,0,17,,4635,45,,,0,15,,4603,45,,,0,55,,4636,45,,,0,15,,4604,45,,,0,15,,4637,45,,,0,12,,4605,45,,,0,15,,4638,45,,,0,55,,4606,45,,,0,15,,4639,45,,,0,15,,4607,45,,,0,15,,4640,45,,,0,52,,4608,45,,,0,15,,4641,45,,,0,15,,4609,45,,,0,16,,4642,45,,,0,56,,4610,45,,,0,13,,4643,45,,,0,15,,4611,45,,,0,15,,4644,45,,,0,58,,4612,45,,,0,30,,4613,45,,,0,70,,4614,45,,,0,30,,4615,45,,,0,70,,4616,45,,,0,29,,4617,45,,,0,70,,4618,45,,,0,30,,4619,45,,,0
5201,'Saturday',2339,,5468,17,,,0,97,,5467,17,,,0
5201,'Weekday',2339,,5470,17,,,0,97,,5469,17,,,0
