400,'Holiday21111111',1157,,1203,33,,,0,100,,1207,33,,,0,100,,1204,33,,,0,100,,1208,33,,,0,100,,1205,33,,,0,100,,1209,33,,,0,100,,1206,33,,,0
400,'Saturday',857,,1210,33,,,0,100,,1216,33,,,0,100,,1211,33,,,0,100,,1217,33,,,0,100,,1212,33,,,0,100,,1218,33,,,0,100,,1213,33,,,0,100,,1219,33,,,0,100,,1214,33,,,0,100,,1220,33,,,0,100,,1215,33,,,0,100,,1221,33,,,0,98,,1222,33,,,0
400,'Sunday',1157,,1223,33,,,0,100,,1227,33,,,0,100,,1224,33,,,0,100,,1228,33,,,0,100,,1225,33,,,0,100,,1229,33,,,0,100,,1226,33,,,0
400,'Weekday',558,,1245,33,,,0,100,,1237,33,,,0,100,,1244,33,,,0,67,,1246,33,,,0,75,,1236,33,,,0,29,,1247,33,,,0,30,,1243,33,,,0,70,,1248,33,,,0,30,,1235,33,,,0,70,,1249,33,,,0,30,,1242,33,,,0,70,,1250,33,,,0,30,,1234,33,,,0,70,,1251,33,,,0,30,,1241,33,,,0,71,,1252,33,,,0,70,,1233,33,,,0,30,,1253,33,,,0,70,,1240,33,,,0,29,,1254,33,,,0,30,,1232,33,,,0,71,,1255,33,,,0,71,,1239,33,,,0,100,,1231,33,,,0,57,,1238,33,,,0,100,,1230,33,,,0
1000,'Holiday21111111',817,,1490,20,,,0,30,,1484,20,,,0,70,,1489,20,,,0,28,,1481,20,,,0,70,,1483,20,,,0,30,,1461,20,,,0,55,,1449,20,,,0,15,,1452,20,,,0,15,,1471,20,,,0,15,,1469,20,,,0,55,,1462,20,,,0,15,,1468,20,,,0,15,,1453,20,,,0,15,,1472,20,,,0,55,,1460,20,,,0,15,,1463,20,,,0,15,,1478,20,,,0,15,,1454,20,,,0,55,,1473,20,,,0,15,,1467,20,,,0,15,,1464,20,,,0,15,,1458,20,,,0,55,,1455,20,,,0,15,,1474,20,,,0,15,,1451,20,,,0,15,,1465,20,,,0,55,,1477,20,,,0,15,,1456,20,,,0,15,,1475,20,,,0,15,,1470,20,,,0,55,,1466,20,,,0,15,,1450,20,,,0,15,,1457,20,,,0,15,,1476,20,,,0,55,,1459,20,,,0,15,,1448,20,,,0,30,,1479,20,,,0,68,,1485,20,,,0,30,,1480,20,,,0,70,,1486,20,,,0,30,,1482,20,,,0,70,,1487,20,,,0,30,,1488,20,,,0
1000,'Saturday',713,,1497,20,,,0,30,,1498,20,,,0,70,,1499,20,,,0,30,,1500,20,,,0,70,,1501,20,,,0,17,,1541,20,,,0,15,,1502,20,,,0,55,,1503,20,,,0,15,,1504,20,,,0,15,,1505,20,,,0,15,,1506,20,,,0,55,,1507,20,,,0,15,,1508,20,,,0,15,,1509,20,,,0,15,,1510,20,,,0,55,,1511,20,,,0,15,,1512,20,,,0,15,,1513,20,,,0,15,,1514,20,,,0,55,,1515,20,,,0,15,,1516,20,,,0,15,,1517,20,,,0,15,,1518,20,,,0,55,,1519,20,,,0,15,,1520,20,,,0,15,,1521,20,,,0,15,,1522,20,,,0,55,,1523,20,,,0,15,,1524,20,,,0,15,,1525,20,,,0,15,,1526,20,,,0,55,,1527,20,,,0,15,,1528,20,,,0,15,,1529,20,,,0,15,,1530,20,,,0,55,,1531,20,,,0,15,,1532,20,,,0,15,,1533,20,,,0,15,,1534,20,,,0,55,,1535,20,,,0,15,,1536,20,,,0,15,,1537,20,,,0,15,,1538,20,,,0,68,,1539,20,,,0,30,,1540,20,,,0,70,,1493,20,,,0,30,,1491,20,,,0,70,,1495,20,,,0,30,,1494,20,,,0,70,,1492,20,,,0,30,,1496,20,,,0
1000,'Sunday',817,,1584,20,,,0,30,,1578,20,,,0,70,,1583,20,,,0,28,,1575,20,,,0,70,,1577,20,,,0,30,,1555,20,,,0,55,,1543,20,,,0,15,,1546,20,,,0,15,,1565,20,,,0,15,,1563,20,,,0,55,,1556,20,,,0,15,,1562,20,,,0,15,,1547,20,,,0,15,,1566,20,,,0,55,,1554,20,,,0,15,,1557,20,,,0,15,,1572,20,,,0,15,,1548,20,,,0,55,,1567,20,,,0,15,,1561,20,,,0,15,,1558,20,,,0,15,,1552,20,,,0,55,,1549,20,,,0,15,,1568,20,,,0,15,,1545,20,,,0,15,,1559,20,,,0,55,,1571,20,,,0,15,,1550,20,,,0,15,,1569,20,,,0,15,,1564,20,,,0,55,,1560,20,,,0,15,,1544,20,,,0,15,,1551,20,,,0,15,,1570,20,,,0,55,,1553,20,,,0,15,,1542,20,,,0,30,,1573,20,,,0,68,,1579,20,,,0,30,,1574,20,,,0,70,,1580,20,,,0,30,,1576,20,,,0,70,,1581,20,,,0,30,,1582,20,,,0
1000,'Weekday',507,,1595,20,,,0,30,,1604,20,,,0,66,,1590,20,,,0,27,,1621,20,,,0,15,,1618,20,,,0,57,,1622,20,,,0,14,,1614,20,,,0,14,,1623,20,,,0,15,,1599,20,,,0,55,,1624,20,,,0,12,,1605,20,,,0,17,,1625,20,,,0,15,,1585,20,,,0,15,,1626,20,,,0,55,,1611,20,,,0,15,,1627,20,,,0,15,,1620,20,,,0,15,,1628,20,,,0,55,,1617,20,,,0,15,,1629,20,,,0,15,,1606,20,,,0,15,,1630,20,,,0,55,,1602,20,,,0,15,,1631,20,,,0,15,,1594,20,,,0,15,,1632,20,,,0,58,,1603,20,,,0,12,,1633,20,,,0,15,,1589,20,,,0,15,,1634,20,,,0,55,,1607,20,,,0,15,,1635,20,,,0,15,,1619,20,,,0,15,,1636,20,,,0,56,,1593,20,,,0,15,,1637,20,,,0,15,,1616,20,,,0,57,,1638,20,,,0,15,,1613,20,,,0,15,,1639,20,,,0,15,,1608,20,,,0,56,,1640,20,,,0,12,,1612,20,,,0,16,,1641,20,,,0,14,,1601,20,,,0,58,,1642,20,,,0,15,,1596,20,,,0,15,,1643,20,,,0,15,,1598,20,,,0,55,,1644,20,,,0,13,,1609,20,,,0,15,,1645,20,,,0,12,,1597,20,,,0,15,,1646,20,,,0,55,,1592,20,,,0,30,,1615,20,,,0,70,,1600,20,,,0,30,,1610,20,,,0,70,,1586,20,,,0,30,,1588,20,,,0,69,,1591,20,,,0,30,,1587,20,,,0
5000,'Saturday',2314,,2638,19,,,0,97,,2637,19,,,0,95,,2639,19,,,0
5000,'Weekday',2314,,2641,19,,,0,97,,2640,19,,,0,95,,2642,19,,,0
