300,'Holiday21111111',815,,6696,17,,,0,100,,6697,17,,,0,30,,6709,17,,,0,71,,6698,17,,,0,30,,6710,17,,,0,70,,6699,17,,,0,30,,6711,17,,,0,70,,6700,17,,,0,30,,6712,17,,,0,70,,6701,17,,,0,30,,6713,17,,,0,70,,6702,17,,,0,30,,6714,17,,,0,70,,6703,17,,,0,30,,6715,17,,,0,70,,6704,17,,,0,30,,6716,17,,,0,70,,6705,17,,,0,30,,6717,17,,,0,69,,6706,17,,,0,32,,6718,17,,,0,71,,6707,17,,,0,29,,6719,17,,,0,73,,6708,17,,,0,30,,6720,17,,,0,69,,6721,17,,,0
300,'Holiday3-505-1111111',715,,6722,17,,,0,100,,6723,17,,,0,100,,6724,17,,,0,30,,6738,17,,,0,71,,6725,17,,,0,30,,6739,17,,,0,60,,6726,17,,,0,20,,6751,17,,,0,20,,6740,17,,,0,60,,6727,17,,,0,20,,6752,17,,,0,25,,6741,17,,,0,60,,6728,17,,,0,20,,6753,17,,,0,20,,6742,17,,,0,60,,6729,17,,,0,20,,6754,17,,,0,20,,6743,17,,,0,60,,6730,17,,,0,25,,6755,17,,,0,20,,6744,17,,,0,60,,6731,17,,,0,20,,6756,17,,,0,20,,6745,17,,,0,60,,6732,17,,,0,30,,6746,17,,,0,69,,6733,17,,,0,30,,6747,17,,,0,70,,6734,17,,,0,30,,6748,17,,,0,70,,6735,17,,,0,30,,6749,17,,,0,69,,6736,17,,,0,30,,6750,17,,,0,70,,6737,17,,,0
300,'Saturday',715,,6757,17,,,0,100,,6758,17,,,0,100,,6759,17,,,0,30,,6773,17,,,0,71,,6760,17,,,0,30,,6774,17,,,0,60,,6761,17,,,0,20,,6786,17,,,0,20,,6775,17,,,0,60,,6762,17,,,0,20,,6787,17,,,0,25,,6776,17,,,0,60,,6763,17,,,0,20,,6788,17,,,0,20,,6777,17,,,0,60,,6764,17,,,0,20,,6789,17,,,0,20,,6778,17,,,0,60,,6765,17,,,0,25,,6790,17,,,0,20,,6779,17,,,0,60,,6766,17,,,0,20,,6791,17,,,0,20,,6780,17,,,0,60,,6767,17,,,0,30,,6781,17,,,0,69,,6768,17,,,0,30,,6782,17,,,0,70,,6769,17,,,0,30,,6783,17,,,0,70,,6770,17,,,0,30,,6784,17,,,0,69,,6771,17,,,0,30,,6785,17,,,0,70,,6772,17,,,0
300,'Sunday',815,,6792,17,,,0,100,,6793,17,,,0,30,,6805,17,,,0,71,,6794,17,,,0,30,,6806,17,,,0,60,,6795,17,,,0,20,,6818,17,,,0,20,,6807,17,,,0,60,,6796,17,,,0,20,,6819,17,,,0,25,,6808,17,,,0,60,,6797,17,,,0,20,,6820,17,,,0,20,,6809,17,,,0,60,,6798,17,,,0,20,,6823,17,,,0,20,,6810,17,,,0,60,,6799,17,,,0,25,,6821,17,,,0,20,,6811,17,,,0,60,,6800,17,,,0,20,,6822,17,,,0,20,,6812,17,,,0,60,,6801,17,,,0,30,,6813,17,,,0,69,,6802,17,,,0,30,,6814,17,,,0,70,,6803,17,,,0,30,,6815,17,,,0,70,,6804,17,,,0,30,,6816,17,,,0,69,,6817,17,,,0
300,'Weekday',539,,6824,17,,,0,68,,6866,17,,,0,15,,6867,17,,,0,15,,6826,17,,,0,15,,6827,17,,,0,55,,6828,17,,,0,16,,6868,17,,,0,15,,6869,17,,,0,15,,6829,17,,,0,55,,6830,17,,,0,17,,6831,17,,,0,15,,6832,17,,,0,15,,6833,17,,,0,55,,6870,17,,,0,15,,6834,17,,,0,15,,6871,17,,,0,15,,6835,17,,,0,60,,6836,17,,,0,19,,6837,17,,,0,16,,6838,17,,,0,55,,6872,17,,,0,15,,6839,17,,,0,15,,6840,17,,,0,15,,6841,17,,,0,55,,6873,17,,,0,15,,6842,17,,,0,15,,6874,17,,,0,15,,6843,17,,,0,55,,6844,17,,,0,15,,6875,17,,,0,15,,6876,17,,,0,15,,6877,17,,,0,55,,6878,17,,,0,15,,6879,17,,,0,15,,6845,17,,,0,15,,6846,17,,,0,55,,6847,17,,,0,15,,6848,17,,,0,15,,6849,17,,,0,15,,6880,17,,,0,55,,6850,17,,,0,15,,6881,17,,,0,15,,6882,17,,,0,15,,6851,17,,,0,55,,6852,17,,,0,15,,6853,17,,,0,15,,6883,17,,,0,13,,6884,17,,,0,55,,6861,17,,,0,15,,6860,17,,,0,15,,6854,17,,,0,15,,6864,17,,,0,55,,6859,17,,,0,17,,6855,17,,,0,30,,6856,17,,,0,70,,6865,17,,,0,30,,6858,17,,,0,70,,6863,17,,,0,30,,6862,17,,,0,68,,6857,17,,,0,30,,6825,17,,,0
600,'Holiday21111111',854,,7215,7,,,0,146,,7216,7,,,0,100,,7217,7,,,0,100,,7218,7,,,0,100,,7219,7,,,0,100,,7220,7,,,0,102,,7221,7,,,0,100,,7222,7,,,0,100,,7223,7,,,0,100,,7224,7,,,0,101,,7225,7,,,0,103,,7226,7,,,0
600,'Holiday3-505-1111111',754,,7241,7,,,0,100,,7240,7,,,0,146,,7239,7,,,0,100,,7238,7,,,0,100,,7237,7,,,0,100,,7236,7,,,0,100,,7235,7,,,0,100,,7234,7,,,0,100,,7233,7,,,0,100,,7232,7,,,0,100,,7231,7,,,0,100,,7230,7,,,0,100,,7229,7,,,0,100,,7228,7,,,0,100,,7227,7,,,0
600,'Saturday',754,,7256,7,,,0,100,,7255,7,,,0,146,,7254,7,,,0,100,,7253,7,,,0,100,,7252,7,,,0,100,,7251,7,,,0,100,,7250,7,,,0,100,,7249,7,,,0,100,,7248,7,,,0,100,,7247,7,,,0,100,,7246,7,,,0,100,,7245,7,,,0,100,,7244,7,,,0,100,,7243,7,,,0,100,,7242,7,,,0
600,'Sunday',854,,7257,7,,,0,146,,7258,7,,,0,100,,7259,7,,,0,100,,7260,7,,,0,100,,7261,7,,,0,100,,7262,7,,,0,102,,7263,7,,,0,100,,7264,7,,,0,100,,7265,7,,,0,100,,7266,7,,,0,100,,7267,7,,,0,100,,7268,7,,,0
600,'Weekday',600,,7269,7,,,0,31,,7270,7,,,0,70,,7271,7,,,0,30,,7272,7,,,0,26,,7273,7,,,0,75,,7274,7,,,0,70,,7275,7,,,0,29,,7276,7,,,0,70,,7277,7,,,0,30,,7278,7,,,0,70,,7279,7,,,0,30,,7280,7,,,0,70,,7281,7,,,0,30,,7282,7,,,0,70,,7283,7,,,0,30,,7284,7,,,0,70,,7285,7,,,0,26,,7286,7,,,0,73,,7287,7,,,0,33,,7288,7,,,0,79,,7298,7,,,0,33,,7296,7,,,0,66,,7295,7,,,0,26,,7293,7,,,0,70,,7299,7,,,0,29,,7297,7,,,0,70,,7294,7,,,0,30,,7289,7,,,0,69,,7290,7,,,0,100,,7291,7,,,0,100,,7292,7,,,0
