301,'Holiday21111111',732,,6885,21,,,0,100,,6886,21,,,0,70,,6909,21,,,0,30,,6887,21,,,0,70,,6898,21,,,0,31,,6888,21,,,0,70,,6899,21,,,0,30,,6889,21,,,0,70,,6900,21,,,0,30,,6890,21,,,0,70,,6901,21,,,0,30,,6891,21,,,0,70,,6902,21,,,0,30,,6892,21,,,0,70,,6903,21,,,0,30,,6893,21,,,0,70,,6904,21,,,0,30,,6894,21,,,0,70,,6905,21,,,0,30,,6895,21,,,0,70,,6906,21,,,0,29,,6896,21,,,0,70,,6907,21,,,0,33,,6897,21,,,0,70,,6908,21,,,0,30,,6910,21,,,0,70,,6911,21,,,0,30,,6912,21,,,0
301,'Holiday3-505-1111111',602,,6929,21,,,0,100,,6913,21,,,0,100,,6914,21,,,0,100,,6915,21,,,0,30,,6943,21,,,0,70,,6930,21,,,0,31,,6916,21,,,0,20,,6931,21,,,0,60,,6945,21,,,0,20,,6917,21,,,0,20,,6932,21,,,0,60,,6946,21,,,0,25,,6918,21,,,0,20,,6933,21,,,0,60,,6947,21,,,0,20,,6919,21,,,0,20,,6934,21,,,0,60,,6948,21,,,0,20,,6920,21,,,0,65,,6935,21,,,0,20,,6949,21,,,0,20,,6921,21,,,0,60,,6936,21,,,0,20,,6944,21,,,0,20,,6922,21,,,0,60,,6937,21,,,0,30,,6923,21,,,0,70,,6938,21,,,0,29,,6924,21,,,0,70,,6939,21,,,0,30,,6925,21,,,0,70,,6940,21,,,0,30,,6926,21,,,0,70,,6941,21,,,0,30,,6927,21,,,0,70,,6942,21,,,0,30,,6928,21,,,0
301,'Saturday',602,,6966,21,,,0,100,,6950,21,,,0,100,,6951,21,,,0,100,,6952,21,,,0,30,,6980,21,,,0,70,,6967,21,,,0,31,,6953,21,,,0,20,,6968,21,,,0,60,,6982,21,,,0,20,,6954,21,,,0,20,,6969,21,,,0,60,,6983,21,,,0,25,,6955,21,,,0,20,,6970,21,,,0,60,,6984,21,,,0,20,,6956,21,,,0,20,,6971,21,,,0,60,,6985,21,,,0,20,,6957,21,,,0,65,,6972,21,,,0,20,,6986,21,,,0,20,,6958,21,,,0,60,,6973,21,,,0,20,,6981,21,,,0,20,,6959,21,,,0,60,,6974,21,,,0,30,,6960,21,,,0,70,,6975,21,,,0,29,,6961,21,,,0,70,,6976,21,,,0,30,,6962,21,,,0,70,,6977,21,,,0,30,,6963,21,,,0,70,,6978,21,,,0,30,,6964,21,,,0,70,,6979,21,,,0,30,,6965,21,,,0
301,'Sunday',732,,6987,21,,,0,100,,6988,21,,,0,100,,6989,21,,,0,20,,7000,21,,,0,60,,7014,21,,,0,21,,6990,21,,,0,20,,7001,21,,,0,60,,7015,21,,,0,20,,6991,21,,,0,20,,7002,21,,,0,60,,7016,21,,,0,25,,6992,21,,,0,20,,7003,21,,,0,60,,7017,21,,,0,20,,6993,21,,,0,20,,7004,21,,,0,60,,7018,21,,,0,20,,6994,21,,,0,65,,7005,21,,,0,20,,7019,21,,,0,20,,6995,21,,,0,60,,7006,21,,,0,20,,7020,21,,,0,20,,6996,21,,,0,60,,7007,21,,,0,30,,6997,21,,,0,70,,7008,21,,,0,29,,6998,21,,,0,70,,7009,21,,,0,30,,6999,21,,,0,70,,7010,21,,,0,30,,7011,21,,,0,70,,7012,21,,,0,30,,7013,21,,,0
301,'Weekday',459,,7073,21,,,0,66,,7053,21,,,0,30,,7022,21,,,0,70,,7024,21,,,0,15,,7071,21,,,0,15,,7082,21,,,0,55,,7052,21,,,0,15,,7025,21,,,0,15,,7070,21,,,0,15,,7079,21,,,0,55,,7026,21,,,0,15,,7076,21,,,0,15,,7074,21,,,0,15,,7027,21,,,0,55,,7077,21,,,0,15,,7081,21,,,0,15,,7075,21,,,0,16,,7028,21,,,0,55,,7029,21,,,0,15,,7051,21,,,0,15,,7050,21,,,0,11,,7030,21,,,0,55,,7080,21,,,0,15,,7067,21,,,0,15,,7031,21,,,0,15,,7032,21,,,0,55,,7062,21,,,0,15,,7033,21,,,0,15,,7066,21,,,0,15,,7034,21,,,0,55,,7035,21,,,0,15,,7060,21,,,0,15,,7036,21,,,0,15,,7037,21,,,0,55,,7059,21,,,0,15,,7038,21,,,0,15,,7039,21,,,0,17,,7040,21,,,0,55,,7078,21,,,0,15,,7064,21,,,0,15,,7072,21,,,0,15,,7061,21,,,0,55,,7041,21,,,0,15,,7057,21,,,0,15,,7042,21,,,0,15,,7043,21,,,0,55,,7056,21,,,0,15,,7044,21,,,0,15,,7065,21,,,0,13,,7045,21,,,0,55,,7055,21,,,0,23,,7046,21,,,0,15,,7069,21,,,0,55,,7047,21,,,0,15,,7048,21,,,0,17,,7049,21,,,0,70,,7068,21,,,0,30,,7083,21,,,0,70,,7058,21,,,0,30,,7054,21,,,0,70,,7063,21,,,0,29,,7023,21,,,0,70,,7021,21,,,0
601,'Holiday21111111',831,,7300,27,,,0,100,,7301,27,,,0,113,,7302,27,,,0,100,,7303,27,,,0,100,,7304,27,,,0,100,,7305,27,,,0,104,,7306,27,,,0,100,,7307,27,,,0,100,,7308,27,,,0,100,,7309,27,,,0,100,,7310,27,,,0,100,,7311,27,,,0
601,'Holiday3-505-1111111',731,,7326,27,,,0,100,,7325,27,,,0,100,,7324,27,,,0,110,,7323,27,,,0,100,,7322,27,,,0,100,,7321,27,,,0,100,,7320,27,,,0,100,,7319,27,,,0,100,,7318,27,,,0,100,,7317,27,,,0,100,,7316,27,,,0,100,,7315,27,,,0,100,,7314,27,,,0,100,,7313,27,,,0,100,,7312,27,,,0
601,'Saturday',731,,7341,27,,,0,100,,7340,27,,,0,100,,7339,27,,,0,110,,7338,27,,,0,100,,7337,27,,,0,100,,7336,27,,,0,100,,7335,27,,,0,100,,7334,27,,,0,100,,7333,27,,,0,100,,7332,27,,,0,100,,7331,27,,,0,100,,7330,27,,,0,100,,7329,27,,,0,100,,7328,27,,,0,100,,7327,27,,,0
601,'Sunday',831,,7342,27,,,0,100,,7343,27,,,0,113,,7344,27,,,0,100,,7345,27,,,0,100,,7346,27,,,0,100,,7347,27,,,0,104,,7348,27,,,0,100,,7349,27,,,0,100,,7350,27,,,0,100,,7351,27,,,0,100,,7352,27,,,0,100,,7353,27,,,0
601,'Weekday',539,,7354,27,,,0,101,,7355,27,,,0,70,,7356,27,,,0,32,,7357,27,,,0,73,,7358,27,,,0,30,,7359,27,,,0,70,,7360,27,,,0,30,,7361,27,,,0,65,,7362,27,,,0,30,,7363,27,,,0,70,,7364,27,,,0,30,,7365,27,,,0,70,,7366,27,,,0,30,,7367,27,,,0,70,,7368,27,,,0,30,,7369,27,,,0,70,,7370,27,,,0,34,,7371,27,,,0,69,,7372,27,,,0,31,,7373,27,,,0,80,,7382,27,,,0,76,,7377,27,,,0,32,,7384,27,,,0,24,,7380,27,,,0,64,,7379,27,,,0,27,,7376,27,,,0,70,,7381,27,,,0,28,,7378,27,,,0,100,,7374,27,,,0,100,,7375,27,,,0,100,,7383,27,,,0
5201,'Holiday3-505-1111111',2332,,8893,6,,,0,98,,8892,6,,,0
5201,'Saturday',2332,,8895,6,,,0,98,,8894,6,,,0
5201,'Weekday',2342,,8897,6,,,0,88,,8896,6,,,0
