600,'Holiday21111111',907,,4044,,,0,106,,4045,,,0,100,,4046,,,0,100,,4047,,,0,100,,4048,,,0,100,,4049,,,0,102,,4050,,,0,100,,4051,,,0,100,,4052,,,0,100,,4053,,,0,101,,4054,,,0,103,,4055,,,0
600,'Saturday',807,,4070,,,0,100,,4069,,,0,106,,4068,,,0,100,,4067,,,0,100,,4066,,,0,100,,4065,,,0,100,,4064,,,0,100,,4063,,,0,100,,4062,,,0,100,,4061,,,0,100,,4060,,,0,100,,4059,,,0,100,,4058,,,0,100,,4057,,,0,100,,4056,,,0
600,'Sunday',907,,4071,,,0,106,,4072,,,0,100,,4073,,,0,100,,4074,,,0,100,,4075,,,0,100,,4076,,,0,102,,4077,,,0,100,,4078,,,0,100,,4079,,,0,100,,4080,,,0,100,,4081,,,0,100,,4082,,,0
600,'Weekday',616,,4083,,,0,30,,4084,,,0,70,,4085,,,0,33,,4086,,,0,65,,4087,,,0,35,,4088,,,0,70,,4089,,,0,28,,4090,,,0,70,,4091,,,0,30,,4092,,,0,70,,4093,,,0,30,,4094,,,0,70,,4095,,,0,30,,4096,,,0,70,,4097,,,0,30,,4098,,,0,70,,4099,,,0,25,,4100,,,0,77,,4101,,,0,30,,4102,,,0,71,,4103,,,0,30,,4104,,,0,74,,4105,,,0,30,,4106,,,0,66,,4107,,,0,30,,4108,,,0,66,,4109,,,0,30,,4110,,,0,70,,4111,,,0,100,,4112,,,0,100,,4113,,,0
1101,'Holiday21111111',810,,4732,,,0,30,,4731,,,0,70,,4730,,,0,30,,4733,,,0,74,,4729,,,0,30,,4734,,,0,70,,4728,,,0,30,,4735,,,0,70,,4736,,,0,30,,4727,,,0,70,,4737,,,0,30,,4726,,,0,70,,4725,,,0,30,,4738,,,0,70,,4724,,,0,30,,4739,,,0,70,,4740,,,0,30,,4723,,,0,70,,4741,,,0,30,,4722,,,0,70,,4742,,,0,30,,4721,,,0,70,,4720,,,0,30,,4743,,,0,70,,4744,,,0,30,,4745,,,0,70,,4746,,,0
1101,'Saturday',710,,4761,,,0,30,,4762,,,0,70,,4747,,,0,30,,4763,,,0,70,,4748,,,0,30,,4764,,,0,70,,4749,,,0,30,,4765,,,0,70,,4750,,,0,30,,4766,,,0,70,,4751,,,0,30,,4767,,,0,70,,4752,,,0,30,,4768,,,0,70,,4753,,,0,30,,4769,,,0,70,,4754,,,0,30,,4770,,,0,70,,4755,,,0,30,,4771,,,0,70,,4756,,,0,30,,4772,,,0,70,,4757,,,0,30,,4773,,,0,70,,4758,,,0,32,,4774,,,0,70,,4759,,,0,30,,4775,,,0,70,,4760,,,0,30,,4776,,,0
1101,'Sunday',810,,4789,,,0,30,,4788,,,0,70,,4787,,,0,30,,4790,,,0,70,,4786,,,0,30,,4791,,,0,70,,4785,,,0,30,,4792,,,0,70,,4793,,,0,30,,4784,,,0,70,,4794,,,0,30,,4783,,,0,70,,4782,,,0,30,,4795,,,0,70,,4781,,,0,30,,4796,,,0,70,,4797,,,0,30,,4780,,,0,70,,4798,,,0,30,,4779,,,0,70,,4799,,,0,30,,4778,,,0,70,,4777,,,0,32,,4800,,,0,70,,4801,,,0,30,,4802,,,0,70,,4803,,,0
1101,'Weekday',506,,4804,,,0,30,,4805,,,0,66,,4806,,,0,13,,4858,,,0,15,,4807,,,0,15,,4859,,,0,55,,4808,,,0,15,,4809,,,0,15,,4810,,,0,15,,4811,,,0,55,,4812,,,0,15,,4813,,,0,12,,4814,,,0,18,,4815,,,0,55,,4849,,,0,17,,4816,,,0,15,,4850,,,0,15,,4817,,,0,55,,4851,,,0,15,,4818,,,0,15,,4852,,,0,15,,4819,,,0,55,,4853,,,0,15,,4820,,,0,15,,4854,,,0,15,,4821,,,0,55,,4855,,,0,15,,4822,,,0,15,,4856,,,0,15,,4823,,,0,55,,4857,,,0,15,,4824,,,0,15,,4847,,,0,15,,4825,,,0,55,,4848,,,0,15,,4826,,,0,20,,4827,,,0,18,,4828,,,0,55,,4829,,,0,20,,4830,,,0,15,,4831,,,0,60,,4832,,,0,20,,4833,,,0,20,,4834,,,0,60,,4835,,,0,20,,4836,,,0,20,,4837,,,0,72,,4838,,,0,30,,4839,,,0,70,,4840,,,0,30,,4841,,,0,70,,4842,,,0,30,,4843,,,0,70,,4844,,,0,30,,4845,,,0,70,,4846,,,0
2501,'Holiday21111111',744,,5245,,,0,70,,5234,,,0,30,,5246,,,0,70,,5235,,,0,30,,5247,,,0,70,,5236,,,0,30,,5248,,,0,70,,5237,,,0,30,,5249,,,0,70,,5238,,,0,30,,5250,,,0,70,,5239,,,0,30,,5251,,,0,70,,5240,,,0,30,,5252,,,0,70,,5241,,,0,30,,5253,,,0,70,,5242,,,0,30,,5254,,,0,70,,5243,,,0,30,,5255,,,0,70,,5244,,,0,30,,5256,,,0,70,,5257,,,0,30,,5258,,,0,70,,5259,,,0,30,,5260,,,0,70,,5261,,,0
2501,'Saturday',714,,5274,,,0,30,,5275,,,0,70,,5273,,,0,30,,5276,,,0,70,,5272,,,0,30,,5277,,,0,70,,5271,,,0,30,,5278,,,0,70,,5270,,,0,30,,5279,,,0,70,,5269,,,0,30,,5280,,,0,70,,5268,,,0,30,,5281,,,0,70,,5267,,,0,30,,5282,,,0,70,,5266,,,0,30,,5283,,,0,70,,5265,,,0,30,,5284,,,0,70,,5264,,,0,30,,5285,,,0,70,,5263,,,0,30,,5286,,,0,70,,5262,,,0,30,,5287,,,0,70,,5289,,,0,30,,5288,,,0,70,,5290,,,0,30,,5291,,,0
2501,'Sunday',744,,5303,,,0,70,,5292,,,0,30,,5304,,,0,70,,5293,,,0,30,,5305,,,0,70,,5294,,,0,30,,5306,,,0,70,,5295,,,0,30,,5307,,,0,70,,5296,,,0,30,,5308,,,0,70,,5297,,,0,30,,5309,,,0,70,,5298,,,0,30,,5310,,,0,70,,5299,,,0,30,,5311,,,0,70,,5300,,,0,30,,5312,,,0,70,,5301,,,0,30,,5313,,,0,70,,5302,,,0,30,,5314,,,0,70,,5315,,,0,30,,5316,,,0,70,,5317,,,0,30,,5318,,,0,70,,5319,,,0
2501,'Weekday',509,,5320,,,0,35,,5321,,,0,64,,5322,,,0,25,,5323,,,0,71,,5324,,,0,15,,5325,,,0,15,,5326,,,0,15,,5327,,,0,56,,5328,,,0,15,,5329,,,0,15,,5330,,,0,16,,5331,,,0,70,,5332,,,0,30,,5333,,,0,70,,5334,,,0,30,,5335,,,0,70,,5336,,,0,30,,5337,,,0,70,,5338,,,0,30,,5339,,,0,70,,5340,,,0,30,,5341,,,0,68,,5342,,,0,15,,5343,,,0,15,,5344,,,0,55,,5345,,,0,15,,5346,,,0,15,,5347,,,0,15,,5348,,,0,55,,5349,,,0,15,,5350,,,0,15,,5351,,,0,15,,5352,,,0,55,,5353,,,0,15,,5354,,,0,15,,5355,,,0,15,,5356,,,0,72,,5357,,,0,30,,5358,,,0,69,,5359,,,0,30,,5360,,,0,70,,5361,,,0,30,,5362,,,0,70,,5363,,,0,30,,5364,,,0,70,,5365,,,0,30,,5366,,,0,68,,5367,,,0
5200,'Saturday',2320,,5395,,,0,97,,5396,,,0,95,,5394,,,0
5200,'Weekday',2320,,5399,,,0,97,,5398,,,0,95,,5397,,,0
