200,'Holiday21111111',801,,566,18,,,0,100,,567,18,,,0,32,,590,18,,,0,70,,568,18,,,0,30,,579,18,,,0,70,,569,18,,,0,30,,580,18,,,0,70,,570,18,,,0,30,,581,18,,,0,70,,571,18,,,0,30,,582,18,,,0,70,,572,18,,,0,30,,583,18,,,0,70,,573,18,,,0,30,,584,18,,,0,70,,574,18,,,0,30,,585,18,,,0,70,,575,18,,,0,30,,586,18,,,0,70,,576,18,,,0,28,,587,18,,,0,70,,577,18,,,0,33,,588,18,,,0,70,,578,18,,,0,30,,589,18,,,0,70,,591,18,,,0,30,,592,18,,,0
200,'Saturday',631,,593,18,,,0,100,,594,18,,,0,100,,595,18,,,0,101,,596,18,,,0,70,,609,18,,,0,20,,597,18,,,0,20,,623,18,,,0,60,,610,18,,,0,20,,598,18,,,0,20,,624,18,,,0,60,,611,18,,,0,20,,599,18,,,0,20,,625,18,,,0,65,,612,18,,,0,20,,600,18,,,0,20,,626,18,,,0,60,,613,18,,,0,20,,601,18,,,0,20,,627,18,,,0,60,,614,18,,,0,25,,602,18,,,0,20,,628,18,,,0,60,,615,18,,,0,20,,603,18,,,0,20,,629,18,,,0,60,,616,18,,,0,20,,604,18,,,0,70,,617,18,,,0,30,,605,18,,,0,70,,618,18,,,0,29,,606,18,,,0,70,,619,18,,,0,30,,607,18,,,0,70,,620,18,,,0,30,,608,18,,,0,70,,621,18,,,0
200,'Sunday',801,,630,18,,,0,100,,631,18,,,0,101,,632,18,,,0,20,,643,18,,,0,20,,656,18,,,0,60,,633,18,,,0,20,,644,18,,,0,20,,657,18,,,0,60,,634,18,,,0,20,,645,18,,,0,20,,658,18,,,0,65,,635,18,,,0,20,,646,18,,,0,20,,659,18,,,0,60,,636,18,,,0,20,,647,18,,,0,20,,660,18,,,0,60,,637,18,,,0,25,,648,18,,,0,20,,661,18,,,0,60,,638,18,,,0,20,,649,18,,,0,20,,662,18,,,0,60,,639,18,,,0,20,,650,18,,,0,70,,640,18,,,0,30,,651,18,,,0,70,,641,18,,,0,29,,652,18,,,0,70,,642,18,,,0,30,,653,18,,,0,70,,654,18,,,0,30,,655,18,,,0
200,'Weekday',457,,663,18,,,0,70,,665,18,,,0,30,,667,18,,,0,68,,696,18,,,0,15,,669,18,,,0,15,,670,18,,,0,55,,697,18,,,0,17,,671,18,,,0,15,,672,18,,,0,15,,673,18,,,0,56,,674,18,,,0,15,,675,18,,,0,15,,698,18,,,0,15,,676,18,,,0,55,,699,18,,,0,15,,677,18,,,0,16,,678,18,,,0,14,,700,18,,,0,55,,701,18,,,0,15,,702,18,,,0,15,,679,18,,,0,15,,703,18,,,0,55,,704,18,,,0,17,,680,18,,,0,15,,705,18,,,0,55,,681,18,,,0,15,,682,18,,,0,15,,706,18,,,0,15,,707,18,,,0,55,,683,18,,,0,15,,684,18,,,0,15,,708,18,,,0,15,,709,18,,,0,55,,685,18,,,0,15,,710,18,,,0,15,,711,18,,,0,15,,686,18,,,0,55,,712,18,,,0,15,,713,18,,,0,15,,714,18,,,0,15,,687,18,,,0,55,,688,18,,,0,15,,689,18,,,0,15,,715,18,,,0,15,,716,18,,,0,55,,717,18,,,0,15,,718,18,,,0,15,,690,18,,,0,15,,719,18,,,0,56,,691,18,,,0,15,,720,18,,,0,12,,692,18,,,0,15,,721,18,,,0,59,,722,18,,,0,30,,723,18,,,0,70,,695,18,,,0,30,,693,18,,,0,70,,664,18,,,0,30,,694,18,,,0,72,,666,18,,,0,28,,668,18,,,0
1200,'Holiday21111111',830,,2135,7,,,0,70,,2134,7,,,0,30,,2136,7,,,0,73,,2133,7,,,0,27,,2137,7,,,0,70,,2132,7,,,0,30,,2138,7,,,0,70,,2131,7,,,0,30,,2139,7,,,0,70,,2130,7,,,0,30,,2140,7,,,0,73,,2129,7,,,0,27,,2141,7,,,0,70,,2128,7,,,0,30,,2142,7,,,0,70,,2127,7,,,0,30,,2143,7,,,0,70,,2126,7,,,0,30,,2144,7,,,0,73,,2125,7,,,0,30,,2145,7,,,0,70,,2146,7,,,0,30,,2147,7,,,0,70,,2148,7,,,0,30,,2149,7,,,0,70,,2150,7,,,0,30,,2151,7,,,0
1200,'Saturday',758,,2166,7,,,0,70,,2167,7,,,0,30,,2165,7,,,0,70,,2168,7,,,0,75,,2164,7,,,0,25,,2169,7,,,0,30,,2163,7,,,0,70,,2170,7,,,0,30,,2162,7,,,0,70,,2171,7,,,0,30,,2161,7,,,0,70,,2172,7,,,0,75,,2160,7,,,0,25,,2173,7,,,0,30,,2159,7,,,0,70,,2174,7,,,0,30,,2158,7,,,0,70,,2175,7,,,0,30,,2157,7,,,0,70,,2176,7,,,0,30,,2156,7,,,0,70,,2177,7,,,0,30,,2155,7,,,0,70,,2178,7,,,0,30,,2154,7,,,0,70,,2179,7,,,0,30,,2153,7,,,0,70,,2180,7,,,0,30,,2152,7,,,0
1200,'Sunday',828,,2191,7,,,0,30,,2190,7,,,0,70,,2192,7,,,0,75,,2189,7,,,0,25,,2193,7,,,0,30,,2188,7,,,0,70,,2194,7,,,0,30,,2187,7,,,0,70,,2195,7,,,0,30,,2186,7,,,0,70,,2196,7,,,0,75,,2185,7,,,0,25,,2197,7,,,0,30,,2184,7,,,0,70,,2198,7,,,0,30,,2183,7,,,0,70,,2199,7,,,0,30,,2182,7,,,0,70,,2200,7,,,0,75,,2181,7,,,0,30,,2201,7,,,0,70,,2202,7,,,0,30,,2203,7,,,0,70,,2204,7,,,0,30,,2205,7,,,0,70,,2206,7,,,0,30,,2207,7,,,0
1200,'Weekday',534,,2228,7,,,0,70,,2215,7,,,0,30,,2229,7,,,0,70,,2220,7,,,0,30,,2230,7,,,0,71,,2227,7,,,0,30,,2231,7,,,0,70,,2221,7,,,0,30,,2232,7,,,0,70,,2216,7,,,0,30,,2233,7,,,0,70,,2222,7,,,0,30,,2234,7,,,0,70,,2219,7,,,0,30,,2235,7,,,0,70,,2223,7,,,0,30,,2214,7,,,0,70,,2236,7,,,0,20,,2217,7,,,0,20,,2208,7,,,0,65,,2237,7,,,0,25,,2224,7,,,0,20,,2225,7,,,0,65,,2226,7,,,0,25,,2243,7,,,0,60,,2244,7,,,0,30,,2209,7,,,0,70,,2211,7,,,0,30,,2218,7,,,0,67,,2238,7,,,0,30,,2212,7,,,0,70,,2239,7,,,0,29,,2210,7,,,0,70,,2240,7,,,0,30,,2213,7,,,0,70,,2241,7,,,0,30,,2242,7,,,0
5200,'Saturday',2307,,2660,6,,,0,97,,2661,6,,,0,55,,2659,6,,,0
5200,'Weekday',2307,,2664,6,,,0,97,,2663,6,,,0,55,,2662,6,,,0
