101,'Holiday21111111',636,,3023,,,0,15,,3024,,,0,55,,3025,,,0,15,,3026,,,0,15,,3027,,,0,15,,3028,,,0,55,,3029,,,0,15,,3030,,,0,10,,3031,,,0,15,,3032,,,0,55,,3033,,,0,15,,3034,,,0,15,,3035,,,0,15,,3036,,,0,55,,3037,,,0,15,,3038,,,0,15,,3039,,,0,15,,3040,,,0,55,,3041,,,0,15,,3042,,,0,15,,3043,,,0,15,,3044,,,0,55,,3045,,,0,15,,3046,,,0,15,,3047,,,0,15,,3048,,,0,55,,3049,,,0,15,,3050,,,0,15,,3051,,,0,15,,3052,,,0,55,,3053,,,0,15,,3054,,,0,15,,3055,,,0,15,,3056,,,0,55,,3057,,,0,15,,3058,,,0,15,,3059,,,0,15,,3060,,,0,55,,3061,,,0,15,,3062,,,0,15,,3063,,,0,15,,3064,,,0,55,,3065,,,0,15,,3066,,,0,15,,3067,,,0,15,,3068,,,0,55,,3069,,,0,18,,3070,,,0,15,,3071,,,0,15,,3072,,,0,55,,3073,,,0,15,,3018,,,0,30,,3020,,,0,70,,3022,,,0,30,,3019,,,0,70,,3021,,,0,30,,3075,,,0,70,,3074,,,0
101,'Saturday',636,,3087,,,0,15,,3088,,,0,55,,3089,,,0,10,,3090,,,0,15,,3091,,,0,15,,3092,,,0,55,,3093,,,0,15,,3094,,,0,15,,3095,,,0,15,,3096,,,0,55,,3097,,,0,15,,3098,,,0,15,,3099,,,0,15,,3100,,,0,55,,3101,,,0,13,,3102,,,0,11,,3139,,,0,14,,3103,,,0,14,,3104,,,0,54,,3105,,,0,14,,3106,,,0,14,,3107,,,0,14,,3108,,,0,54,,3138,,,0,14,,3109,,,0,14,,3110,,,0,14,,3111,,,0,14,,3112,,,0,53,,3113,,,0,14,,3114,,,0,14,,3136,,,0,14,,3115,,,0,54,,3116,,,0,14,,3117,,,0,14,,3118,,,0,14,,3119,,,0,54,,3120,,,0,14,,3137,,,0,14,,3121,,,0,14,,3122,,,0,54,,3123,,,0,14,,3124,,,0,14,,3125,,,0,14,,3126,,,0,14,,3127,,,0,55,,3128,,,0,15,,3129,,,0,15,,3130,,,0,15,,3131,,,0,57,,3132,,,0,18,,3133,,,0,15,,3134,,,0,55,,3135,,,0,18,,3079,,,0,30,,3082,,,0,70,,3076,,,0,30,,3080,,,0,70,,3083,,,0,30,,3077,,,0,70,,3081,,,0,30,,3084,,,0,70,,3078,,,0,30,,3085,,,0,70,,3086,,,0
101,'Sunday',636,,3147,,,0,15,,3148,,,0,55,,3149,,,0,10,,3150,,,0,15,,3151,,,0,15,,3152,,,0,55,,3153,,,0,15,,3154,,,0,15,,3155,,,0,15,,3156,,,0,55,,3157,,,0,15,,3158,,,0,15,,3159,,,0,15,,3160,,,0,55,,3161,,,0,13,,3162,,,0,11,,3199,,,0,14,,3163,,,0,14,,3164,,,0,54,,3165,,,0,14,,3166,,,0,14,,3167,,,0,14,,3168,,,0,54,,3198,,,0,14,,3169,,,0,14,,3170,,,0,14,,3171,,,0,14,,3172,,,0,53,,3173,,,0,14,,3174,,,0,14,,3196,,,0,14,,3175,,,0,54,,3176,,,0,14,,3177,,,0,14,,3178,,,0,14,,3179,,,0,54,,3180,,,0,14,,3197,,,0,14,,3181,,,0,14,,3182,,,0,54,,3183,,,0,14,,3184,,,0,14,,3185,,,0,14,,3186,,,0,14,,3187,,,0,55,,3188,,,0,15,,3189,,,0,15,,3190,,,0,15,,3191,,,0,57,,3192,,,0,18,,3193,,,0,15,,3194,,,0,55,,3195,,,0,18,,3142,,,0,30,,3145,,,0,70,,3140,,,0,30,,3143,,,0,70,,3146,,,0,30,,3141,,,0,70,,3144,,,0
101,'Weekday',453,,3289,,,0,55,,3290,,,0,12,,3291,,,0,12,,3292,,,0,12,,3293,,,0,12,,3294,,,0,52,,3298,,,0,12,,3297,,,0,12,,3295,,,0,15,,3282,,,0,54,,3285,,,0,12,,3286,,,0,12,,3283,,,0,12,,3287,,,0,12,,3288,,,0,52,,3242,,,0,12,,3229,,,0,12,,3230,,,0,12,,3231,,,0,12,,3232,,,0,52,,3233,,,0,12,,3234,,,0,12,,3235,,,0,12,,3236,,,0,12,,3237,,,0,52,,3238,,,0,12,,3239,,,0,12,,3240,,,0,12,,3241,,,0,12,,3217,,,0,52,,3222,,,0,12,,3223,,,0,12,,3221,,,0,12,,3228,,,0,12,,3219,,,0,52,,3215,,,0,12,,3216,,,0,12,,3218,,,0,12,,3227,,,0,12,,3224,,,0,51,,3299,,,0,9,,3226,,,0,11,,3225,,,0,11,,3277,,,0,10,,3220,,,0,10,,3278,,,0,49,,3300,,,0,9,,3279,,,0,9,,3280,,,0,9,,3281,,,0,10,,3251,,,0,9,,3253,,,0,10,,3246,,,0,50,,3249,,,0,9,,3262,,,0,11,,3255,,,0,11,,3269,,,0,9,,3284,,,0,10,,3260,,,0,50,,3265,,,0,11,,3268,,,0,11,,3263,,,0,11,,3257,,,0,11,,3261,,,0,51,,3258,,,0,10,,3250,,,0,10,,3267,,,0,10,,3270,,,0,10,,3264,,,0,10,,3248,,,0,51,,3266,,,0,13,,3254,,,0,12,,3259,,,0,12,,3247,,,0,10,,3256,,,0,10,,3245,,,0,50,,3252,,,0,10,,3243,,,0,10,,3244,,,0,10,,3271,,,0,10,,3272,,,0,51,,3273,,,0,12,,3274,,,0,12,,3275,,,0,12,,3276,,,0,11,,3200,,,0,55,,3201,,,0,15,,3203,,,0,15,,3202,,,0,15,,3205,,,0,60,,3204,,,0,20,,3210,,,0,15,,3206,,,0,15,,3211,,,0,55,,3207,,,0,15,,3212,,,0,15,,3208,,,0,15,,3213,,,0,55,,3209,,,0,15,,3214,,,0,15,,3296,,,0
401,'Holiday21111111',1037,,3998,,,0,100,,3994,,,0,100,,3991,,,0,100,,3995,,,0,100,,3992,,,0,100,,3996,,,0,100,,3993,,,0,100,,3997,,,0
401,'Saturday',937,,3999,,,0,100,,4004,,,0,100,,4000,,,0,100,,4005,,,0,100,,4001,,,0,100,,4006,,,0,100,,4002,,,0,100,,4007,,,0,100,,4003,,,0,100,,4008,,,0,100,,4009,,,0
401,'Sunday',1037,,4017,,,0,100,,4013,,,0,100,,4010,,,0,100,,4014,,,0,100,,4011,,,0,100,,4015,,,0,100,,4012,,,0,100,,4016,,,0
401,'Weekday',536,,4025,,,0,100,,4032,,,0,70,,4043,,,0,34,,4024,,,0,66,,4033,,,0,30,,4031,,,0,70,,4034,,,0,30,,4023,,,0,70,,4035,,,0,30,,4030,,,0,70,,4036,,,0,30,,4022,,,0,70,,4037,,,0,30,,4029,,,0,70,,4038,,,0,30,,4021,,,0,70,,4039,,,0,30,,4028,,,0,71,,4040,,,0,31,,4020,,,0,70,,4041,,,0,29,,4027,,,0,69,,4042,,,0,31,,4019,,,0,100,,4026,,,0,99,,4018,,,0
1001,'Holiday21111111',749,,4406,,,0,70,,4423,,,0,30,,4424,,,0,70,,4422,,,0,30,,4404,,,0,70,,4409,,,0,15,,4408,,,0,15,,4410,,,0,55,,4411,,,0,15,,4412,,,0,15,,4413,,,0,15,,4414,,,0,55,,4415,,,0,15,,4416,,,0,15,,4417,,,0,15,,4418,,,0,55,,4419,,,0,15,,4420,,,0,15,,4421,,,0,15,,4407,,,0,55,,4405,,,0,15,,4399,,,0,15,,4382,,,0,15,,4392,,,0,55,,4394,,,0,15,,4397,,,0,15,,4387,,,0,15,,4401,,,0,55,,4391,,,0,15,,4395,,,0,15,,4383,,,0,15,,4388,,,0,55,,4402,,,0,15,,4390,,,0,10,,4396,,,0,19,,4389,,,0,71,,4385,,,0,30,,4400,,,0,70,,4384,,,0,30,,4393,,,0,70,,4403,,,0,30,,4386,,,0,70,,4398,,,0
1001,'Saturday',719,,4467,,,0,30,,4468,,,0,70,,4469,,,0,30,,4470,,,0,70,,4471,,,0,15,,4473,,,0,15,,4472,,,0,55,,4474,,,0,15,,4458,,,0,15,,4466,,,0,15,,4443,,,0,55,,4450,,,0,15,,4431,,,0,15,,4459,,,0,15,,4440,,,0,55,,4444,,,0,15,,4451,,,0,15,,4432,,,0,15,,4460,,,0,55,,4455,,,0,15,,4445,,,0,15,,4452,,,0,15,,4433,,,0,55,,4461,,,0,15,,4454,,,0,15,,4446,,,0,15,,4439,,,0,55,,4434,,,0,15,,4462,,,0,15,,4441,,,0,15,,4447,,,0,55,,4438,,,0,15,,4435,,,0,15,,4463,,,0,15,,4456,,,0,55,,4448,,,0,15,,4453,,,0,15,,4436,,,0,15,,4464,,,0,55,,4457,,,0,15,,4449,,,0,15,,4442,,,0,15,,4437,,,0,70,,4465,,,0,30,,4425,,,0,70,,4429,,,0,30,,4427,,,0,70,,4426,,,0,30,,4430,,,0,70,,4428,,,0
1001,'Sunday',749,,4499,,,0,70,,4516,,,0,30,,4517,,,0,70,,4515,,,0,30,,4497,,,0,70,,4502,,,0,15,,4501,,,0,15,,4503,,,0,55,,4504,,,0,15,,4505,,,0,15,,4506,,,0,15,,4507,,,0,55,,4508,,,0,15,,4509,,,0,15,,4510,,,0,15,,4511,,,0,55,,4512,,,0,15,,4513,,,0,15,,4514,,,0,15,,4500,,,0,55,,4498,,,0,15,,4492,,,0,15,,4475,,,0,15,,4485,,,0,55,,4487,,,0,15,,4490,,,0,15,,4480,,,0,15,,4494,,,0,55,,4484,,,0,15,,4488,,,0,15,,4476,,,0,15,,4481,,,0,55,,4495,,,0,15,,4483,,,0,10,,4489,,,0,19,,4482,,,0,71,,4478,,,0,30,,4493,,,0,70,,4477,,,0,30,,4486,,,0,70,,4496,,,0,30,,4479,,,0,70,,4491,,,0
1001,'Weekday',516,,4518,,,0,30,,4519,,,0,70,,4520,,,0,15,,4553,,,0,15,,4521,,,0,55,,4554,,,0,15,,4522,,,0,15,,4555,,,0,15,,4523,,,0,55,,4556,,,0,18,,4524,,,0,15,,4557,,,0,15,,4525,,,0,55,,4558,,,0,15,,4526,,,0,15,,4559,,,0,15,,4527,,,0,55,,4560,,,0,15,,4528,,,0,15,,4561,,,0,15,,4529,,,0,55,,4562,,,0,15,,4530,,,0,15,,4563,,,0,15,,4531,,,0,55,,4564,,,0,15,,4532,,,0,15,,4565,,,0,15,,4533,,,0,55,,4566,,,0,15,,4534,,,0,15,,4567,,,0,15,,4535,,,0,55,,4568,,,0,15,,4536,,,0,15,,4569,,,0,15,,4537,,,0,55,,4570,,,0,12,,4538,,,0,15,,4571,,,0,15,,4539,,,0,55,,4572,,,0,15,,4540,,,0,15,,4573,,,0,12,,4541,,,0,15,,4574,,,0,55,,4542,,,0,16,,4575,,,0,16,,4543,,,0,56,,4576,,,0,15,,4544,,,0,15,,4577,,,0,18,,4545,,,0,70,,4546,,,0,30,,4547,,,0,70,,4548,,,0,30,,4549,,,0,70,,4550,,,0,30,,4551,,,0,70,,4552,,,0
1100,'Holiday21111111',748,,4604,,,0,70,,4605,,,0,30,,4588,,,0,70,,4589,,,0,30,,4587,,,0,70,,4590,,,0,30,,4586,,,0,70,,4591,,,0,30,,4585,,,0,70,,4592,,,0,30,,4584,,,0,70,,4593,,,0,30,,4583,,,0,70,,4594,,,0,30,,4582,,,0,70,,4595,,,0,30,,4581,,,0,70,,4596,,,0,30,,4580,,,0,70,,4597,,,0,30,,4579,,,0,70,,4598,,,0,30,,4578,,,0,70,,4599,,,0,30,,4600,,,0,70,,4601,,,0,30,,4602,,,0,70,,4603,,,0
1100,'Saturday',748,,4606,,,0,70,,4621,,,0,30,,4607,,,0,70,,4622,,,0,30,,4608,,,0,70,,4623,,,0,30,,4609,,,0,70,,4624,,,0,30,,4610,,,0,70,,4625,,,0,30,,4611,,,0,70,,4626,,,0,30,,4612,,,0,70,,4627,,,0,30,,4613,,,0,70,,4628,,,0,30,,4614,,,0,70,,4629,,,0,30,,4615,,,0,70,,4630,,,0,30,,4616,,,0,70,,4631,,,0,30,,4617,,,0,70,,4632,,,0,30,,4618,,,0,70,,4633,,,0,30,,4619,,,0,70,,4634,,,0,30,,4620,,,0
1100,'Sunday',748,,4661,,,0,70,,4662,,,0,30,,4645,,,0,70,,4646,,,0,30,,4644,,,0,70,,4647,,,0,30,,4643,,,0,70,,4648,,,0,30,,4642,,,0,70,,4649,,,0,30,,4641,,,0,70,,4650,,,0,30,,4640,,,0,70,,4651,,,0,30,,4639,,,0,70,,4652,,,0,30,,4638,,,0,70,,4653,,,0,30,,4637,,,0,70,,4654,,,0,30,,4636,,,0,70,,4655,,,0,30,,4635,,,0,70,,4656,,,0,30,,4657,,,0,70,,4658,,,0,30,,4659,,,0,70,,4660,,,0
1100,'Weekday',520,,4663,,,0,21,,4664,,,0,63,,4665,,,0,10,,4718,,,0,20,,4666,,,0,10,,4719,,,0,15,,4667,,,0,55,,4668,,,0,15,,4669,,,0,15,,4670,,,0,57,,4671,,,0,18,,4672,,,0,15,,4673,,,0,15,,4674,,,0,55,,4707,,,0,15,,4675,,,0,15,,4708,,,0,15,,4676,,,0,55,,4709,,,0,15,,4677,,,0,15,,4710,,,0,15,,4678,,,0,55,,4711,,,0,15,,4679,,,0,15,,4712,,,0,15,,4680,,,0,55,,4713,,,0,15,,4681,,,0,15,,4714,,,0,15,,4682,,,0,55,,4715,,,0,15,,4683,,,0,15,,4716,,,0,15,,4684,,,0,55,,4717,,,0,15,,4685,,,0,15,,4686,,,0,15,,4687,,,0,60,,4688,,,0,25,,4689,,,0,15,,4690,,,0,60,,4691,,,0,20,,4692,,,0,15,,4693,,,0,60,,4694,,,0,20,,4695,,,0,20,,4696,,,0,57,,4697,,,0,20,,4698,,,0,30,,4699,,,0,70,,4700,,,0,30,,4701,,,0,70,,4702,,,0,30,,4703,,,0,70,,4704,,,0,30,,4705,,,0,70,,4706,,,0
2500,'Holiday21111111',745,,5100,,,0,70,,5112,,,0,30,,5101,,,0,70,,5113,,,0,35,,5102,,,0,70,,5114,,,0,30,,5103,,,0,70,,5115,,,0,30,,5104,,,0,70,,5116,,,0,30,,5105,,,0,70,,5117,,,0,30,,5106,,,0,70,,5118,,,0,30,,5107,,,0,70,,5119,,,0,30,,5108,,,0,70,,5120,,,0,30,,5109,,,0,70,,5121,,,0,30,,5110,,,0,70,,5122,,,0,30,,5111,,,0,70,,5123,,,0,30,,5124,,,0,70,,5125,,,0,30,,5126,,,0,70,,5127,,,0
2500,'Saturday',715,,5141,,,0,30,,5140,,,0,70,,5142,,,0,30,,5139,,,0,70,,5143,,,0,30,,5138,,,0,70,,5144,,,0,30,,5137,,,0,70,,5145,,,0,30,,5136,,,0,70,,5146,,,0,30,,5135,,,0,70,,5147,,,0,30,,5134,,,0,70,,5148,,,0,30,,5133,,,0,70,,5149,,,0,30,,5132,,,0,70,,5150,,,0,30,,5131,,,0,70,,5151,,,0,30,,5130,,,0,72,,5152,,,0,30,,5129,,,0,70,,5153,,,0,30,,5128,,,0,70,,5154,,,0,30,,5156,,,0,70,,5155,,,0,30,,5157,,,0
2500,'Sunday',745,,5158,,,0,70,,5170,,,0,30,,5159,,,0,70,,5171,,,0,30,,5160,,,0,70,,5172,,,0,30,,5161,,,0,70,,5173,,,0,30,,5162,,,0,70,,5174,,,0,30,,5163,,,0,70,,5175,,,0,30,,5164,,,0,70,,5176,,,0,30,,5165,,,0,70,,5177,,,0,30,,5166,,,0,70,,5178,,,0,30,,5167,,,0,70,,5179,,,0,30,,5168,,,0,72,,5180,,,0,30,,5169,,,0,70,,5181,,,0,30,,5182,,,0,70,,5183,,,0,30,,5184,,,0,70,,5185,,,0
2500,'Weekday',509,,5186,,,0,28,,5187,,,0,66,,5188,,,0,30,,5189,,,0,26,,5190,,,0,55,,5191,,,0,15,,5192,,,0,15,,5193,,,0,15,,5194,,,0,60,,5195,,,0,15,,5196,,,0,15,,5197,,,0,70,,5198,,,0,30,,5199,,,0,70,,5200,,,0,30,,5201,,,0,70,,5202,,,0,30,,5203,,,0,70,,5204,,,0,30,,5205,,,0,70,,5206,,,0,30,,5207,,,0,70,,5208,,,0,13,,5209,,,0,15,,5210,,,0,55,,5211,,,0,15,,5212,,,0,15,,5213,,,0,15,,5214,,,0,55,,5215,,,0,15,,5216,,,0,15,,5217,,,0,15,,5218,,,0,55,,5219,,,0,15,,5220,,,0,15,,5221,,,0,17,,5222,,,0,72,,5223,,,0,30,,5224,,,0,70,,5225,,,0,30,,5226,,,0,70,,5227,,,0,30,,5228,,,0,70,,5229,,,0,30,,5230,,,0,70,,5231,,,0,30,,5232,,,0,70,,5233,,,0
8001,'Weekday',541,,5438,,,0,70,,5433,,,0,30,,5439,,,0,72,,5434,,,0,30,,5440,,,0,77,,5435,,,0,30,,5441,,,0,70,,5436,,,0,30,,5442,,,0,70,,5437,,,0,30,,5443,,,0,70,,5452,,,0,30,,5444,,,0,65,,5453,,,0,30,,5445,,,0,70,,5454,,,0,30,,5446,,,0,70,,5455,,,0,30,,5447,,,0,70,,5459,,,0,21,,5460,,,0,20,,5448,,,0,60,,5456,,,0,30,,5449,,,0,70,,5457,,,0,30,,5450,,,0,70,,5458,,,0,30,,5451,,,0
8101,'Weekday',541,,5493,,,0,70,,5498,,,0,30,,5494,,,0,72,,5499,,,0,30,,5495,,,0,77,,5500,,,0,30,,5496,,,0,70,,5501,,,0,30,,5497,,,0,70,,5504,,,0,30,,5505,,,0,70,,5506,,,0,30,,5507,,,0,65,,5508,,,0,30,,5509,,,0,70,,5510,,,0,30,,5511,,,0,70,,5512,,,0,30,,5513,,,0,70,,5502,,,0,30,,5514,,,0,70,,5503,,,0,30,,5491,,,0,70,,5489,,,0,30,,5490,,,0,70,,5515,,,0,30,,5492,,,0
