401,'Holiday21111111',1038,,7158,3,,,0,100,,7154,3,,,0,100,,7151,3,,,0,100,,7155,3,,,0,100,,7152,3,,,0,100,,7156,3,,,0,100,,7153,3,,,0,100,,7157,3,,,0
401,'Holiday3-505-1111111',938,,7159,3,,,0,100,,7164,3,,,0,100,,7160,3,,,0,100,,7165,3,,,0,100,,7161,3,,,0,100,,7166,3,,,0,100,,7162,3,,,0,100,,7167,3,,,0,100,,7163,3,,,0,100,,7168,3,,,0,100,,7169,3,,,0
401,'Saturday',938,,7170,3,,,0,100,,7175,3,,,0,100,,7171,3,,,0,100,,7176,3,,,0,100,,7172,3,,,0,100,,7177,3,,,0,100,,7173,3,,,0,100,,7178,3,,,0,100,,7174,3,,,0,100,,7179,3,,,0,100,,7180,3,,,0
401,'Sunday',1038,,7188,3,,,0,100,,7184,3,,,0,100,,7181,3,,,0,100,,7185,3,,,0,100,,7182,3,,,0,100,,7186,3,,,0,100,,7183,3,,,0,100,,7187,3,,,0
401,'Weekday',538,,7189,3,,,0,100,,7190,3,,,0,73,,7191,3,,,0,27,,7192,3,,,0,70,,7193,3,,,0,30,,7194,3,,,0,70,,7195,3,,,0,30,,7196,3,,,0,70,,7197,3,,,0,30,,7198,3,,,0,70,,7199,3,,,0,30,,7200,3,,,0,70,,7201,3,,,0,30,,7202,3,,,0,70,,7203,3,,,0,30,,7204,3,,,0,70,,7205,3,,,0,30,,7206,3,,,0,70,,7207,3,,,0,34,,7208,3,,,0,70,,7209,3,,,0,26,,7210,3,,,0,70,,7211,3,,,0,30,,7212,3,,,0,102,,7213,3,,,0,100,,7214,3,,,0
1001,'Holiday21111111',750,,7659,3,,,0,70,,7676,3,,,0,30,,7677,3,,,0,70,,7675,3,,,0,30,,7657,3,,,0,70,,7662,3,,,0,15,,7661,3,,,0,15,,7663,3,,,0,55,,7664,3,,,0,15,,7665,3,,,0,15,,7666,3,,,0,15,,7667,3,,,0,55,,7668,3,,,0,15,,7669,3,,,0,15,,7670,3,,,0,15,,7671,3,,,0,55,,7672,3,,,0,15,,7673,3,,,0,15,,7674,3,,,0,15,,7660,3,,,0,55,,7658,3,,,0,15,,7652,3,,,0,15,,7635,3,,,0,15,,7645,3,,,0,55,,7647,3,,,0,15,,7650,3,,,0,15,,7640,3,,,0,15,,7654,3,,,0,55,,7644,3,,,0,15,,7648,3,,,0,15,,7636,3,,,0,15,,7641,3,,,0,55,,7655,3,,,0,15,,7643,3,,,0,10,,7649,3,,,0,19,,7642,3,,,0,71,,7638,3,,,0,30,,7653,3,,,0,70,,7637,3,,,0,30,,7646,3,,,0,70,,7656,3,,,0,30,,7639,3,,,0,70,,7651,3,,,0
1001,'Holiday3-505-1111111',720,,7720,3,,,0,30,,7721,3,,,0,70,,7722,3,,,0,30,,7723,3,,,0,70,,7724,3,,,0,15,,7726,3,,,0,15,,7725,3,,,0,55,,7727,3,,,0,15,,7711,3,,,0,15,,7719,3,,,0,15,,7696,3,,,0,55,,7703,3,,,0,15,,7684,3,,,0,15,,7712,3,,,0,15,,7693,3,,,0,55,,7697,3,,,0,15,,7704,3,,,0,15,,7685,3,,,0,15,,7713,3,,,0,55,,7708,3,,,0,15,,7698,3,,,0,15,,7705,3,,,0,15,,7686,3,,,0,55,,7714,3,,,0,15,,7707,3,,,0,15,,7699,3,,,0,15,,7692,3,,,0,55,,7687,3,,,0,15,,7715,3,,,0,15,,7694,3,,,0,15,,7700,3,,,0,55,,7691,3,,,0,15,,7688,3,,,0,15,,7716,3,,,0,15,,7709,3,,,0,55,,7701,3,,,0,15,,7706,3,,,0,15,,7689,3,,,0,15,,7717,3,,,0,55,,7710,3,,,0,15,,7702,3,,,0,15,,7695,3,,,0,15,,7690,3,,,0,70,,7718,3,,,0,30,,7678,3,,,0,70,,7682,3,,,0,30,,7680,3,,,0,70,,7679,3,,,0,30,,7683,3,,,0,70,,7681,3,,,0
1001,'Saturday',720,,7770,3,,,0,30,,7771,3,,,0,70,,7772,3,,,0,30,,7773,3,,,0,70,,7774,3,,,0,15,,7776,3,,,0,15,,7775,3,,,0,55,,7777,3,,,0,15,,7761,3,,,0,15,,7769,3,,,0,15,,7746,3,,,0,55,,7753,3,,,0,15,,7734,3,,,0,15,,7762,3,,,0,15,,7743,3,,,0,55,,7747,3,,,0,15,,7754,3,,,0,15,,7735,3,,,0,15,,7763,3,,,0,55,,7758,3,,,0,15,,7748,3,,,0,15,,7755,3,,,0,15,,7736,3,,,0,55,,7764,3,,,0,15,,7757,3,,,0,15,,7749,3,,,0,15,,7742,3,,,0,55,,7737,3,,,0,15,,7765,3,,,0,15,,7744,3,,,0,15,,7750,3,,,0,55,,7741,3,,,0,15,,7738,3,,,0,15,,7766,3,,,0,15,,7759,3,,,0,55,,7751,3,,,0,15,,7756,3,,,0,15,,7739,3,,,0,15,,7767,3,,,0,55,,7760,3,,,0,15,,7752,3,,,0,15,,7745,3,,,0,15,,7740,3,,,0,70,,7768,3,,,0,30,,7728,3,,,0,70,,7732,3,,,0,30,,7730,3,,,0,70,,7729,3,,,0,30,,7733,3,,,0,70,,7731,3,,,0
1001,'Sunday',750,,7802,3,,,0,70,,7819,3,,,0,30,,7820,3,,,0,70,,7818,3,,,0,30,,7800,3,,,0,70,,7805,3,,,0,15,,7804,3,,,0,15,,7806,3,,,0,55,,7807,3,,,0,15,,7808,3,,,0,15,,7809,3,,,0,15,,7810,3,,,0,55,,7811,3,,,0,15,,7812,3,,,0,15,,7813,3,,,0,15,,7814,3,,,0,55,,7815,3,,,0,15,,7816,3,,,0,15,,7817,3,,,0,15,,7803,3,,,0,55,,7801,3,,,0,15,,7795,3,,,0,15,,7778,3,,,0,15,,7788,3,,,0,55,,7790,3,,,0,15,,7793,3,,,0,15,,7783,3,,,0,15,,7797,3,,,0,55,,7787,3,,,0,15,,7791,3,,,0,15,,7779,3,,,0,15,,7784,3,,,0,55,,7798,3,,,0,15,,7786,3,,,0,10,,7792,3,,,0,19,,7785,3,,,0,71,,7781,3,,,0,30,,7796,3,,,0,70,,7780,3,,,0,30,,7789,3,,,0,70,,7799,3,,,0,30,,7782,3,,,0,70,,7794,3,,,0
1001,'Weekday',517,,7821,3,,,0,28,,7822,3,,,0,70,,7823,3,,,0,15,,7856,3,,,0,15,,7824,3,,,0,55,,7857,3,,,0,15,,7825,3,,,0,15,,7858,3,,,0,15,,7826,3,,,0,60,,7859,3,,,0,15,,7827,3,,,0,15,,7860,3,,,0,15,,7828,3,,,0,55,,7861,3,,,0,15,,7829,3,,,0,15,,7862,3,,,0,15,,7830,3,,,0,55,,7863,3,,,0,15,,7831,3,,,0,15,,7864,3,,,0,15,,7832,3,,,0,55,,7865,3,,,0,15,,7833,3,,,0,15,,7866,3,,,0,15,,7834,3,,,0,55,,7867,3,,,0,15,,7835,3,,,0,15,,7868,3,,,0,15,,7836,3,,,0,55,,7869,3,,,0,15,,7837,3,,,0,15,,7870,3,,,0,15,,7838,3,,,0,55,,7871,3,,,0,15,,7839,3,,,0,15,,7872,3,,,0,15,,7840,3,,,0,55,,7873,3,,,0,12,,7841,3,,,0,15,,7874,3,,,0,15,,7842,3,,,0,55,,7875,3,,,0,15,,7843,3,,,0,15,,7876,3,,,0,12,,7844,3,,,0,15,,7877,3,,,0,55,,7845,3,,,0,18,,7878,3,,,0,15,,7846,3,,,0,55,,7879,3,,,0,18,,7847,3,,,0,15,,7880,3,,,0,15,,7848,3,,,0,70,,7849,3,,,0,30,,7850,3,,,0,70,,7851,3,,,0,30,,7852,3,,,0,70,,7853,3,,,0,30,,7854,3,,,0,70,,7855,3,,,0
2500,'Holiday21111111',746,,8522,3,,,0,70,,8534,3,,,0,30,,8523,3,,,0,70,,8535,3,,,0,35,,8524,3,,,0,70,,8536,3,,,0,30,,8525,3,,,0,70,,8537,3,,,0,30,,8526,3,,,0,70,,8538,3,,,0,30,,8527,3,,,0,70,,8539,3,,,0,30,,8528,3,,,0,70,,8540,3,,,0,30,,8529,3,,,0,70,,8541,3,,,0,30,,8530,3,,,0,70,,8542,3,,,0,30,,8531,3,,,0,70,,8543,3,,,0,30,,8532,3,,,0,70,,8544,3,,,0,30,,8533,3,,,0,70,,8545,3,,,0,30,,8546,3,,,0,70,,8547,3,,,0,30,,8548,3,,,0,70,,8549,3,,,0
2500,'Holiday3-505-1111111',716,,8563,3,,,0,30,,8562,3,,,0,70,,8564,3,,,0,30,,8561,3,,,0,70,,8565,3,,,0,30,,8560,3,,,0,70,,8566,3,,,0,30,,8559,3,,,0,70,,8567,3,,,0,30,,8558,3,,,0,70,,8568,3,,,0,30,,8557,3,,,0,70,,8569,3,,,0,30,,8556,3,,,0,70,,8570,3,,,0,30,,8555,3,,,0,70,,8571,3,,,0,30,,8554,3,,,0,70,,8572,3,,,0,30,,8553,3,,,0,70,,8573,3,,,0,30,,8552,3,,,0,72,,8574,3,,,0,30,,8551,3,,,0,70,,8575,3,,,0,30,,8550,3,,,0,70,,8576,3,,,0,30,,8578,3,,,0,70,,8577,3,,,0,30,,8579,3,,,0
2500,'Saturday',716,,8593,3,,,0,30,,8592,3,,,0,70,,8594,3,,,0,30,,8591,3,,,0,70,,8595,3,,,0,30,,8590,3,,,0,70,,8596,3,,,0,30,,8589,3,,,0,70,,8597,3,,,0,30,,8588,3,,,0,70,,8598,3,,,0,30,,8587,3,,,0,70,,8599,3,,,0,30,,8586,3,,,0,70,,8600,3,,,0,30,,8585,3,,,0,70,,8601,3,,,0,30,,8584,3,,,0,70,,8602,3,,,0,30,,8583,3,,,0,70,,8603,3,,,0,30,,8582,3,,,0,72,,8604,3,,,0,30,,8581,3,,,0,70,,8605,3,,,0,30,,8580,3,,,0,70,,8606,3,,,0,30,,8608,3,,,0,70,,8607,3,,,0,30,,8609,3,,,0
2500,'Sunday',746,,8610,3,,,0,70,,8622,3,,,0,30,,8611,3,,,0,70,,8623,3,,,0,30,,8612,3,,,0,70,,8624,3,,,0,30,,8613,3,,,0,70,,8625,3,,,0,30,,8614,3,,,0,70,,8626,3,,,0,30,,8615,3,,,0,70,,8627,3,,,0,30,,8616,3,,,0,70,,8628,3,,,0,30,,8617,3,,,0,70,,8629,3,,,0,30,,8618,3,,,0,70,,8630,3,,,0,30,,8619,3,,,0,70,,8631,3,,,0,30,,8620,3,,,0,72,,8632,3,,,0,30,,8621,3,,,0,70,,8633,3,,,0,30,,8634,3,,,0,70,,8635,3,,,0,30,,8636,3,,,0,70,,8637,3,,,0
2500,'Weekday',510,,8638,3,,,0,28,,8639,3,,,0,66,,8640,3,,,0,28,,8641,3,,,0,68,,8642,3,,,0,15,,8643,3,,,0,15,,8644,3,,,0,15,,8645,3,,,0,55,,8646,3,,,0,20,,8647,3,,,0,15,,8648,3,,,0,17,,8649,3,,,0,70,,8650,3,,,0,30,,8651,3,,,0,70,,8652,3,,,0,30,,8653,3,,,0,70,,8654,3,,,0,30,,8655,3,,,0,70,,8656,3,,,0,30,,8657,3,,,0,70,,8658,3,,,0,30,,8659,3,,,0,70,,8660,3,,,0,15,,8661,3,,,0,15,,8662,3,,,0,55,,8663,3,,,0,15,,8664,3,,,0,15,,8665,3,,,0,15,,8666,3,,,0,55,,8667,3,,,0,15,,8668,3,,,0,15,,8669,3,,,0,15,,8670,3,,,0,55,,8671,3,,,0,15,,8672,3,,,0,15,,8673,3,,,0,15,,8674,3,,,0,70,,8675,3,,,0,30,,8676,3,,,0,70,,8677,3,,,0,30,,8678,3,,,0,70,,8679,3,,,0,30,,8680,3,,,0,70,,8681,3,,,0,30,,8682,3,,,0,70,,8683,3,,,0,30,,8684,3,,,0,70,,8685,3,,,0
