401,'Holiday21111111',1100,,1263,42,,,0,100,,1259,42,,,0,100,,1256,42,,,0,100,,1260,42,,,0,100,,1257,42,,,0,100,,1261,42,,,0,100,,1258,42,,,0,59,,1262,42,,,0
401,'Saturday',1000,,1264,42,,,0,100,,1269,42,,,0,100,,1265,42,,,0,100,,1270,42,,,0,100,,1266,42,,,0,100,,1271,42,,,0,100,,1267,42,,,0,100,,1272,42,,,0,59,,1268,42,,,0,100,,1273,42,,,0,100,,1274,42,,,0
401,'Sunday',1100,,1282,42,,,0,100,,1278,42,,,0,100,,1275,42,,,0,100,,1279,42,,,0,100,,1276,42,,,0,100,,1280,42,,,0,100,,1277,42,,,0,59,,1281,42,,,0
401,'Weekday',558,,1290,42,,,0,100,,1297,42,,,0,71,,1308,42,,,0,74,,1289,42,,,0,26,,1298,42,,,0,30,,1296,42,,,0,70,,1299,42,,,0,30,,1288,42,,,0,70,,1300,42,,,0,30,,1295,42,,,0,70,,1301,42,,,0,30,,1287,42,,,0,70,,1302,42,,,0,30,,1294,42,,,0,70,,1303,42,,,0,30,,1286,42,,,0,70,,1304,42,,,0,30,,1293,42,,,0,71,,1305,42,,,0,71,,1285,42,,,0,30,,1306,42,,,0,69,,1292,42,,,0,29,,1307,42,,,0,71,,1284,42,,,0,59,,1291,42,,,0,99,,1283,42,,,0
1001,'Holiday21111111',811,,1671,46,,,0,30,,1688,46,,,0,70,,1689,46,,,0,31,,1687,46,,,0,71,,1669,46,,,0,30,,1674,46,,,0,15,,1673,46,,,0,55,,1675,46,,,0,15,,1676,46,,,0,15,,1677,46,,,0,15,,1678,46,,,0,55,,1679,46,,,0,15,,1680,46,,,0,15,,1681,46,,,0,15,,1682,46,,,0,55,,1683,46,,,0,15,,1684,46,,,0,15,,1685,46,,,0,15,,1686,46,,,0,55,,1672,46,,,0,15,,1670,46,,,0,15,,1664,46,,,0,15,,1647,46,,,0,55,,1657,46,,,0,15,,1659,46,,,0,15,,1662,46,,,0,15,,1652,46,,,0,55,,1666,46,,,0,15,,1656,46,,,0,15,,1660,46,,,0,15,,1648,46,,,0,55,,1653,46,,,0,15,,1667,46,,,0,15,,1655,46,,,0,10,,1661,46,,,0,59,,1654,46,,,0,30,,1650,46,,,0,70,,1665,46,,,0,29,,1649,46,,,0,69,,1658,46,,,0,30,,1668,46,,,0,70,,1651,46,,,0,30,,1663,46,,,0
1001,'Saturday',741,,1732,46,,,0,70,,1733,46,,,0,30,,1734,46,,,0,70,,1735,46,,,0,31,,1736,46,,,0,16,,1738,46,,,0,55,,1737,46,,,0,15,,1739,46,,,0,15,,1723,46,,,0,15,,1731,46,,,0,55,,1708,46,,,0,15,,1715,46,,,0,15,,1696,46,,,0,15,,1724,46,,,0,55,,1705,46,,,0,15,,1709,46,,,0,15,,1716,46,,,0,15,,1697,46,,,0,55,,1725,46,,,0,15,,1720,46,,,0,15,,1710,46,,,0,15,,1717,46,,,0,55,,1698,46,,,0,15,,1726,46,,,0,15,,1719,46,,,0,15,,1711,46,,,0,55,,1704,46,,,0,15,,1699,46,,,0,15,,1727,46,,,0,15,,1706,46,,,0,55,,1712,46,,,0,15,,1703,46,,,0,15,,1700,46,,,0,15,,1728,46,,,0,55,,1721,46,,,0,15,,1713,46,,,0,15,,1718,46,,,0,15,,1701,46,,,0,55,,1729,46,,,0,14,,1722,46,,,0,15,,1714,46,,,0,15,,1707,46,,,0,55,,1702,46,,,0,29,,1730,46,,,0,69,,1690,46,,,0,30,,1694,46,,,0,70,,1692,46,,,0,30,,1691,46,,,0,70,,1695,46,,,0,30,,1693,46,,,0
1001,'Sunday',811,,1764,46,,,0,30,,1781,46,,,0,70,,1782,46,,,0,31,,1780,46,,,0,71,,1762,46,,,0,30,,1767,46,,,0,15,,1766,46,,,0,55,,1768,46,,,0,15,,1769,46,,,0,15,,1770,46,,,0,15,,1771,46,,,0,55,,1772,46,,,0,15,,1773,46,,,0,15,,1774,46,,,0,15,,1775,46,,,0,55,,1776,46,,,0,15,,1777,46,,,0,15,,1778,46,,,0,15,,1779,46,,,0,55,,1765,46,,,0,15,,1763,46,,,0,15,,1757,46,,,0,15,,1740,46,,,0,55,,1750,46,,,0,15,,1752,46,,,0,15,,1755,46,,,0,15,,1745,46,,,0,55,,1759,46,,,0,15,,1749,46,,,0,15,,1753,46,,,0,15,,1741,46,,,0,55,,1746,46,,,0,15,,1760,46,,,0,15,,1748,46,,,0,10,,1754,46,,,0,59,,1747,46,,,0,30,,1743,46,,,0,70,,1758,46,,,0,29,,1742,46,,,0,69,,1751,46,,,0,30,,1761,46,,,0,70,,1744,46,,,0,30,,1756,46,,,0
1001,'Weekday',539,,1783,46,,,0,70,,1784,46,,,0,30,,1785,46,,,0,15,,1818,46,,,0,55,,1786,46,,,0,17,,1819,46,,,0,15,,1787,46,,,0,15,,1820,46,,,0,55,,1788,46,,,0,15,,1821,46,,,0,18,,1789,46,,,0,15,,1822,46,,,0,55,,1790,46,,,0,15,,1823,46,,,0,15,,1791,46,,,0,15,,1824,46,,,0,55,,1792,46,,,0,15,,1825,46,,,0,15,,1793,46,,,0,15,,1826,46,,,0,55,,1794,46,,,0,15,,1827,46,,,0,15,,1795,46,,,0,15,,1828,46,,,0,55,,1796,46,,,0,15,,1829,46,,,0,15,,1797,46,,,0,15,,1830,46,,,0,55,,1798,46,,,0,15,,1831,46,,,0,15,,1799,46,,,0,15,,1832,46,,,0,55,,1800,46,,,0,17,,1833,46,,,0,15,,1801,46,,,0,55,,1834,46,,,0,15,,1802,46,,,0,15,,1835,46,,,0,12,,1803,46,,,0,15,,1836,46,,,0,55,,1804,46,,,0,15,,1837,46,,,0,15,,1805,46,,,0,15,,1838,46,,,0,52,,1806,46,,,0,15,,1839,46,,,0,15,,1807,46,,,0,16,,1840,46,,,0,56,,1808,46,,,0,13,,1841,46,,,0,15,,1809,46,,,0,15,,1842,46,,,0,58,,1810,46,,,0,30,,1811,46,,,0,70,,1812,46,,,0,30,,1813,46,,,0,70,,1814,46,,,0,29,,1815,46,,,0,70,,1816,46,,,0,30,,1817,46,,,0
5201,'Saturday',2340,,2666,18,,,0,97,,2665,18,,,0
5201,'Weekday',2340,,2668,18,,,0,97,,2667,18,,,0
