600,'Holiday21111111',910,,7215,37,,,0,106,,7216,37,,,0,100,,7217,37,,,0,100,,7218,37,,,0,100,,7219,37,,,0,100,,7220,37,,,0,102,,7221,37,,,0,100,,7222,37,,,0,100,,7223,37,,,0,100,,7224,37,,,0,101,,7225,37,,,0,103,,7226,37,,,0
600,'Holiday3-505-1111111',810,,7241,37,,,0,100,,7240,37,,,0,106,,7239,37,,,0,100,,7238,37,,,0,100,,7237,37,,,0,100,,7236,37,,,0,100,,7235,37,,,0,100,,7234,37,,,0,100,,7233,37,,,0,100,,7232,37,,,0,100,,7231,37,,,0,100,,7230,37,,,0,100,,7229,37,,,0,100,,7228,37,,,0,100,,7227,37,,,0
600,'Saturday',810,,7256,37,,,0,100,,7255,37,,,0,106,,7254,37,,,0,100,,7253,37,,,0,100,,7252,37,,,0,100,,7251,37,,,0,100,,7250,37,,,0,100,,7249,37,,,0,100,,7248,37,,,0,100,,7247,37,,,0,100,,7246,37,,,0,100,,7245,37,,,0,100,,7244,37,,,0,100,,7243,37,,,0,100,,7242,37,,,0
600,'Sunday',910,,7257,37,,,0,106,,7258,37,,,0,100,,7259,37,,,0,100,,7260,37,,,0,100,,7261,37,,,0,100,,7262,37,,,0,102,,7263,37,,,0,100,,7264,37,,,0,100,,7265,37,,,0,100,,7266,37,,,0,100,,7267,37,,,0,100,,7268,37,,,0
600,'Weekday',616,,7269,37,,,0,32,,7270,37,,,0,70,,7271,37,,,0,32,,7272,37,,,0,70,,7273,37,,,0,31,,7274,37,,,0,70,,7275,37,,,0,28,,7276,37,,,0,70,,7277,37,,,0,30,,7278,37,,,0,70,,7279,37,,,0,30,,7280,37,,,0,70,,7281,37,,,0,30,,7282,37,,,0,70,,7283,37,,,0,30,,7284,37,,,0,70,,7285,37,,,0,28,,7286,37,,,0,73,,7287,37,,,0,34,,7288,37,,,0,79,,7298,37,,,0,73,,7296,37,,,0,26,,7295,37,,,0,26,,7293,37,,,0,67,,7299,37,,,0,29,,7297,37,,,0,69,,7294,37,,,0,30,,7289,37,,,0,69,,7290,37,,,0,100,,7291,37,,,0,100,,7292,37,,,0
1101,'Holiday21111111',813,,8064,5,,,0,30,,8063,5,,,0,70,,8062,5,,,0,30,,8065,5,,,0,74,,8061,5,,,0,30,,8066,5,,,0,70,,8060,5,,,0,30,,8067,5,,,0,70,,8068,5,,,0,30,,8059,5,,,0,70,,8069,5,,,0,30,,8058,5,,,0,70,,8057,5,,,0,30,,8070,5,,,0,70,,8056,5,,,0,30,,8071,5,,,0,70,,8072,5,,,0,30,,8055,5,,,0,70,,8073,5,,,0,30,,8054,5,,,0,70,,8074,5,,,0,30,,8053,5,,,0,70,,8052,5,,,0,30,,8075,5,,,0,70,,8076,5,,,0,30,,8077,5,,,0,70,,8078,5,,,0
1101,'Holiday3-505-1111111',713,,8093,5,,,0,30,,8094,5,,,0,70,,8079,5,,,0,30,,8095,5,,,0,70,,8080,5,,,0,30,,8096,5,,,0,70,,8081,5,,,0,30,,8097,5,,,0,70,,8082,5,,,0,30,,8098,5,,,0,70,,8083,5,,,0,30,,8099,5,,,0,70,,8084,5,,,0,30,,8100,5,,,0,70,,8085,5,,,0,30,,8101,5,,,0,70,,8086,5,,,0,30,,8102,5,,,0,70,,8087,5,,,0,30,,8103,5,,,0,70,,8088,5,,,0,30,,8104,5,,,0,70,,8089,5,,,0,30,,8105,5,,,0,70,,8090,5,,,0,32,,8106,5,,,0,70,,8091,5,,,0,30,,8107,5,,,0,70,,8092,5,,,0,30,,8108,5,,,0
1101,'Saturday',713,,8123,5,,,0,30,,8124,5,,,0,70,,8109,5,,,0,30,,8125,5,,,0,70,,8110,5,,,0,30,,8126,5,,,0,70,,8111,5,,,0,30,,8127,5,,,0,70,,8112,5,,,0,30,,8128,5,,,0,70,,8113,5,,,0,30,,8129,5,,,0,70,,8114,5,,,0,30,,8130,5,,,0,70,,8115,5,,,0,30,,8131,5,,,0,70,,8116,5,,,0,30,,8132,5,,,0,70,,8117,5,,,0,30,,8133,5,,,0,70,,8118,5,,,0,30,,8134,5,,,0,70,,8119,5,,,0,30,,8135,5,,,0,70,,8120,5,,,0,32,,8136,5,,,0,70,,8121,5,,,0,30,,8137,5,,,0,70,,8122,5,,,0,30,,8138,5,,,0
1101,'Sunday',813,,8151,5,,,0,30,,8150,5,,,0,70,,8149,5,,,0,30,,8152,5,,,0,70,,8148,5,,,0,30,,8153,5,,,0,70,,8147,5,,,0,30,,8154,5,,,0,70,,8155,5,,,0,30,,8146,5,,,0,70,,8156,5,,,0,30,,8145,5,,,0,70,,8144,5,,,0,30,,8157,5,,,0,70,,8143,5,,,0,30,,8158,5,,,0,70,,8159,5,,,0,30,,8142,5,,,0,70,,8160,5,,,0,30,,8141,5,,,0,70,,8161,5,,,0,30,,8140,5,,,0,70,,8139,5,,,0,32,,8162,5,,,0,70,,8163,5,,,0,30,,8164,5,,,0,70,,8165,5,,,0
1101,'Weekday',509,,8166,5,,,0,28,,8167,5,,,0,66,,8168,5,,,0,14,,8220,5,,,0,15,,8169,5,,,0,15,,8221,5,,,0,55,,8170,5,,,0,14,,8171,5,,,0,15,,8172,5,,,0,15,,8173,5,,,0,55,,8174,5,,,0,15,,8175,5,,,0,15,,8176,5,,,0,20,,8177,5,,,0,52,,8211,5,,,0,18,,8178,5,,,0,15,,8212,5,,,0,15,,8179,5,,,0,55,,8213,5,,,0,15,,8180,5,,,0,15,,8214,5,,,0,15,,8181,5,,,0,55,,8215,5,,,0,15,,8182,5,,,0,15,,8216,5,,,0,15,,8183,5,,,0,55,,8217,5,,,0,15,,8184,5,,,0,15,,8218,5,,,0,15,,8185,5,,,0,55,,8219,5,,,0,15,,8186,5,,,0,15,,8209,5,,,0,15,,8187,5,,,0,55,,8210,5,,,0,15,,8188,5,,,0,20,,8189,5,,,0,18,,8190,5,,,0,55,,8191,5,,,0,20,,8192,5,,,0,15,,8193,5,,,0,60,,8194,5,,,0,20,,8195,5,,,0,20,,8196,5,,,0,60,,8197,5,,,0,20,,8198,5,,,0,20,,8199,5,,,0,72,,8200,5,,,0,30,,8201,5,,,0,70,,8202,5,,,0,30,,8203,5,,,0,70,,8204,5,,,0,30,,8205,5,,,0,69,,8206,5,,,0,30,,8207,5,,,0,70,,8208,5,,,0
5100,'Holiday3-505-1111111',2317,,8867,32,,,0,98,,8866,32,,,0,100,,8865,32,,,0
5100,'Saturday',2317,,8870,32,,,0,98,,8869,32,,,0,100,,8868,32,,,0
5100,'Weekday',2327,,8873,32,,,0,88,,8872,32,,,0,100,,8871,32,,,0
