401,'Holiday21111111',1038,,7158,4,,,0,100,,7154,4,,,0,100,,7151,4,,,0,100,,7155,4,,,0,100,,7152,4,,,0,100,,7156,4,,,0,100,,7153,4,,,0,100,,7157,4,,,0
401,'Holiday3-505-1111111',938,,7159,4,,,0,100,,7164,4,,,0,100,,7160,4,,,0,100,,7165,4,,,0,100,,7161,4,,,0,100,,7166,4,,,0,100,,7162,4,,,0,100,,7167,4,,,0,100,,7163,4,,,0,100,,7168,4,,,0,100,,7169,4,,,0
401,'Saturday',938,,7170,4,,,0,100,,7175,4,,,0,100,,7171,4,,,0,100,,7176,4,,,0,100,,7172,4,,,0,100,,7177,4,,,0,100,,7173,4,,,0,100,,7178,4,,,0,100,,7174,4,,,0,100,,7179,4,,,0,100,,7180,4,,,0
401,'Sunday',1038,,7188,4,,,0,100,,7184,4,,,0,100,,7181,4,,,0,100,,7185,4,,,0,100,,7182,4,,,0,100,,7186,4,,,0,100,,7183,4,,,0,100,,7187,4,,,0
401,'Weekday',538,,7189,4,,,0,100,,7190,4,,,0,73,,7191,4,,,0,27,,7192,4,,,0,70,,7193,4,,,0,30,,7194,4,,,0,70,,7195,4,,,0,30,,7196,4,,,0,70,,7197,4,,,0,30,,7198,4,,,0,70,,7199,4,,,0,30,,7200,4,,,0,70,,7201,4,,,0,30,,7202,4,,,0,70,,7203,4,,,0,30,,7204,4,,,0,70,,7205,4,,,0,30,,7206,4,,,0,70,,7207,4,,,0,34,,7208,4,,,0,70,,7209,4,,,0,26,,7210,4,,,0,70,,7211,4,,,0,30,,7212,4,,,0,102,,7213,4,,,0,100,,7214,4,,,0
1001,'Holiday21111111',751,,7659,4,,,0,70,,7676,4,,,0,30,,7677,4,,,0,70,,7675,4,,,0,30,,7657,4,,,0,70,,7662,4,,,0,15,,7661,4,,,0,15,,7663,4,,,0,55,,7664,4,,,0,15,,7665,4,,,0,15,,7666,4,,,0,15,,7667,4,,,0,55,,7668,4,,,0,15,,7669,4,,,0,15,,7670,4,,,0,15,,7671,4,,,0,55,,7672,4,,,0,15,,7673,4,,,0,15,,7674,4,,,0,15,,7660,4,,,0,55,,7658,4,,,0,15,,7652,4,,,0,15,,7635,4,,,0,15,,7645,4,,,0,55,,7647,4,,,0,15,,7650,4,,,0,15,,7640,4,,,0,15,,7654,4,,,0,55,,7644,4,,,0,15,,7648,4,,,0,15,,7636,4,,,0,15,,7641,4,,,0,55,,7655,4,,,0,15,,7643,4,,,0,10,,7649,4,,,0,19,,7642,4,,,0,71,,7638,4,,,0,30,,7653,4,,,0,70,,7637,4,,,0,30,,7646,4,,,0,70,,7656,4,,,0,30,,7639,4,,,0,70,,7651,4,,,0
1001,'Holiday3-505-1111111',721,,7720,4,,,0,30,,7721,4,,,0,70,,7722,4,,,0,30,,7723,4,,,0,70,,7724,4,,,0,15,,7726,4,,,0,15,,7725,4,,,0,55,,7727,4,,,0,15,,7711,4,,,0,15,,7719,4,,,0,15,,7696,4,,,0,55,,7703,4,,,0,15,,7684,4,,,0,15,,7712,4,,,0,15,,7693,4,,,0,55,,7697,4,,,0,15,,7704,4,,,0,15,,7685,4,,,0,15,,7713,4,,,0,55,,7708,4,,,0,15,,7698,4,,,0,15,,7705,4,,,0,15,,7686,4,,,0,55,,7714,4,,,0,15,,7707,4,,,0,15,,7699,4,,,0,15,,7692,4,,,0,55,,7687,4,,,0,15,,7715,4,,,0,15,,7694,4,,,0,15,,7700,4,,,0,55,,7691,4,,,0,15,,7688,4,,,0,15,,7716,4,,,0,15,,7709,4,,,0,55,,7701,4,,,0,15,,7706,4,,,0,15,,7689,4,,,0,15,,7717,4,,,0,55,,7710,4,,,0,15,,7702,4,,,0,15,,7695,4,,,0,15,,7690,4,,,0,70,,7718,4,,,0,30,,7678,4,,,0,70,,7682,4,,,0,30,,7680,4,,,0,70,,7679,4,,,0,30,,7683,4,,,0,70,,7681,4,,,0
1001,'Saturday',721,,7770,4,,,0,30,,7771,4,,,0,70,,7772,4,,,0,30,,7773,4,,,0,70,,7774,4,,,0,15,,7776,4,,,0,15,,7775,4,,,0,55,,7777,4,,,0,15,,7761,4,,,0,15,,7769,4,,,0,15,,7746,4,,,0,55,,7753,4,,,0,15,,7734,4,,,0,15,,7762,4,,,0,15,,7743,4,,,0,55,,7747,4,,,0,15,,7754,4,,,0,15,,7735,4,,,0,15,,7763,4,,,0,55,,7758,4,,,0,15,,7748,4,,,0,15,,7755,4,,,0,15,,7736,4,,,0,55,,7764,4,,,0,15,,7757,4,,,0,15,,7749,4,,,0,15,,7742,4,,,0,55,,7737,4,,,0,15,,7765,4,,,0,15,,7744,4,,,0,15,,7750,4,,,0,55,,7741,4,,,0,15,,7738,4,,,0,15,,7766,4,,,0,15,,7759,4,,,0,55,,7751,4,,,0,15,,7756,4,,,0,15,,7739,4,,,0,15,,7767,4,,,0,55,,7760,4,,,0,15,,7752,4,,,0,15,,7745,4,,,0,15,,7740,4,,,0,70,,7768,4,,,0,30,,7728,4,,,0,70,,7732,4,,,0,30,,7730,4,,,0,70,,7729,4,,,0,30,,7733,4,,,0,70,,7731,4,,,0
1001,'Sunday',751,,7802,4,,,0,70,,7819,4,,,0,30,,7820,4,,,0,70,,7818,4,,,0,30,,7800,4,,,0,70,,7805,4,,,0,15,,7804,4,,,0,15,,7806,4,,,0,55,,7807,4,,,0,15,,7808,4,,,0,15,,7809,4,,,0,15,,7810,4,,,0,55,,7811,4,,,0,15,,7812,4,,,0,15,,7813,4,,,0,15,,7814,4,,,0,55,,7815,4,,,0,15,,7816,4,,,0,15,,7817,4,,,0,15,,7803,4,,,0,55,,7801,4,,,0,15,,7795,4,,,0,15,,7778,4,,,0,15,,7788,4,,,0,55,,7790,4,,,0,15,,7793,4,,,0,15,,7783,4,,,0,15,,7797,4,,,0,55,,7787,4,,,0,15,,7791,4,,,0,15,,7779,4,,,0,15,,7784,4,,,0,55,,7798,4,,,0,15,,7786,4,,,0,10,,7792,4,,,0,19,,7785,4,,,0,71,,7781,4,,,0,30,,7796,4,,,0,70,,7780,4,,,0,30,,7789,4,,,0,70,,7799,4,,,0,30,,7782,4,,,0,70,,7794,4,,,0
1001,'Weekday',517,,7821,4,,,0,28,,7822,4,,,0,70,,7823,4,,,0,15,,7856,4,,,0,15,,7824,4,,,0,55,,7857,4,,,0,16,,7825,4,,,0,15,,7858,4,,,0,15,,7826,4,,,0,60,,7859,4,,,0,15,,7827,4,,,0,15,,7860,4,,,0,15,,7828,4,,,0,55,,7861,4,,,0,15,,7829,4,,,0,15,,7862,4,,,0,15,,7830,4,,,0,55,,7863,4,,,0,15,,7831,4,,,0,15,,7864,4,,,0,15,,7832,4,,,0,55,,7865,4,,,0,15,,7833,4,,,0,15,,7866,4,,,0,15,,7834,4,,,0,55,,7867,4,,,0,15,,7835,4,,,0,15,,7868,4,,,0,15,,7836,4,,,0,55,,7869,4,,,0,15,,7837,4,,,0,15,,7870,4,,,0,15,,7838,4,,,0,55,,7871,4,,,0,15,,7839,4,,,0,15,,7872,4,,,0,15,,7840,4,,,0,55,,7873,4,,,0,12,,7841,4,,,0,15,,7874,4,,,0,15,,7842,4,,,0,55,,7875,4,,,0,15,,7843,4,,,0,15,,7876,4,,,0,12,,7844,4,,,0,55,,7877,4,,,0,15,,7845,4,,,0,18,,7878,4,,,0,15,,7846,4,,,0,55,,7879,4,,,0,18,,7847,4,,,0,15,,7880,4,,,0,15,,7848,4,,,0,70,,7849,4,,,0,30,,7850,4,,,0,70,,7851,4,,,0,30,,7852,4,,,0,70,,7853,4,,,0,30,,7854,4,,,0,70,,7855,4,,,0
2500,'Holiday21111111',747,,8522,4,,,0,70,,8534,4,,,0,30,,8523,4,,,0,70,,8535,4,,,0,35,,8524,4,,,0,70,,8536,4,,,0,30,,8525,4,,,0,70,,8537,4,,,0,30,,8526,4,,,0,70,,8538,4,,,0,30,,8527,4,,,0,70,,8539,4,,,0,30,,8528,4,,,0,70,,8540,4,,,0,30,,8529,4,,,0,70,,8541,4,,,0,30,,8530,4,,,0,70,,8542,4,,,0,30,,8531,4,,,0,70,,8543,4,,,0,30,,8532,4,,,0,70,,8544,4,,,0,30,,8533,4,,,0,70,,8545,4,,,0,30,,8546,4,,,0,70,,8547,4,,,0,30,,8548,4,,,0,70,,8549,4,,,0
2500,'Holiday3-505-1111111',717,,8563,4,,,0,30,,8562,4,,,0,70,,8564,4,,,0,30,,8561,4,,,0,70,,8565,4,,,0,30,,8560,4,,,0,70,,8566,4,,,0,30,,8559,4,,,0,70,,8567,4,,,0,30,,8558,4,,,0,70,,8568,4,,,0,30,,8557,4,,,0,70,,8569,4,,,0,30,,8556,4,,,0,70,,8570,4,,,0,30,,8555,4,,,0,70,,8571,4,,,0,30,,8554,4,,,0,70,,8572,4,,,0,30,,8553,4,,,0,70,,8573,4,,,0,30,,8552,4,,,0,72,,8574,4,,,0,30,,8551,4,,,0,70,,8575,4,,,0,30,,8550,4,,,0,70,,8576,4,,,0,30,,8578,4,,,0,70,,8577,4,,,0,30,,8579,4,,,0
2500,'Saturday',717,,8593,4,,,0,30,,8592,4,,,0,70,,8594,4,,,0,30,,8591,4,,,0,70,,8595,4,,,0,30,,8590,4,,,0,70,,8596,4,,,0,30,,8589,4,,,0,70,,8597,4,,,0,30,,8588,4,,,0,70,,8598,4,,,0,30,,8587,4,,,0,70,,8599,4,,,0,30,,8586,4,,,0,70,,8600,4,,,0,30,,8585,4,,,0,70,,8601,4,,,0,30,,8584,4,,,0,70,,8602,4,,,0,30,,8583,4,,,0,70,,8603,4,,,0,30,,8582,4,,,0,72,,8604,4,,,0,30,,8581,4,,,0,70,,8605,4,,,0,30,,8580,4,,,0,70,,8606,4,,,0,30,,8608,4,,,0,70,,8607,4,,,0,30,,8609,4,,,0
2500,'Sunday',747,,8610,4,,,0,70,,8622,4,,,0,30,,8611,4,,,0,70,,8623,4,,,0,30,,8612,4,,,0,70,,8624,4,,,0,30,,8613,4,,,0,70,,8625,4,,,0,30,,8614,4,,,0,70,,8626,4,,,0,30,,8615,4,,,0,70,,8627,4,,,0,30,,8616,4,,,0,70,,8628,4,,,0,30,,8617,4,,,0,70,,8629,4,,,0,30,,8618,4,,,0,70,,8630,4,,,0,30,,8619,4,,,0,70,,8631,4,,,0,30,,8620,4,,,0,72,,8632,4,,,0,30,,8621,4,,,0,70,,8633,4,,,0,30,,8634,4,,,0,70,,8635,4,,,0,30,,8636,4,,,0,70,,8637,4,,,0
2500,'Weekday',510,,8638,4,,,0,28,,8639,4,,,0,66,,8640,4,,,0,28,,8641,4,,,0,68,,8642,4,,,0,15,,8643,4,,,0,15,,8644,4,,,0,15,,8645,4,,,0,55,,8646,4,,,0,21,,8647,4,,,0,15,,8648,4,,,0,17,,8649,4,,,0,70,,8650,4,,,0,30,,8651,4,,,0,70,,8652,4,,,0,30,,8653,4,,,0,70,,8654,4,,,0,30,,8655,4,,,0,70,,8656,4,,,0,30,,8657,4,,,0,70,,8658,4,,,0,30,,8659,4,,,0,70,,8660,4,,,0,15,,8661,4,,,0,15,,8662,4,,,0,55,,8663,4,,,0,15,,8664,4,,,0,15,,8665,4,,,0,15,,8666,4,,,0,55,,8667,4,,,0,15,,8668,4,,,0,15,,8669,4,,,0,15,,8670,4,,,0,55,,8671,4,,,0,15,,8672,4,,,0,15,,8673,4,,,0,15,,8674,4,,,0,70,,8675,4,,,0,30,,8676,4,,,0,70,,8677,4,,,0,29,,8678,4,,,0,70,,8679,4,,,0,30,,8680,4,,,0,70,,8681,4,,,0,30,,8682,4,,,0,70,,8683,4,,,0,30,,8684,4,,,0,70,,8685,4,,,0
