200,'Holiday21111111',810,,566,37,,,0,100,,567,37,,,0,32,,590,37,,,0,70,,568,37,,,0,30,,579,37,,,0,70,,569,37,,,0,30,,580,37,,,0,70,,570,37,,,0,30,,581,37,,,0,70,,571,37,,,0,30,,582,37,,,0,70,,572,37,,,0,30,,583,37,,,0,70,,573,37,,,0,30,,584,37,,,0,70,,574,37,,,0,30,,585,37,,,0,70,,575,37,,,0,30,,586,37,,,0,70,,576,37,,,0,28,,587,37,,,0,70,,577,37,,,0,33,,588,37,,,0,70,,578,37,,,0,30,,589,37,,,0,70,,591,37,,,0,30,,592,37,,,0
200,'Saturday',640,,593,37,,,0,100,,594,37,,,0,100,,595,37,,,0,102,,596,37,,,0,70,,609,37,,,0,20,,597,37,,,0,20,,623,37,,,0,60,,610,37,,,0,20,,598,37,,,0,20,,624,37,,,0,60,,611,37,,,0,20,,599,37,,,0,20,,625,37,,,0,65,,612,37,,,0,20,,600,37,,,0,20,,626,37,,,0,60,,613,37,,,0,20,,601,37,,,0,20,,627,37,,,0,60,,614,37,,,0,25,,602,37,,,0,60,,628,37,,,0,20,,615,37,,,0,20,,603,37,,,0,60,,629,37,,,0,20,,616,37,,,0,20,,604,37,,,0,70,,617,37,,,0,30,,605,37,,,0,70,,618,37,,,0,28,,606,37,,,0,70,,619,37,,,0,30,,607,37,,,0,70,,620,37,,,0,30,,608,37,,,0,70,,621,37,,,0
200,'Sunday',810,,630,37,,,0,100,,631,37,,,0,102,,632,37,,,0,20,,643,37,,,0,20,,656,37,,,0,60,,633,37,,,0,20,,644,37,,,0,20,,657,37,,,0,60,,634,37,,,0,20,,645,37,,,0,20,,658,37,,,0,65,,635,37,,,0,20,,646,37,,,0,20,,659,37,,,0,60,,636,37,,,0,20,,647,37,,,0,20,,660,37,,,0,60,,637,37,,,0,25,,648,37,,,0,60,,661,37,,,0,20,,638,37,,,0,20,,649,37,,,0,60,,662,37,,,0,20,,639,37,,,0,20,,650,37,,,0,70,,640,37,,,0,30,,651,37,,,0,70,,641,37,,,0,28,,652,37,,,0,70,,642,37,,,0,30,,653,37,,,0,70,,654,37,,,0,30,,655,37,,,0
200,'Weekday',506,,663,37,,,0,30,,665,37,,,0,70,,667,37,,,0,28,,696,37,,,0,15,,669,37,,,0,55,,670,37,,,0,15,,697,37,,,0,18,,671,37,,,0,15,,672,37,,,0,55,,673,37,,,0,16,,674,37,,,0,15,,675,37,,,0,15,,698,37,,,0,55,,676,37,,,0,15,,699,37,,,0,15,,677,37,,,0,16,,678,37,,,0,54,,700,37,,,0,15,,701,37,,,0,15,,702,37,,,0,15,,679,37,,,0,55,,703,37,,,0,15,,704,37,,,0,17,,680,37,,,0,15,,705,37,,,0,55,,681,37,,,0,15,,682,37,,,0,15,,706,37,,,0,15,,707,37,,,0,55,,683,37,,,0,15,,684,37,,,0,15,,708,37,,,0,15,,709,37,,,0,55,,685,37,,,0,15,,710,37,,,0,15,,711,37,,,0,15,,686,37,,,0,55,,712,37,,,0,15,,713,37,,,0,15,,714,37,,,0,15,,687,37,,,0,55,,688,37,,,0,15,,689,37,,,0,15,,715,37,,,0,15,,716,37,,,0,55,,717,37,,,0,15,,718,37,,,0,15,,690,37,,,0,15,,719,37,,,0,56,,691,37,,,0,15,,720,37,,,0,12,,692,37,,,0,15,,721,37,,,0,59,,722,37,,,0,30,,723,37,,,0,70,,695,37,,,0,30,,693,37,,,0,70,,664,37,,,0,30,,694,37,,,0,72,,666,37,,,0,27,,668,37,,,0
300,'Holiday21111111',824,,887,35,,,0,100,,888,35,,,0,30,,900,35,,,0,72,,889,35,,,0,30,,901,35,,,0,70,,890,35,,,0,30,,902,35,,,0,70,,891,35,,,0,30,,903,35,,,0,70,,892,35,,,0,30,,904,35,,,0,70,,893,35,,,0,30,,905,35,,,0,70,,894,35,,,0,30,,906,35,,,0,70,,895,35,,,0,30,,907,35,,,0,70,,896,35,,,0,30,,908,35,,,0,68,,897,35,,,0,32,,909,35,,,0,71,,898,35,,,0,29,,910,35,,,0,73,,899,35,,,0,30,,911,35,,,0,69,,912,35,,,0
300,'Saturday',724,,913,35,,,0,100,,914,35,,,0,100,,915,35,,,0,30,,929,35,,,0,72,,916,35,,,0,30,,930,35,,,0,60,,917,35,,,0,20,,942,35,,,0,20,,931,35,,,0,60,,918,35,,,0,20,,943,35,,,0,65,,932,35,,,0,20,,919,35,,,0,20,,944,35,,,0,60,,933,35,,,0,20,,920,35,,,0,20,,945,35,,,0,60,,934,35,,,0,20,,921,35,,,0,25,,946,35,,,0,60,,935,35,,,0,20,,922,35,,,0,20,,947,35,,,0,60,,936,35,,,0,20,,923,35,,,0,30,,937,35,,,0,68,,924,35,,,0,30,,938,35,,,0,70,,925,35,,,0,30,,939,35,,,0,70,,926,35,,,0,30,,940,35,,,0,69,,927,35,,,0,30,,941,35,,,0,70,,928,35,,,0
300,'Sunday',824,,948,35,,,0,100,,949,35,,,0,30,,961,35,,,0,72,,950,35,,,0,30,,962,35,,,0,60,,951,35,,,0,20,,974,35,,,0,20,,963,35,,,0,60,,952,35,,,0,20,,975,35,,,0,65,,964,35,,,0,20,,953,35,,,0,20,,976,35,,,0,60,,965,35,,,0,20,,954,35,,,0,20,,979,35,,,0,60,,966,35,,,0,20,,955,35,,,0,25,,977,35,,,0,60,,967,35,,,0,20,,956,35,,,0,20,,978,35,,,0,60,,968,35,,,0,20,,957,35,,,0,30,,969,35,,,0,68,,958,35,,,0,30,,970,35,,,0,70,,959,35,,,0,30,,971,35,,,0,70,,960,35,,,0,30,,972,35,,,0,69,,973,35,,,0
300,'Weekday',551,,980,35,,,0,71,,1022,35,,,0,14,,1023,35,,,0,15,,982,35,,,0,55,,983,35,,,0,16,,984,35,,,0,17,,1024,35,,,0,13,,1025,35,,,0,55,,985,35,,,0,16,,986,35,,,0,15,,987,35,,,0,15,,988,35,,,0,55,,989,35,,,0,17,,1026,35,,,0,15,,990,35,,,0,15,,1027,35,,,0,55,,991,35,,,0,20,,992,35,,,0,18,,993,35,,,0,55,,994,35,,,0,15,,1028,35,,,0,15,,995,35,,,0,15,,996,35,,,0,55,,997,35,,,0,15,,1029,35,,,0,15,,998,35,,,0,15,,1030,35,,,0,55,,999,35,,,0,15,,1000,35,,,0,15,,1031,35,,,0,15,,1032,35,,,0,55,,1033,35,,,0,15,,1034,35,,,0,15,,1035,35,,,0,15,,1001,35,,,0,55,,1002,35,,,0,15,,1003,35,,,0,15,,1004,35,,,0,15,,1005,35,,,0,57,,1036,35,,,0,15,,1006,35,,,0,15,,1037,35,,,0,15,,1038,35,,,0,54,,1007,35,,,0,15,,1008,35,,,0,15,,1009,35,,,0,15,,1039,35,,,0,55,,1040,35,,,0,15,,1017,35,,,0,11,,1016,35,,,0,15,,1010,35,,,0,55,,1020,35,,,0,14,,1015,35,,,0,16,,1011,35,,,0,70,,1012,35,,,0,30,,1021,35,,,0,29,,1014,35,,,0,71,,1019,35,,,0,70,,1018,35,,,0,28,,1013,35,,,0,30,,981,35,,,0
5200,'Saturday',2314,,2660,25,,,0,97,,2661,25,,,0,95,,2659,25,,,0
5200,'Weekday',2314,,2664,25,,,0,97,,2663,25,,,0,95,,2662,25,,,0
