300,'Holiday21111111',818,,6696,23,,,0,100,,6697,23,,,0,30,,6709,23,,,0,72,,6698,23,,,0,30,,6710,23,,,0,70,,6699,23,,,0,30,,6711,23,,,0,70,,6700,23,,,0,30,,6712,23,,,0,70,,6701,23,,,0,30,,6713,23,,,0,70,,6702,23,,,0,30,,6714,23,,,0,70,,6703,23,,,0,30,,6715,23,,,0,70,,6704,23,,,0,30,,6716,23,,,0,70,,6705,23,,,0,30,,6717,23,,,0,68,,6706,23,,,0,32,,6718,23,,,0,71,,6707,23,,,0,29,,6719,23,,,0,73,,6708,23,,,0,30,,6720,23,,,0,69,,6721,23,,,0
300,'Holiday3-505-1111111',718,,6722,23,,,0,100,,6723,23,,,0,100,,6724,23,,,0,30,,6738,23,,,0,72,,6725,23,,,0,30,,6739,23,,,0,60,,6726,23,,,0,20,,6751,23,,,0,20,,6740,23,,,0,60,,6727,23,,,0,20,,6752,23,,,0,25,,6741,23,,,0,60,,6728,23,,,0,20,,6753,23,,,0,20,,6742,23,,,0,60,,6729,23,,,0,20,,6754,23,,,0,20,,6743,23,,,0,60,,6730,23,,,0,25,,6755,23,,,0,60,,6744,23,,,0,20,,6731,23,,,0,20,,6756,23,,,0,60,,6745,23,,,0,20,,6732,23,,,0,30,,6746,23,,,0,68,,6733,23,,,0,30,,6747,23,,,0,70,,6734,23,,,0,30,,6748,23,,,0,70,,6735,23,,,0,30,,6749,23,,,0,69,,6736,23,,,0,30,,6750,23,,,0,70,,6737,23,,,0
300,'Saturday',718,,6757,23,,,0,100,,6758,23,,,0,100,,6759,23,,,0,30,,6773,23,,,0,72,,6760,23,,,0,30,,6774,23,,,0,60,,6761,23,,,0,20,,6786,23,,,0,20,,6775,23,,,0,60,,6762,23,,,0,20,,6787,23,,,0,25,,6776,23,,,0,60,,6763,23,,,0,20,,6788,23,,,0,20,,6777,23,,,0,60,,6764,23,,,0,20,,6789,23,,,0,20,,6778,23,,,0,60,,6765,23,,,0,25,,6790,23,,,0,60,,6779,23,,,0,20,,6766,23,,,0,20,,6791,23,,,0,60,,6780,23,,,0,20,,6767,23,,,0,30,,6781,23,,,0,68,,6768,23,,,0,30,,6782,23,,,0,70,,6769,23,,,0,30,,6783,23,,,0,70,,6770,23,,,0,30,,6784,23,,,0,69,,6771,23,,,0,30,,6785,23,,,0,70,,6772,23,,,0
300,'Sunday',818,,6792,23,,,0,100,,6793,23,,,0,30,,6805,23,,,0,72,,6794,23,,,0,30,,6806,23,,,0,60,,6795,23,,,0,20,,6818,23,,,0,20,,6807,23,,,0,60,,6796,23,,,0,20,,6819,23,,,0,25,,6808,23,,,0,60,,6797,23,,,0,20,,6820,23,,,0,20,,6809,23,,,0,60,,6798,23,,,0,20,,6823,23,,,0,20,,6810,23,,,0,60,,6799,23,,,0,25,,6821,23,,,0,60,,6811,23,,,0,20,,6800,23,,,0,20,,6822,23,,,0,60,,6812,23,,,0,20,,6801,23,,,0,30,,6813,23,,,0,68,,6802,23,,,0,30,,6814,23,,,0,70,,6803,23,,,0,30,,6815,23,,,0,70,,6804,23,,,0,30,,6816,23,,,0,69,,6817,23,,,0
300,'Weekday',542,,6824,23,,,0,68,,6866,23,,,0,15,,6867,23,,,0,15,,6826,23,,,0,15,,6827,23,,,0,55,,6828,23,,,0,17,,6868,23,,,0,15,,6869,23,,,0,15,,6829,23,,,0,55,,6830,23,,,0,17,,6831,23,,,0,15,,6832,23,,,0,15,,6833,23,,,0,55,,6870,23,,,0,15,,6834,23,,,0,15,,6871,23,,,0,15,,6835,23,,,0,60,,6836,23,,,0,19,,6837,23,,,0,16,,6838,23,,,0,55,,6872,23,,,0,15,,6839,23,,,0,15,,6840,23,,,0,15,,6841,23,,,0,55,,6873,23,,,0,15,,6842,23,,,0,15,,6874,23,,,0,15,,6843,23,,,0,55,,6844,23,,,0,15,,6875,23,,,0,15,,6876,23,,,0,15,,6877,23,,,0,55,,6878,23,,,0,15,,6879,23,,,0,15,,6845,23,,,0,15,,6846,23,,,0,55,,6847,23,,,0,15,,6848,23,,,0,15,,6849,23,,,0,15,,6880,23,,,0,55,,6850,23,,,0,15,,6881,23,,,0,15,,6882,23,,,0,15,,6851,23,,,0,55,,6852,23,,,0,15,,6853,23,,,0,15,,6883,23,,,0,12,,6884,23,,,0,55,,6861,23,,,0,15,,6860,23,,,0,15,,6854,23,,,0,15,,6864,23,,,0,55,,6859,23,,,0,17,,6855,23,,,0,30,,6856,23,,,0,70,,6865,23,,,0,30,,6858,23,,,0,70,,6863,23,,,0,30,,6862,23,,,0,68,,6857,23,,,0,30,,6825,23,,,0
1201,'Holiday21111111',806,,8381,17,,,0,100,,8382,17,,,0,30,,8380,17,,,0,70,,8383,17,,,0,33,,8379,17,,,0,67,,8384,17,,,0,30,,8378,17,,,0,70,,8385,17,,,0,30,,8377,17,,,0,70,,8386,17,,,0,30,,8376,17,,,0,70,,8387,17,,,0,33,,8375,17,,,0,67,,8388,17,,,0,30,,8374,17,,,0,70,,8389,17,,,0,30,,8373,17,,,0,70,,8390,17,,,0,30,,8372,17,,,0,73,,8397,17,,,0,30,,8398,17,,,0,70,,8394,17,,,0,30,,8393,17,,,0,70,,8392,17,,,0,30,,8391,17,,,0,70,,8396,17,,,0,30,,8395,17,,,0
1201,'Holiday3-505-1111111',734,,8413,17,,,0,70,,8416,17,,,0,30,,8412,17,,,0,70,,8417,17,,,0,30,,8411,17,,,0,70,,8418,17,,,0,35,,8410,17,,,0,65,,8419,17,,,0,30,,8409,17,,,0,70,,8420,17,,,0,30,,8408,17,,,0,70,,8421,17,,,0,30,,8407,17,,,0,70,,8422,17,,,0,35,,8406,17,,,0,65,,8423,17,,,0,30,,8405,17,,,0,70,,8424,17,,,0,30,,8404,17,,,0,70,,8425,17,,,0,30,,8403,17,,,0,70,,8426,17,,,0,30,,8402,17,,,0,70,,8427,17,,,0,30,,8401,17,,,0,70,,8415,17,,,0,30,,8400,17,,,0,70,,8414,17,,,0,30,,8399,17,,,0,70,,8428,17,,,0
1201,'Saturday',734,,8443,17,,,0,70,,8446,17,,,0,30,,8442,17,,,0,70,,8447,17,,,0,30,,8441,17,,,0,70,,8448,17,,,0,35,,8440,17,,,0,65,,8449,17,,,0,30,,8439,17,,,0,70,,8450,17,,,0,30,,8438,17,,,0,70,,8451,17,,,0,30,,8437,17,,,0,70,,8452,17,,,0,35,,8436,17,,,0,65,,8453,17,,,0,30,,8435,17,,,0,70,,8454,17,,,0,30,,8434,17,,,0,70,,8455,17,,,0,30,,8433,17,,,0,70,,8456,17,,,0,30,,8432,17,,,0,70,,8457,17,,,0,30,,8431,17,,,0,70,,8445,17,,,0,30,,8430,17,,,0,70,,8444,17,,,0,30,,8429,17,,,0,70,,8458,17,,,0
1201,'Sunday',804,,8468,17,,,0,100,,8469,17,,,0,30,,8467,17,,,0,70,,8470,17,,,0,35,,8466,17,,,0,65,,8471,17,,,0,30,,8465,17,,,0,70,,8472,17,,,0,30,,8464,17,,,0,70,,8473,17,,,0,30,,8463,17,,,0,70,,8474,17,,,0,35,,8462,17,,,0,65,,8475,17,,,0,30,,8461,17,,,0,70,,8476,17,,,0,30,,8460,17,,,0,70,,8477,17,,,0,30,,8459,17,,,0,70,,8478,17,,,0,35,,8479,17,,,0,70,,8480,17,,,0,30,,8481,17,,,0,70,,8482,17,,,0,30,,8483,17,,,0,70,,8484,17,,,0,30,,8485,17,,,0
1201,'Weekday',508,,8486,17,,,0,98,,8487,17,,,0,30,,8488,17,,,0,72,,8489,17,,,0,31,,8490,17,,,0,76,,8491,17,,,0,27,,8492,17,,,0,70,,8493,17,,,0,30,,8494,17,,,0,70,,8495,17,,,0,30,,8496,17,,,0,71,,8497,17,,,0,30,,8498,17,,,0,70,,8499,17,,,0,30,,8500,17,,,0,70,,8501,17,,,0,30,,8502,17,,,0,70,,8503,17,,,0,32,,8504,17,,,0,60,,8505,17,,,0,24,,8506,17,,,0,25,,8507,17,,,0,65,,8508,17,,,0,20,,8509,17,,,0,65,,8510,17,,,0,25,,8520,17,,,0,19,,8521,17,,,0,65,,8511,17,,,0,30,,8515,17,,,0,69,,8512,17,,,0,28,,8517,17,,,0,69,,8513,17,,,0,28,,8516,17,,,0,70,,8514,17,,,0,30,,8518,17,,,0,70,,8519,17,,,0
