401,'Holiday21111111',1101,,7158,43,,,0,100,,7154,43,,,0,100,,7151,43,,,0,100,,7155,43,,,0,100,,7152,43,,,0,100,,7156,43,,,0,100,,7153,43,,,0,58,,7157,43,,,0
401,'Holiday3-505-1111111',1001,,7159,43,,,0,100,,7164,43,,,0,100,,7160,43,,,0,100,,7165,43,,,0,100,,7161,43,,,0,100,,7166,43,,,0,100,,7162,43,,,0,100,,7167,43,,,0,58,,7163,43,,,0,100,,7168,43,,,0,100,,7169,43,,,0
401,'Saturday',1001,,7170,43,,,0,100,,7175,43,,,0,100,,7171,43,,,0,100,,7176,43,,,0,100,,7172,43,,,0,100,,7177,43,,,0,100,,7173,43,,,0,100,,7178,43,,,0,58,,7174,43,,,0,100,,7179,43,,,0,100,,7180,43,,,0
401,'Sunday',1101,,7188,43,,,0,100,,7184,43,,,0,100,,7181,43,,,0,100,,7185,43,,,0,100,,7182,43,,,0,100,,7186,43,,,0,100,,7183,43,,,0,58,,7187,43,,,0
401,'Weekday',600,,7189,43,,,0,101,,7190,43,,,0,30,,7191,43,,,0,70,,7192,43,,,0,31,,7193,43,,,0,70,,7194,43,,,0,30,,7195,43,,,0,70,,7196,43,,,0,30,,7197,43,,,0,70,,7198,43,,,0,30,,7199,43,,,0,70,,7200,43,,,0,30,,7201,43,,,0,70,,7202,43,,,0,30,,7203,43,,,0,70,,7204,43,,,0,31,,7205,43,,,0,70,,7206,43,,,0,30,,7207,43,,,0,74,,7208,43,,,0,30,,7209,43,,,0,66,,7210,43,,,0,28,,7211,43,,,0,70,,7212,43,,,0,102,,7213,43,,,0,99,,7214,43,,,0
1001,'Holiday21111111',811,,7659,47,,,0,30,,7676,47,,,0,70,,7677,47,,,0,32,,7675,47,,,0,71,,7657,47,,,0,30,,7662,47,,,0,15,,7661,47,,,0,55,,7663,47,,,0,15,,7664,47,,,0,15,,7665,47,,,0,15,,7666,47,,,0,55,,7667,47,,,0,15,,7668,47,,,0,15,,7669,47,,,0,15,,7670,47,,,0,55,,7671,47,,,0,15,,7672,47,,,0,15,,7673,47,,,0,15,,7674,47,,,0,55,,7660,47,,,0,15,,7658,47,,,0,15,,7652,47,,,0,15,,7635,47,,,0,55,,7645,47,,,0,15,,7647,47,,,0,15,,7650,47,,,0,15,,7640,47,,,0,55,,7654,47,,,0,15,,7644,47,,,0,15,,7648,47,,,0,15,,7636,47,,,0,55,,7641,47,,,0,15,,7655,47,,,0,15,,7643,47,,,0,10,,7649,47,,,0,59,,7642,47,,,0,30,,7638,47,,,0,70,,7653,47,,,0,28,,7637,47,,,0,69,,7646,47,,,0,30,,7656,47,,,0,70,,7639,47,,,0,30,,7651,47,,,0
1001,'Holiday3-505-1111111',741,,7720,47,,,0,70,,7721,47,,,0,30,,7722,47,,,0,70,,7723,47,,,0,32,,7724,47,,,0,16,,7726,47,,,0,55,,7725,47,,,0,15,,7727,47,,,0,15,,7711,47,,,0,15,,7719,47,,,0,55,,7696,47,,,0,15,,7703,47,,,0,15,,7684,47,,,0,15,,7712,47,,,0,55,,7693,47,,,0,15,,7697,47,,,0,15,,7704,47,,,0,15,,7685,47,,,0,55,,7713,47,,,0,15,,7708,47,,,0,15,,7698,47,,,0,15,,7705,47,,,0,55,,7686,47,,,0,15,,7714,47,,,0,15,,7707,47,,,0,15,,7699,47,,,0,55,,7692,47,,,0,15,,7687,47,,,0,15,,7715,47,,,0,15,,7694,47,,,0,55,,7700,47,,,0,15,,7691,47,,,0,15,,7688,47,,,0,15,,7716,47,,,0,55,,7709,47,,,0,15,,7701,47,,,0,15,,7706,47,,,0,15,,7689,47,,,0,55,,7717,47,,,0,14,,7710,47,,,0,15,,7702,47,,,0,15,,7695,47,,,0,55,,7690,47,,,0,28,,7718,47,,,0,69,,7678,47,,,0,30,,7682,47,,,0,70,,7680,47,,,0,30,,7679,47,,,0,70,,7683,47,,,0,30,,7681,47,,,0
1001,'Saturday',741,,7770,47,,,0,70,,7771,47,,,0,30,,7772,47,,,0,70,,7773,47,,,0,32,,7774,47,,,0,16,,7776,47,,,0,55,,7775,47,,,0,15,,7777,47,,,0,15,,7761,47,,,0,15,,7769,47,,,0,55,,7746,47,,,0,15,,7753,47,,,0,15,,7734,47,,,0,15,,7762,47,,,0,55,,7743,47,,,0,15,,7747,47,,,0,15,,7754,47,,,0,15,,7735,47,,,0,55,,7763,47,,,0,15,,7758,47,,,0,15,,7748,47,,,0,15,,7755,47,,,0,55,,7736,47,,,0,15,,7764,47,,,0,15,,7757,47,,,0,15,,7749,47,,,0,55,,7742,47,,,0,15,,7737,47,,,0,15,,7765,47,,,0,15,,7744,47,,,0,55,,7750,47,,,0,15,,7741,47,,,0,15,,7738,47,,,0,15,,7766,47,,,0,55,,7759,47,,,0,15,,7751,47,,,0,15,,7756,47,,,0,15,,7739,47,,,0,55,,7767,47,,,0,14,,7760,47,,,0,15,,7752,47,,,0,15,,7745,47,,,0,55,,7740,47,,,0,28,,7768,47,,,0,69,,7728,47,,,0,30,,7732,47,,,0,70,,7730,47,,,0,30,,7729,47,,,0,70,,7733,47,,,0,30,,7731,47,,,0
1001,'Sunday',811,,7802,47,,,0,30,,7819,47,,,0,70,,7820,47,,,0,32,,7818,47,,,0,71,,7800,47,,,0,30,,7805,47,,,0,15,,7804,47,,,0,55,,7806,47,,,0,15,,7807,47,,,0,15,,7808,47,,,0,15,,7809,47,,,0,55,,7810,47,,,0,15,,7811,47,,,0,15,,7812,47,,,0,15,,7813,47,,,0,55,,7814,47,,,0,15,,7815,47,,,0,15,,7816,47,,,0,15,,7817,47,,,0,55,,7803,47,,,0,15,,7801,47,,,0,15,,7795,47,,,0,15,,7778,47,,,0,55,,7788,47,,,0,15,,7790,47,,,0,15,,7793,47,,,0,15,,7783,47,,,0,55,,7797,47,,,0,15,,7787,47,,,0,15,,7791,47,,,0,15,,7779,47,,,0,55,,7784,47,,,0,15,,7798,47,,,0,15,,7786,47,,,0,10,,7792,47,,,0,59,,7785,47,,,0,30,,7781,47,,,0,70,,7796,47,,,0,28,,7780,47,,,0,69,,7789,47,,,0,30,,7799,47,,,0,70,,7782,47,,,0,30,,7794,47,,,0
1001,'Weekday',539,,7821,47,,,0,68,,7822,47,,,0,30,,7823,47,,,0,15,,7856,47,,,0,55,,7824,47,,,0,15,,7857,47,,,0,17,,7825,47,,,0,15,,7858,47,,,0,55,,7826,47,,,0,20,,7859,47,,,0,15,,7827,47,,,0,15,,7860,47,,,0,55,,7828,47,,,0,16,,7861,47,,,0,15,,7829,47,,,0,55,,7862,47,,,0,15,,7830,47,,,0,15,,7863,47,,,0,15,,7831,47,,,0,55,,7864,47,,,0,15,,7832,47,,,0,15,,7865,47,,,0,15,,7833,47,,,0,55,,7866,47,,,0,15,,7834,47,,,0,15,,7867,47,,,0,15,,7835,47,,,0,55,,7868,47,,,0,15,,7836,47,,,0,15,,7869,47,,,0,15,,7837,47,,,0,55,,7870,47,,,0,15,,7838,47,,,0,17,,7871,47,,,0,15,,7839,47,,,0,55,,7872,47,,,0,15,,7840,47,,,0,15,,7873,47,,,0,12,,7841,47,,,0,15,,7874,47,,,0,55,,7842,47,,,0,15,,7875,47,,,0,15,,7843,47,,,0,15,,7876,47,,,0,52,,7844,47,,,0,15,,7877,47,,,0,15,,7845,47,,,0,18,,7878,47,,,0,55,,7846,47,,,0,12,,7879,47,,,0,18,,7847,47,,,0,15,,7880,47,,,0,55,,7848,47,,,0,30,,7849,47,,,0,70,,7850,47,,,0,30,,7851,47,,,0,70,,7852,47,,,0,28,,7853,47,,,0,70,,7854,47,,,0,30,,7855,47,,,0
5201,'Holiday3-505-1111111',2340,,8893,19,,,0,98,,8892,19,,,0
5201,'Saturday',2340,,8895,19,,,0,98,,8894,19,,,0
5201,'Weekday',2350,,8897,19,,,0,88,,8896,19,,,0
