400,'Holiday21111111',1159,,1203,36,,,0,100,,1207,36,,,0,100,,1204,36,,,0,100,,1208,36,,,0,100,,1205,36,,,0,100,,1209,36,,,0,100,,1206,36,,,0
400,'Saturday',859,,1210,36,,,0,100,,1216,36,,,0,100,,1211,36,,,0,100,,1217,36,,,0,100,,1212,36,,,0,100,,1218,36,,,0,100,,1213,36,,,0,100,,1219,36,,,0,100,,1214,36,,,0,100,,1220,36,,,0,100,,1215,36,,,0,100,,1221,36,,,0,98,,1222,36,,,0
400,'Sunday',1159,,1223,36,,,0,100,,1227,36,,,0,100,,1224,36,,,0,100,,1228,36,,,0,100,,1225,36,,,0,100,,1229,36,,,0,100,,1226,36,,,0
400,'Weekday',559,,1245,36,,,0,100,,1237,36,,,0,141,,1244,36,,,0,27,,1246,36,,,0,75,,1236,36,,,0,29,,1247,36,,,0,70,,1243,36,,,0,30,,1248,36,,,0,70,,1235,36,,,0,30,,1249,36,,,0,70,,1242,36,,,0,30,,1250,36,,,0,70,,1234,36,,,0,30,,1251,36,,,0,70,,1241,36,,,0,31,,1252,36,,,0,70,,1233,36,,,0,30,,1253,36,,,0,70,,1240,36,,,0,29,,1254,36,,,0,70,,1232,36,,,0,31,,1255,36,,,0,71,,1239,36,,,0,99,,1231,36,,,0,57,,1238,36,,,0,100,,1230,36,,,0
1000,'Holiday21111111',818,,1490,23,,,0,30,,1484,23,,,0,70,,1489,23,,,0,29,,1481,23,,,0,70,,1483,23,,,0,30,,1461,23,,,0,55,,1449,23,,,0,15,,1452,23,,,0,15,,1471,23,,,0,15,,1469,23,,,0,55,,1462,23,,,0,15,,1468,23,,,0,15,,1453,23,,,0,15,,1472,23,,,0,55,,1460,23,,,0,15,,1463,23,,,0,15,,1478,23,,,0,15,,1454,23,,,0,55,,1473,23,,,0,15,,1467,23,,,0,15,,1464,23,,,0,15,,1458,23,,,0,55,,1455,23,,,0,15,,1474,23,,,0,15,,1451,23,,,0,15,,1465,23,,,0,55,,1477,23,,,0,15,,1456,23,,,0,15,,1475,23,,,0,15,,1470,23,,,0,55,,1466,23,,,0,15,,1450,23,,,0,15,,1457,23,,,0,15,,1476,23,,,0,55,,1459,23,,,0,15,,1448,23,,,0,30,,1479,23,,,0,67,,1485,23,,,0,30,,1480,23,,,0,70,,1486,23,,,0,30,,1482,23,,,0,70,,1487,23,,,0,30,,1488,23,,,0
1000,'Saturday',714,,1497,23,,,0,30,,1498,23,,,0,70,,1499,23,,,0,30,,1500,23,,,0,70,,1501,23,,,0,18,,1541,23,,,0,15,,1502,23,,,0,55,,1503,23,,,0,15,,1504,23,,,0,15,,1505,23,,,0,15,,1506,23,,,0,55,,1507,23,,,0,15,,1508,23,,,0,15,,1509,23,,,0,15,,1510,23,,,0,55,,1511,23,,,0,15,,1512,23,,,0,15,,1513,23,,,0,15,,1514,23,,,0,55,,1515,23,,,0,15,,1516,23,,,0,15,,1517,23,,,0,15,,1518,23,,,0,55,,1519,23,,,0,15,,1520,23,,,0,15,,1521,23,,,0,15,,1522,23,,,0,55,,1523,23,,,0,15,,1524,23,,,0,15,,1525,23,,,0,15,,1526,23,,,0,55,,1527,23,,,0,15,,1528,23,,,0,15,,1529,23,,,0,15,,1530,23,,,0,55,,1531,23,,,0,15,,1532,23,,,0,15,,1533,23,,,0,15,,1534,23,,,0,55,,1535,23,,,0,15,,1536,23,,,0,15,,1537,23,,,0,15,,1538,23,,,0,67,,1539,23,,,0,30,,1540,23,,,0,70,,1493,23,,,0,30,,1491,23,,,0,70,,1495,23,,,0,30,,1494,23,,,0,70,,1492,23,,,0,30,,1496,23,,,0
1000,'Sunday',818,,1584,23,,,0,30,,1578,23,,,0,70,,1583,23,,,0,29,,1575,23,,,0,70,,1577,23,,,0,30,,1555,23,,,0,55,,1543,23,,,0,15,,1546,23,,,0,15,,1565,23,,,0,15,,1563,23,,,0,55,,1556,23,,,0,15,,1562,23,,,0,15,,1547,23,,,0,15,,1566,23,,,0,55,,1554,23,,,0,15,,1557,23,,,0,15,,1572,23,,,0,15,,1548,23,,,0,55,,1567,23,,,0,15,,1561,23,,,0,15,,1558,23,,,0,15,,1552,23,,,0,55,,1549,23,,,0,15,,1568,23,,,0,15,,1545,23,,,0,15,,1559,23,,,0,55,,1571,23,,,0,15,,1550,23,,,0,15,,1569,23,,,0,15,,1564,23,,,0,55,,1560,23,,,0,15,,1544,23,,,0,15,,1551,23,,,0,15,,1570,23,,,0,55,,1553,23,,,0,15,,1542,23,,,0,30,,1573,23,,,0,67,,1579,23,,,0,30,,1574,23,,,0,70,,1580,23,,,0,30,,1576,23,,,0,70,,1581,23,,,0,30,,1582,23,,,0
1000,'Weekday',508,,1595,23,,,0,30,,1604,23,,,0,66,,1590,23,,,0,27,,1621,23,,,0,15,,1618,23,,,0,57,,1622,23,,,0,15,,1614,23,,,0,14,,1623,23,,,0,15,,1599,23,,,0,55,,1624,23,,,0,12,,1605,23,,,0,17,,1625,23,,,0,15,,1585,23,,,0,55,,1626,23,,,0,15,,1611,23,,,0,15,,1627,23,,,0,15,,1620,23,,,0,55,,1628,23,,,0,15,,1617,23,,,0,15,,1629,23,,,0,15,,1606,23,,,0,55,,1630,23,,,0,15,,1602,23,,,0,15,,1631,23,,,0,15,,1594,23,,,0,55,,1632,23,,,0,18,,1603,23,,,0,12,,1633,23,,,0,15,,1589,23,,,0,55,,1634,23,,,0,15,,1607,23,,,0,15,,1635,23,,,0,15,,1619,23,,,0,55,,1636,23,,,0,16,,1593,23,,,0,15,,1637,23,,,0,15,,1616,23,,,0,57,,1638,23,,,0,15,,1613,23,,,0,15,,1639,23,,,0,15,,1608,23,,,0,56,,1640,23,,,0,12,,1612,23,,,0,16,,1641,23,,,0,14,,1601,23,,,0,58,,1642,23,,,0,15,,1596,23,,,0,15,,1643,23,,,0,15,,1598,23,,,0,55,,1644,23,,,0,12,,1609,23,,,0,15,,1645,23,,,0,12,,1597,23,,,0,15,,1646,23,,,0,55,,1592,23,,,0,30,,1615,23,,,0,70,,1600,23,,,0,30,,1610,23,,,0,70,,1586,23,,,0,30,,1588,23,,,0,69,,1591,23,,,0,30,,1587,23,,,0
5000,'Saturday',2315,,2638,22,,,0,97,,2637,22,,,0,95,,2639,22,,,0
5000,'Weekday',2315,,2641,22,,,0,97,,2640,22,,,0,95,,2642,22,,,0
