400,'Holiday21111111',1225,,1203,82,,,0,100,,1207,82,,,0,100,,1204,82,,,0,100,,1208,82,,,0,100,,1205,82,,,0,100,,1209,82,,,0,100,,1206,82,,,0
400,'Saturday',925,,1210,82,,,0,100,,1216,82,,,0,100,,1211,82,,,0,100,,1217,82,,,0,100,,1212,82,,,0,100,,1218,82,,,0,100,,1213,82,,,0,100,,1219,82,,,0,100,,1214,82,,,0,100,,1220,82,,,0,100,,1215,82,,,0,100,,1221,82,,,0,98,,1222,82,,,0
400,'Sunday',1225,,1223,82,,,0,100,,1227,82,,,0,100,,1224,82,,,0,100,,1228,82,,,0,100,,1225,82,,,0,100,,1229,82,,,0,100,,1226,82,,,0
400,'Weekday',624,,1245,82,,,0,100,,1237,82,,,0,102,,1244,82,,,0,27,,1246,82,,,0,75,,1236,82,,,0,30,,1247,82,,,0,70,,1243,82,,,0,30,,1248,82,,,0,70,,1235,82,,,0,30,,1249,82,,,0,70,,1242,82,,,0,30,,1250,82,,,0,70,,1234,82,,,0,30,,1251,82,,,0,70,,1241,82,,,0,72,,1252,82,,,0,30,,1233,82,,,0,70,,1253,82,,,0,30,,1240,82,,,0,28,,1254,82,,,0,70,,1232,82,,,0,31,,1255,82,,,0,71,,1239,82,,,0,97,,1231,82,,,0,97,,1238,82,,,0,100,,1230,82,,,0
1000,'Holiday21111111',836,,1490,62,,,0,70,,1484,62,,,0,30,,1489,62,,,0,69,,1481,62,,,0,30,,1483,62,,,0,70,,1461,62,,,0,15,,1449,62,,,0,15,,1452,62,,,0,15,,1471,62,,,0,55,,1469,62,,,0,15,,1462,62,,,0,15,,1468,62,,,0,15,,1453,62,,,0,55,,1472,62,,,0,15,,1460,62,,,0,15,,1463,62,,,0,15,,1478,62,,,0,55,,1454,62,,,0,15,,1473,62,,,0,15,,1467,62,,,0,15,,1464,62,,,0,55,,1458,62,,,0,15,,1455,62,,,0,15,,1474,62,,,0,15,,1451,62,,,0,55,,1465,62,,,0,15,,1477,62,,,0,15,,1456,62,,,0,15,,1475,62,,,0,55,,1470,62,,,0,15,,1466,62,,,0,15,,1450,62,,,0,15,,1457,62,,,0,55,,1476,62,,,0,15,,1459,62,,,0,15,,1448,62,,,0,70,,1479,62,,,0,27,,1485,62,,,0,70,,1480,62,,,0,30,,1486,62,,,0,70,,1482,62,,,0,30,,1487,62,,,0,70,,1488,62,,,0
1000,'Saturday',731,,1497,62,,,0,70,,1498,62,,,0,31,,1499,62,,,0,70,,1500,62,,,0,30,,1501,62,,,0,18,,1541,62,,,0,55,,1502,62,,,0,15,,1503,62,,,0,15,,1504,62,,,0,15,,1505,62,,,0,55,,1506,62,,,0,15,,1507,62,,,0,15,,1508,62,,,0,15,,1509,62,,,0,55,,1510,62,,,0,15,,1511,62,,,0,15,,1512,62,,,0,15,,1513,62,,,0,55,,1514,62,,,0,15,,1515,62,,,0,15,,1516,62,,,0,15,,1517,62,,,0,55,,1518,62,,,0,15,,1519,62,,,0,15,,1520,62,,,0,15,,1521,62,,,0,55,,1522,62,,,0,15,,1523,62,,,0,15,,1524,62,,,0,15,,1525,62,,,0,55,,1526,62,,,0,15,,1527,62,,,0,15,,1528,62,,,0,15,,1529,62,,,0,55,,1530,62,,,0,15,,1531,62,,,0,15,,1532,62,,,0,15,,1533,62,,,0,55,,1534,62,,,0,15,,1535,62,,,0,15,,1536,62,,,0,15,,1537,62,,,0,55,,1538,62,,,0,27,,1539,62,,,0,70,,1540,62,,,0,30,,1493,62,,,0,70,,1491,62,,,0,30,,1495,62,,,0,70,,1494,62,,,0,30,,1492,62,,,0,70,,1496,62,,,0
1000,'Sunday',836,,1584,62,,,0,70,,1578,62,,,0,30,,1583,62,,,0,69,,1575,62,,,0,30,,1577,62,,,0,70,,1555,62,,,0,15,,1543,62,,,0,15,,1546,62,,,0,15,,1565,62,,,0,55,,1563,62,,,0,15,,1556,62,,,0,15,,1562,62,,,0,15,,1547,62,,,0,55,,1566,62,,,0,15,,1554,62,,,0,15,,1557,62,,,0,15,,1572,62,,,0,55,,1548,62,,,0,15,,1567,62,,,0,15,,1561,62,,,0,15,,1558,62,,,0,55,,1552,62,,,0,15,,1549,62,,,0,15,,1568,62,,,0,15,,1545,62,,,0,55,,1559,62,,,0,15,,1571,62,,,0,15,,1550,62,,,0,15,,1569,62,,,0,55,,1564,62,,,0,15,,1560,62,,,0,15,,1544,62,,,0,15,,1551,62,,,0,55,,1570,62,,,0,15,,1553,62,,,0,15,,1542,62,,,0,70,,1573,62,,,0,27,,1579,62,,,0,70,,1574,62,,,0,30,,1580,62,,,0,70,,1576,62,,,0,30,,1581,62,,,0,70,,1582,62,,,0
1000,'Weekday',526,,1595,62,,,0,30,,1604,62,,,0,66,,1590,62,,,0,27,,1621,62,,,0,55,,1618,62,,,0,17,,1622,62,,,0,16,,1614,62,,,0,14,,1623,62,,,0,56,,1599,62,,,0,15,,1624,62,,,0,12,,1605,62,,,0,17,,1625,62,,,0,55,,1585,62,,,0,15,,1626,62,,,0,14,,1611,62,,,0,15,,1627,62,,,0,55,,1620,62,,,0,15,,1628,62,,,0,15,,1617,62,,,0,15,,1629,62,,,0,55,,1606,62,,,0,15,,1630,62,,,0,15,,1602,62,,,0,15,,1631,62,,,0,55,,1594,62,,,0,15,,1632,62,,,0,18,,1603,62,,,0,12,,1633,62,,,0,55,,1589,62,,,0,15,,1634,62,,,0,15,,1607,62,,,0,15,,1635,62,,,0,55,,1619,62,,,0,15,,1636,62,,,0,17,,1593,62,,,0,15,,1637,62,,,0,55,,1616,62,,,0,17,,1638,62,,,0,15,,1613,62,,,0,15,,1639,62,,,0,55,,1608,62,,,0,16,,1640,62,,,0,11,,1612,62,,,0,16,,1641,62,,,0,54,,1601,62,,,0,18,,1642,62,,,0,15,,1596,62,,,0,15,,1643,62,,,0,55,,1598,62,,,0,15,,1644,62,,,0,12,,1609,62,,,0,15,,1645,62,,,0,52,,1597,62,,,0,15,,1646,62,,,0,15,,1592,62,,,0,70,,1615,62,,,0,30,,1600,62,,,0,70,,1610,62,,,0,30,,1586,62,,,0,70,,1588,62,,,0,27,,1591,62,,,0,70,,1587,62,,,0
2501,'Holiday21111111',800,,2510,28,,,0,30,,2499,28,,,0,70,,2511,28,,,0,30,,2500,28,,,0,70,,2512,28,,,0,30,,2501,28,,,0,70,,2513,28,,,0,30,,2502,28,,,0,70,,2514,28,,,0,30,,2503,28,,,0,70,,2515,28,,,0,30,,2504,28,,,0,70,,2516,28,,,0,30,,2505,28,,,0,70,,2517,28,,,0,30,,2506,28,,,0,70,,2518,28,,,0,30,,2507,28,,,0,70,,2519,28,,,0,30,,2508,28,,,0,70,,2520,28,,,0,30,,2509,28,,,0,70,,2521,28,,,0,30,,2522,28,,,0,70,,2523,28,,,0,30,,2524,28,,,0,70,,2525,28,,,0,30,,2526,28,,,0
2501,'Saturday',730,,2539,28,,,0,70,,2540,28,,,0,30,,2538,28,,,0,70,,2541,28,,,0,30,,2537,28,,,0,70,,2542,28,,,0,30,,2536,28,,,0,70,,2543,28,,,0,30,,2535,28,,,0,70,,2544,28,,,0,30,,2534,28,,,0,70,,2545,28,,,0,30,,2533,28,,,0,70,,2546,28,,,0,30,,2532,28,,,0,70,,2547,28,,,0,30,,2531,28,,,0,70,,2548,28,,,0,30,,2530,28,,,0,70,,2549,28,,,0,30,,2529,28,,,0,70,,2550,28,,,0,30,,2528,28,,,0,70,,2551,28,,,0,30,,2527,28,,,0,70,,2552,28,,,0,30,,2554,28,,,0,70,,2553,28,,,0,30,,2555,28,,,0,70,,2556,28,,,0
2501,'Sunday',800,,2568,28,,,0,30,,2557,28,,,0,70,,2569,28,,,0,30,,2558,28,,,0,70,,2570,28,,,0,30,,2559,28,,,0,70,,2571,28,,,0,30,,2560,28,,,0,70,,2572,28,,,0,30,,2561,28,,,0,70,,2573,28,,,0,30,,2562,28,,,0,70,,2574,28,,,0,30,,2563,28,,,0,70,,2575,28,,,0,30,,2564,28,,,0,70,,2576,28,,,0,30,,2565,28,,,0,70,,2577,28,,,0,30,,2566,28,,,0,70,,2578,28,,,0,30,,2567,28,,,0,70,,2579,28,,,0,30,,2580,28,,,0,70,,2581,28,,,0,30,,2582,28,,,0,70,,2583,28,,,0,30,,2584,28,,,0
2501,'Weekday',523,,2585,28,,,0,35,,2586,28,,,0,66,,2587,28,,,0,25,,2588,28,,,0,71,,2589,28,,,0,15,,2590,28,,,0,15,,2591,28,,,0,55,,2592,28,,,0,16,,2593,28,,,0,15,,2594,28,,,0,15,,2595,28,,,0,56,,2596,28,,,0,30,,2597,28,,,0,70,,2598,28,,,0,30,,2599,28,,,0,70,,2600,28,,,0,30,,2601,28,,,0,70,,2602,28,,,0,30,,2603,28,,,0,70,,2604,28,,,0,30,,2605,28,,,0,70,,2606,28,,,0,28,,2607,28,,,0,17,,2608,28,,,0,55,,2609,28,,,0,17,,2610,28,,,0,15,,2611,28,,,0,15,,2612,28,,,0,55,,2613,28,,,0,15,,2614,28,,,0,15,,2615,28,,,0,15,,2616,28,,,0,55,,2617,28,,,0,13,,2618,28,,,0,15,,2619,28,,,0,15,,2620,28,,,0,55,,2621,28,,,0,29,,2622,28,,,0,70,,2623,28,,,0,28,,2624,28,,,0,70,,2625,28,,,0,30,,2626,28,,,0,70,,2627,28,,,0,30,,2628,28,,,0,70,,2629,28,,,0,29,,2630,28,,,0,70,,2631,28,,,0,28,,2632,28,,,0
5001,'Saturday',2332,,2644,14,,,0,97,,2643,14,,,0
5001,'Weekday',2332,,2646,14,,,0,97,,2645,14,,,0
