400,'Holiday21111111',1153,,1203,28,,,0,100,,1207,28,,,0,100,,1204,28,,,0,100,,1208,28,,,0,100,,1205,28,,,0,100,,1209,28,,,0,100,,1206,28,,,0
400,'Saturday',853,,1210,28,,,0,100,,1216,28,,,0,100,,1211,28,,,0,100,,1217,28,,,0,100,,1212,28,,,0,100,,1218,28,,,0,100,,1213,28,,,0,100,,1219,28,,,0,100,,1214,28,,,0,100,,1220,28,,,0,100,,1215,28,,,0,100,,1221,28,,,0,99,,1222,28,,,0
400,'Sunday',1153,,1223,28,,,0,100,,1227,28,,,0,100,,1224,28,,,0,100,,1228,28,,,0,100,,1225,28,,,0,100,,1229,28,,,0,100,,1226,28,,,0
400,'Weekday',555,,1245,28,,,0,100,,1237,28,,,0,100,,1244,28,,,0,67,,1246,28,,,0,35,,1236,28,,,0,69,,1247,28,,,0,30,,1243,28,,,0,70,,1248,28,,,0,30,,1235,28,,,0,70,,1249,28,,,0,30,,1242,28,,,0,70,,1250,28,,,0,30,,1234,28,,,0,70,,1251,28,,,0,30,,1241,28,,,0,71,,1252,28,,,0,30,,1233,28,,,0,70,,1253,28,,,0,30,,1240,28,,,0,69,,1254,28,,,0,30,,1232,28,,,0,71,,1255,28,,,0,31,,1239,28,,,0,100,,1231,28,,,0,97,,1238,28,,,0,100,,1230,28,,,0
1000,'Holiday21111111',814,,1490,15,,,0,30,,1484,15,,,0,70,,1489,15,,,0,28,,1481,15,,,0,70,,1483,15,,,0,30,,1461,15,,,0,15,,1449,15,,,0,55,,1452,15,,,0,15,,1471,15,,,0,15,,1469,15,,,0,15,,1462,15,,,0,55,,1468,15,,,0,15,,1453,15,,,0,15,,1472,15,,,0,15,,1460,15,,,0,55,,1463,15,,,0,15,,1478,15,,,0,15,,1454,15,,,0,15,,1473,15,,,0,55,,1467,15,,,0,15,,1464,15,,,0,15,,1458,15,,,0,15,,1455,15,,,0,55,,1474,15,,,0,15,,1451,15,,,0,15,,1465,15,,,0,15,,1477,15,,,0,55,,1456,15,,,0,15,,1475,15,,,0,15,,1470,15,,,0,15,,1466,15,,,0,55,,1450,15,,,0,15,,1457,15,,,0,15,,1476,15,,,0,15,,1459,15,,,0,55,,1448,15,,,0,30,,1479,15,,,0,68,,1485,15,,,0,30,,1480,15,,,0,70,,1486,15,,,0,30,,1482,15,,,0,70,,1487,15,,,0,30,,1488,15,,,0
1000,'Saturday',710,,1497,15,,,0,30,,1498,15,,,0,70,,1499,15,,,0,30,,1500,15,,,0,70,,1501,15,,,0,17,,1541,15,,,0,15,,1502,15,,,0,15,,1503,15,,,0,55,,1504,15,,,0,15,,1505,15,,,0,15,,1506,15,,,0,15,,1507,15,,,0,55,,1508,15,,,0,15,,1509,15,,,0,15,,1510,15,,,0,15,,1511,15,,,0,55,,1512,15,,,0,15,,1513,15,,,0,15,,1514,15,,,0,15,,1515,15,,,0,55,,1516,15,,,0,15,,1517,15,,,0,15,,1518,15,,,0,15,,1519,15,,,0,55,,1520,15,,,0,15,,1521,15,,,0,15,,1522,15,,,0,15,,1523,15,,,0,55,,1524,15,,,0,15,,1525,15,,,0,15,,1526,15,,,0,15,,1527,15,,,0,55,,1528,15,,,0,15,,1529,15,,,0,15,,1530,15,,,0,15,,1531,15,,,0,55,,1532,15,,,0,15,,1533,15,,,0,15,,1534,15,,,0,15,,1535,15,,,0,55,,1536,15,,,0,15,,1537,15,,,0,15,,1538,15,,,0,68,,1539,15,,,0,30,,1540,15,,,0,70,,1493,15,,,0,30,,1491,15,,,0,70,,1495,15,,,0,30,,1494,15,,,0,70,,1492,15,,,0,30,,1496,15,,,0
1000,'Sunday',814,,1584,15,,,0,30,,1578,15,,,0,70,,1583,15,,,0,28,,1575,15,,,0,70,,1577,15,,,0,30,,1555,15,,,0,15,,1543,15,,,0,55,,1546,15,,,0,15,,1565,15,,,0,15,,1563,15,,,0,15,,1556,15,,,0,55,,1562,15,,,0,15,,1547,15,,,0,15,,1566,15,,,0,15,,1554,15,,,0,55,,1557,15,,,0,15,,1572,15,,,0,15,,1548,15,,,0,15,,1567,15,,,0,55,,1561,15,,,0,15,,1558,15,,,0,15,,1552,15,,,0,15,,1549,15,,,0,55,,1568,15,,,0,15,,1545,15,,,0,15,,1559,15,,,0,15,,1571,15,,,0,55,,1550,15,,,0,15,,1569,15,,,0,15,,1564,15,,,0,15,,1560,15,,,0,55,,1544,15,,,0,15,,1551,15,,,0,15,,1570,15,,,0,15,,1553,15,,,0,55,,1542,15,,,0,30,,1573,15,,,0,68,,1579,15,,,0,30,,1574,15,,,0,70,,1580,15,,,0,30,,1576,15,,,0,70,,1581,15,,,0,30,,1582,15,,,0
1000,'Weekday',504,,1595,15,,,0,30,,1604,15,,,0,66,,1590,15,,,0,27,,1621,15,,,0,15,,1618,15,,,0,17,,1622,15,,,0,54,,1614,15,,,0,14,,1623,15,,,0,15,,1599,15,,,0,15,,1624,15,,,0,52,,1605,15,,,0,17,,1625,15,,,0,15,,1585,15,,,0,15,,1626,15,,,0,55,,1611,15,,,0,15,,1627,15,,,0,15,,1620,15,,,0,15,,1628,15,,,0,55,,1617,15,,,0,15,,1629,15,,,0,15,,1606,15,,,0,15,,1630,15,,,0,55,,1602,15,,,0,15,,1631,15,,,0,15,,1594,15,,,0,15,,1632,15,,,0,58,,1603,15,,,0,12,,1633,15,,,0,15,,1589,15,,,0,15,,1634,15,,,0,55,,1607,15,,,0,15,,1635,15,,,0,15,,1619,15,,,0,15,,1636,15,,,0,56,,1593,15,,,0,15,,1637,15,,,0,15,,1616,15,,,0,17,,1638,15,,,0,55,,1613,15,,,0,15,,1639,15,,,0,15,,1608,15,,,0,56,,1640,15,,,0,12,,1612,15,,,0,16,,1641,15,,,0,14,,1601,15,,,0,58,,1642,15,,,0,15,,1596,15,,,0,15,,1643,15,,,0,15,,1598,15,,,0,55,,1644,15,,,0,13,,1609,15,,,0,15,,1645,15,,,0,12,,1597,15,,,0,15,,1646,15,,,0,55,,1592,15,,,0,30,,1615,15,,,0,70,,1600,15,,,0,30,,1610,15,,,0,70,,1586,15,,,0,30,,1588,15,,,0,69,,1591,15,,,0,30,,1587,15,,,0
5000,'Saturday',2311,,2638,14,,,0,97,,2637,14,,,0,95,,2639,14,,,0
5000,'Weekday',2311,,2641,14,,,0,97,,2640,14,,,0,95,,2642,14,,,0
