101,'Holiday21111111',644,,288,17,,,0,15,,289,17,,,0,55,,290,17,,,0,15,,291,17,,,0,15,,292,17,,,0,15,,293,17,,,0,55,,294,17,,,0,15,,295,17,,,0,10,,296,17,,,0,15,,297,17,,,0,56,,298,17,,,0,15,,299,17,,,0,15,,300,17,,,0,15,,301,17,,,0,55,,302,17,,,0,15,,303,17,,,0,15,,304,17,,,0,15,,305,17,,,0,55,,306,17,,,0,15,,307,17,,,0,15,,308,17,,,0,15,,309,17,,,0,55,,310,17,,,0,15,,311,17,,,0,15,,312,17,,,0,15,,313,17,,,0,55,,314,17,,,0,15,,315,17,,,0,15,,316,17,,,0,15,,317,17,,,0,55,,318,17,,,0,15,,319,17,,,0,15,,320,17,,,0,15,,321,17,,,0,55,,322,17,,,0,15,,323,17,,,0,15,,324,17,,,0,15,,325,17,,,0,55,,326,17,,,0,15,,327,17,,,0,15,,328,17,,,0,15,,329,17,,,0,55,,330,17,,,0,15,,331,17,,,0,15,,332,17,,,0,15,,333,17,,,0,54,,334,17,,,0,18,,335,17,,,0,15,,336,17,,,0,15,,337,17,,,0,55,,338,17,,,0,15,,283,17,,,0,30,,285,17,,,0,70,,287,17,,,0,30,,284,17,,,0,70,,286,17,,,0,30,,340,17,,,0,70,,339,17,,,0
101,'Saturday',644,,352,17,,,0,15,,353,17,,,0,55,,354,17,,,0,10,,355,17,,,0,15,,356,17,,,0,15,,357,17,,,0,55,,358,17,,,0,15,,359,17,,,0,15,,360,17,,,0,15,,361,17,,,0,56,,362,17,,,0,15,,363,17,,,0,15,,364,17,,,0,15,,365,17,,,0,55,,366,17,,,0,14,,367,17,,,0,11,,404,17,,,0,14,,368,17,,,0,54,,369,17,,,0,14,,370,17,,,0,14,,371,17,,,0,14,,372,17,,,0,14,,373,17,,,0,54,,403,17,,,0,14,,374,17,,,0,14,,375,17,,,0,14,,376,17,,,0,54,,377,17,,,0,13,,378,17,,,0,14,,379,17,,,0,14,,401,17,,,0,54,,380,17,,,0,14,,381,17,,,0,14,,382,17,,,0,14,,383,17,,,0,54,,384,17,,,0,14,,385,17,,,0,14,,402,17,,,0,14,,386,17,,,0,14,,387,17,,,0,54,,388,17,,,0,14,,389,17,,,0,14,,390,17,,,0,14,,391,17,,,0,54,,392,17,,,0,15,,393,17,,,0,15,,394,17,,,0,15,,395,17,,,0,55,,396,17,,,0,17,,397,17,,,0,18,,398,17,,,0,15,,399,17,,,0,55,,400,17,,,0,18,,344,17,,,0,30,,347,17,,,0,70,,341,17,,,0,30,,345,17,,,0,69,,348,17,,,0,30,,342,17,,,0,70,,346,17,,,0,30,,349,17,,,0,70,,343,17,,,0,30,,350,17,,,0,69,,351,17,,,0
101,'Sunday',644,,412,17,,,0,15,,413,17,,,0,55,,414,17,,,0,10,,415,17,,,0,15,,416,17,,,0,15,,417,17,,,0,55,,418,17,,,0,15,,419,17,,,0,15,,420,17,,,0,15,,421,17,,,0,56,,422,17,,,0,15,,423,17,,,0,15,,424,17,,,0,15,,425,17,,,0,55,,426,17,,,0,14,,427,17,,,0,11,,464,17,,,0,14,,428,17,,,0,54,,429,17,,,0,14,,430,17,,,0,14,,431,17,,,0,14,,432,17,,,0,14,,433,17,,,0,54,,463,17,,,0,14,,434,17,,,0,14,,435,17,,,0,14,,436,17,,,0,54,,437,17,,,0,13,,438,17,,,0,14,,439,17,,,0,14,,461,17,,,0,54,,440,17,,,0,14,,441,17,,,0,14,,442,17,,,0,14,,443,17,,,0,54,,444,17,,,0,14,,445,17,,,0,14,,462,17,,,0,14,,446,17,,,0,14,,447,17,,,0,54,,448,17,,,0,14,,449,17,,,0,14,,450,17,,,0,14,,451,17,,,0,54,,452,17,,,0,15,,453,17,,,0,15,,454,17,,,0,15,,455,17,,,0,55,,456,17,,,0,17,,457,17,,,0,18,,458,17,,,0,15,,459,17,,,0,55,,460,17,,,0,18,,407,17,,,0,30,,410,17,,,0,70,,405,17,,,0,30,,408,17,,,0,69,,411,17,,,0,30,,406,17,,,0,70,,409,17,,,0
101,'Weekday',500,,554,17,,,0,15,,555,17,,,0,12,,556,17,,,0,12,,557,17,,,0,12,,558,17,,,0,52,,559,17,,,0,14,,563,17,,,0,12,,562,17,,,0,12,,560,17,,,0,15,,547,17,,,0,54,,550,17,,,0,12,,551,17,,,0,12,,548,17,,,0,12,,552,17,,,0,12,,553,17,,,0,52,,507,17,,,0,12,,494,17,,,0,12,,495,17,,,0,12,,496,17,,,0,12,,497,17,,,0,53,,498,17,,,0,12,,499,17,,,0,12,,500,17,,,0,12,,501,17,,,0,12,,502,17,,,0,52,,503,17,,,0,12,,504,17,,,0,12,,505,17,,,0,12,,506,17,,,0,12,,482,17,,,0,52,,487,17,,,0,12,,488,17,,,0,12,,486,17,,,0,12,,493,17,,,0,12,,484,17,,,0,52,,480,17,,,0,12,,481,17,,,0,12,,483,17,,,0,12,,492,17,,,0,12,,489,17,,,0,51,,564,17,,,0,9,,491,17,,,0,11,,490,17,,,0,11,,542,17,,,0,10,,485,17,,,0,50,,543,17,,,0,9,,565,17,,,0,10,,544,17,,,0,9,,545,17,,,0,9,,546,17,,,0,10,,516,17,,,0,9,,518,17,,,0,50,,511,17,,,0,11,,514,17,,,0,9,,527,17,,,0,11,,520,17,,,0,11,,534,17,,,0,9,,549,17,,,0,50,,525,17,,,0,11,,530,17,,,0,11,,533,17,,,0,11,,528,17,,,0,11,,522,17,,,0,51,,526,17,,,0,9,,523,17,,,0,10,,515,17,,,0,10,,532,17,,,0,10,,535,17,,,0,10,,529,17,,,0,50,,513,17,,,0,11,,531,17,,,0,13,,519,17,,,0,11,,524,17,,,0,12,,512,17,,,0,10,,521,17,,,0,50,,510,17,,,0,9,,517,17,,,0,10,,508,17,,,0,10,,509,17,,,0,10,,536,17,,,0,10,,537,17,,,0,51,,538,17,,,0,12,,539,17,,,0,12,,540,17,,,0,12,,541,17,,,0,11,,465,17,,,0,55,,466,17,,,0,15,,468,17,,,0,15,,467,17,,,0,15,,470,17,,,0,59,,469,17,,,0,20,,475,17,,,0,15,,471,17,,,0,55,,476,17,,,0,15,,472,17,,,0,15,,477,17,,,0,15,,473,17,,,0,55,,478,17,,,0,14,,474,17,,,0,15,,479,17,,,0,15,,561,17,,,0
601,'Holiday21111111',835,,1379,31,,,0,100,,1380,31,,,0,113,,1381,31,,,0,100,,1382,31,,,0,100,,1383,31,,,0,100,,1384,31,,,0,104,,1385,31,,,0,100,,1386,31,,,0,100,,1387,31,,,0,100,,1388,31,,,0,100,,1389,31,,,0,100,,1390,31,,,0
601,'Saturday',735,,1405,31,,,0,100,,1404,31,,,0,100,,1403,31,,,0,110,,1402,31,,,0,100,,1401,31,,,0,100,,1400,31,,,0,100,,1399,31,,,0,100,,1398,31,,,0,100,,1397,31,,,0,100,,1396,31,,,0,100,,1395,31,,,0,100,,1394,31,,,0,100,,1393,31,,,0,100,,1392,31,,,0,100,,1391,31,,,0
601,'Sunday',835,,1406,31,,,0,100,,1407,31,,,0,113,,1408,31,,,0,100,,1409,31,,,0,100,,1410,31,,,0,100,,1411,31,,,0,104,,1412,31,,,0,100,,1413,31,,,0,100,,1414,31,,,0,100,,1415,31,,,0,100,,1416,31,,,0,100,,1417,31,,,0
601,'Weekday',543,,1418,31,,,0,102,,1419,31,,,0,70,,1420,31,,,0,30,,1421,31,,,0,75,,1422,31,,,0,30,,1423,31,,,0,69,,1424,31,,,0,30,,1425,31,,,0,65,,1426,31,,,0,30,,1427,31,,,0,70,,1428,31,,,0,30,,1429,31,,,0,70,,1430,31,,,0,30,,1431,31,,,0,70,,1432,31,,,0,31,,1433,31,,,0,70,,1434,31,,,0,31,,1435,31,,,0,73,,1436,31,,,0,34,,1437,31,,,0,70,,1438,31,,,0,30,,1439,31,,,0,70,,1440,31,,,0,30,,1441,31,,,0,68,,1442,31,,,0,30,,1443,31,,,0,70,,1444,31,,,0,26,,1445,31,,,0,100,,1446,31,,,0,100,,1447,31,,,0
5001,'Saturday',2344,,2644,35,,,0,97,,2643,35,,,0
5001,'Weekday',2344,,2646,35,,,0,97,,2645,35,,,0
5101,'Saturday',2345,,2654,31,,,0,97,,2653,31,,,0
5101,'Weekday',2345,,2657,31,,,0,97,,2656,31,,,0
8001,'Weekday',523,,2697,3,,,0,30,,2703,22,,,0,71,,2698,22,,,0,30,,2704,22,,,0,73,,2699,22,,,0,30,,2705,22,,,0,76,,2700,22,,,0,70,,2706,22,,,0,30,,2701,22,,,0,70,,2707,22,,,0,30,,2702,22,,,0,70,,2708,22,,,0,30,,2717,22,,,0,70,,2709,22,,,0,25,,2718,22,,,0,30,,2710,22,,,0,70,,2719,22,,,0,30,,2711,22,,,0,73,,2720,22,,,0,70,,2712,22,,,0,29,,2724,22,,,0,21,,2725,22,,,0,60,,2713,22,,,0,22,,2721,22,,,0,70,,2714,22,,,0,28,,2722,22,,,0,70,,2715,22,,,0,27,,2723,22,,,0,30,,2716,22,,,0
8101,'Weekday',608,,2758,41,,,0,31,,2763,41,,,0,70,,2759,41,,,0,33,,2764,41,,,0,70,,2760,41,,,0,37,,2765,41,,,0,70,,2761,41,,,0,28,,2766,41,,,0,70,,2762,41,,,0,30,,2769,41,,,0,70,,2770,41,,,0,30,,2771,41,,,0,70,,2772,41,,,0,25,,2773,41,,,0,70,,2774,41,,,0,30,,2775,41,,,0,70,,2776,41,,,0,32,,2777,41,,,0,70,,2778,41,,,0,36,,2767,41,,,0,70,,2779,41,,,0,32,,2768,41,,,0,70,,2756,41,,,0,22,,2754,41,,,0,70,,2755,41,,,0,28,,2780,41,,,0,70,,2757,41,,,0
