200,'Holiday21111111',759,,3368,15,,,0,100,,3369,15,,,0,72,,3392,15,,,0,70,,3370,15,,,0,30,,3381,15,,,0,70,,3371,15,,,0,30,,3382,15,,,0,70,,3372,15,,,0,30,,3383,15,,,0,70,,3373,15,,,0,30,,3384,15,,,0,70,,3374,15,,,0,30,,3385,15,,,0,70,,3375,15,,,0,30,,3386,15,,,0,70,,3376,15,,,0,30,,3387,15,,,0,70,,3377,15,,,0,30,,3388,15,,,0,70,,3378,15,,,0,28,,3389,15,,,0,30,,3379,15,,,0,73,,3390,15,,,0,70,,3380,15,,,0,30,,3391,15,,,0,70,,3393,15,,,0,30,,3394,15,,,0
200,'Saturday',629,,3395,15,,,0,100,,3396,15,,,0,100,,3397,15,,,0,101,,3398,15,,,0,70,,3411,15,,,0,20,,3399,15,,,0,20,,3425,15,,,0,60,,3412,15,,,0,20,,3400,15,,,0,20,,3426,15,,,0,60,,3413,15,,,0,19,,3401,15,,,0,20,,3427,15,,,0,65,,3414,15,,,0,20,,3402,15,,,0,20,,3428,15,,,0,60,,3415,15,,,0,20,,3403,15,,,0,20,,3429,15,,,0,60,,3416,15,,,0,25,,3404,15,,,0,20,,3430,15,,,0,60,,3417,15,,,0,20,,3405,15,,,0,20,,3431,15,,,0,60,,3418,15,,,0,21,,3406,15,,,0,70,,3419,15,,,0,30,,3407,15,,,0,70,,3420,15,,,0,29,,3408,15,,,0,30,,3421,15,,,0,70,,3409,15,,,0,30,,3422,15,,,0,70,,3410,15,,,0,30,,3423,15,,,0
200,'Sunday',759,,3432,15,,,0,100,,3433,15,,,0,141,,3434,15,,,0,20,,3445,15,,,0,20,,3458,15,,,0,60,,3435,15,,,0,20,,3446,15,,,0,20,,3459,15,,,0,60,,3436,15,,,0,19,,3447,15,,,0,20,,3460,15,,,0,65,,3437,15,,,0,20,,3448,15,,,0,20,,3461,15,,,0,60,,3438,15,,,0,20,,3449,15,,,0,20,,3462,15,,,0,60,,3439,15,,,0,25,,3450,15,,,0,20,,3463,15,,,0,60,,3440,15,,,0,20,,3451,15,,,0,20,,3464,15,,,0,60,,3441,15,,,0,21,,3452,15,,,0,70,,3442,15,,,0,30,,3453,15,,,0,70,,3443,15,,,0,29,,3454,15,,,0,30,,3444,15,,,0,70,,3455,15,,,0,30,,3456,15,,,0,70,,3457,15,,,0
200,'Weekday',455,,3465,15,,,0,70,,3467,15,,,0,30,,3469,15,,,0,68,,3498,15,,,0,15,,3471,15,,,0,15,,3472,15,,,0,55,,3499,15,,,0,17,,3473,15,,,0,15,,3474,15,,,0,15,,3475,15,,,0,56,,3476,15,,,0,15,,3477,15,,,0,15,,3500,15,,,0,15,,3478,15,,,0,55,,3501,15,,,0,15,,3479,15,,,0,16,,3480,15,,,0,14,,3502,15,,,0,55,,3503,15,,,0,15,,3504,15,,,0,15,,3481,15,,,0,15,,3505,15,,,0,55,,3506,15,,,0,16,,3482,15,,,0,15,,3507,15,,,0,15,,3483,15,,,0,55,,3484,15,,,0,15,,3508,15,,,0,15,,3509,15,,,0,15,,3485,15,,,0,55,,3486,15,,,0,15,,3510,15,,,0,15,,3511,15,,,0,15,,3487,15,,,0,55,,3512,15,,,0,15,,3513,15,,,0,15,,3488,15,,,0,15,,3514,15,,,0,55,,3515,15,,,0,15,,3516,15,,,0,15,,3489,15,,,0,15,,3490,15,,,0,55,,3491,15,,,0,15,,3517,15,,,0,15,,3518,15,,,0,15,,3519,15,,,0,55,,3520,15,,,0,15,,3492,15,,,0,15,,3521,15,,,0,16,,3493,15,,,0,55,,3522,15,,,0,13,,3494,15,,,0,15,,3523,15,,,0,59,,3524,15,,,0,30,,3525,15,,,0,70,,3497,15,,,0,30,,3495,15,,,0,70,,3466,15,,,0,30,,3496,15,,,0,72,,3468,15,,,0,28,,3470,15,,,0
1200,'Holiday21111111',828,,4937,4,,,0,30,,4936,4,,,0,70,,4938,4,,,0,73,,4935,4,,,0,27,,4939,4,,,0,30,,4934,4,,,0,70,,4940,4,,,0,30,,4933,4,,,0,70,,4941,4,,,0,30,,4932,4,,,0,70,,4942,4,,,0,73,,4931,4,,,0,27,,4943,4,,,0,30,,4930,4,,,0,70,,4944,4,,,0,30,,4929,4,,,0,70,,4945,4,,,0,30,,4928,4,,,0,70,,4946,4,,,0,73,,4927,4,,,0,30,,4947,4,,,0,70,,4948,4,,,0,30,,4949,4,,,0,70,,4950,4,,,0,30,,4951,4,,,0,70,,4952,4,,,0,30,,4953,4,,,0
1200,'Saturday',756,,4968,4,,,0,70,,4969,4,,,0,30,,4967,4,,,0,70,,4970,4,,,0,75,,4966,4,,,0,25,,4971,4,,,0,30,,4965,4,,,0,70,,4972,4,,,0,30,,4964,4,,,0,70,,4973,4,,,0,30,,4963,4,,,0,70,,4974,4,,,0,75,,4962,4,,,0,25,,4975,4,,,0,30,,4961,4,,,0,70,,4976,4,,,0,30,,4960,4,,,0,70,,4977,4,,,0,30,,4959,4,,,0,70,,4978,4,,,0,30,,4958,4,,,0,70,,4979,4,,,0,30,,4957,4,,,0,70,,4980,4,,,0,30,,4956,4,,,0,70,,4981,4,,,0,30,,4955,4,,,0,70,,4982,4,,,0,30,,4954,4,,,0
1200,'Sunday',826,,4993,4,,,0,30,,4992,4,,,0,70,,4994,4,,,0,75,,4991,4,,,0,25,,4995,4,,,0,30,,4990,4,,,0,70,,4996,4,,,0,30,,4989,4,,,0,70,,4997,4,,,0,30,,4988,4,,,0,70,,4998,4,,,0,75,,4987,4,,,0,25,,4999,4,,,0,30,,4986,4,,,0,70,,5000,4,,,0,30,,4985,4,,,0,70,,5001,4,,,0,30,,4984,4,,,0,70,,5002,4,,,0,75,,4983,4,,,0,30,,5003,4,,,0,70,,5004,4,,,0,30,,5005,4,,,0,70,,5006,4,,,0,30,,5007,4,,,0,70,,5008,4,,,0,30,,5009,4,,,0
1200,'Weekday',532,,5030,4,,,0,70,,5017,4,,,0,30,,5031,4,,,0,70,,5022,4,,,0,30,,5032,4,,,0,70,,5029,4,,,0,30,,5033,4,,,0,70,,5023,4,,,0,30,,5034,4,,,0,70,,5018,4,,,0,30,,5035,4,,,0,70,,5024,4,,,0,30,,5036,4,,,0,70,,5021,4,,,0,30,,5037,4,,,0,70,,5025,4,,,0,30,,5016,4,,,0,70,,5038,4,,,0,20,,5019,4,,,0,20,,5010,4,,,0,65,,5039,4,,,0,25,,5026,4,,,0,20,,5027,4,,,0,65,,5028,4,,,0,25,,5045,4,,,0,60,,5046,4,,,0,30,,5011,4,,,0,70,,5013,4,,,0,30,,5020,4,,,0,27,,5040,4,,,0,70,,5014,4,,,0,30,,5041,4,,,0,70,,5012,4,,,0,30,,5042,4,,,0,70,,5015,4,,,0,30,,5043,4,,,0,70,,5044,4,,,0
5200,'Saturday',2305,,5462,4,,,0,97,,5463,4,,,0,55,,5461,4,,,0
5200,'Weekday',2305,,5466,4,,,0,97,,5465,4,,,0,55,,5464,4,,,0
8701,'Weekday',531,,5594,4,,,0,85,,5595,4,,,0,85,,5596,4,,,0,44,,5597,4,,,0,87,,5598,4,,,0,600,,5599,4,,,0,85,,5600,4,,,0,85,,5601,4,,,0,45,,5602,4,,,0,85,,5603,4,,,0,85,,5604,4,,,0
