400,'Holiday21111111',1155,,1203,30,,,0,100,,1207,30,,,0,100,,1204,30,,,0,100,,1208,30,,,0,100,,1205,30,,,0,100,,1209,30,,,0,100,,1206,30,,,0
400,'Saturday',855,,1210,30,,,0,100,,1216,30,,,0,100,,1211,30,,,0,100,,1217,30,,,0,100,,1212,30,,,0,100,,1218,30,,,0,100,,1213,30,,,0,100,,1219,30,,,0,100,,1214,30,,,0,100,,1220,30,,,0,100,,1215,30,,,0,100,,1221,30,,,0,98,,1222,30,,,0
400,'Sunday',1155,,1223,30,,,0,100,,1227,30,,,0,100,,1224,30,,,0,100,,1228,30,,,0,100,,1225,30,,,0,100,,1229,30,,,0,100,,1226,30,,,0
400,'Weekday',556,,1245,30,,,0,100,,1237,30,,,0,100,,1244,30,,,0,67,,1246,30,,,0,35,,1236,30,,,0,69,,1247,30,,,0,30,,1243,30,,,0,70,,1248,30,,,0,30,,1235,30,,,0,70,,1249,30,,,0,30,,1242,30,,,0,70,,1250,30,,,0,30,,1234,30,,,0,70,,1251,30,,,0,30,,1241,30,,,0,71,,1252,30,,,0,30,,1233,30,,,0,70,,1253,30,,,0,30,,1240,30,,,0,69,,1254,30,,,0,30,,1232,30,,,0,71,,1255,30,,,0,31,,1239,30,,,0,100,,1231,30,,,0,97,,1238,30,,,0,100,,1230,30,,,0
1000,'Holiday21111111',815,,1490,17,,,0,30,,1484,17,,,0,70,,1489,17,,,0,28,,1481,17,,,0,70,,1483,17,,,0,30,,1461,17,,,0,15,,1449,17,,,0,55,,1452,17,,,0,15,,1471,17,,,0,15,,1469,17,,,0,15,,1462,17,,,0,55,,1468,17,,,0,15,,1453,17,,,0,15,,1472,17,,,0,15,,1460,17,,,0,55,,1463,17,,,0,15,,1478,17,,,0,15,,1454,17,,,0,15,,1473,17,,,0,55,,1467,17,,,0,15,,1464,17,,,0,15,,1458,17,,,0,15,,1455,17,,,0,55,,1474,17,,,0,15,,1451,17,,,0,15,,1465,17,,,0,15,,1477,17,,,0,55,,1456,17,,,0,15,,1475,17,,,0,15,,1470,17,,,0,15,,1466,17,,,0,55,,1450,17,,,0,15,,1457,17,,,0,15,,1476,17,,,0,15,,1459,17,,,0,55,,1448,17,,,0,30,,1479,17,,,0,68,,1485,17,,,0,30,,1480,17,,,0,70,,1486,17,,,0,30,,1482,17,,,0,70,,1487,17,,,0,30,,1488,17,,,0
1000,'Saturday',711,,1497,17,,,0,30,,1498,17,,,0,70,,1499,17,,,0,30,,1500,17,,,0,70,,1501,17,,,0,17,,1541,17,,,0,15,,1502,17,,,0,15,,1503,17,,,0,55,,1504,17,,,0,15,,1505,17,,,0,15,,1506,17,,,0,15,,1507,17,,,0,55,,1508,17,,,0,15,,1509,17,,,0,15,,1510,17,,,0,15,,1511,17,,,0,55,,1512,17,,,0,15,,1513,17,,,0,15,,1514,17,,,0,15,,1515,17,,,0,55,,1516,17,,,0,15,,1517,17,,,0,15,,1518,17,,,0,15,,1519,17,,,0,55,,1520,17,,,0,15,,1521,17,,,0,15,,1522,17,,,0,15,,1523,17,,,0,55,,1524,17,,,0,15,,1525,17,,,0,15,,1526,17,,,0,15,,1527,17,,,0,55,,1528,17,,,0,15,,1529,17,,,0,15,,1530,17,,,0,15,,1531,17,,,0,55,,1532,17,,,0,15,,1533,17,,,0,15,,1534,17,,,0,15,,1535,17,,,0,55,,1536,17,,,0,15,,1537,17,,,0,15,,1538,17,,,0,68,,1539,17,,,0,30,,1540,17,,,0,70,,1493,17,,,0,30,,1491,17,,,0,70,,1495,17,,,0,30,,1494,17,,,0,70,,1492,17,,,0,30,,1496,17,,,0
1000,'Sunday',815,,1584,17,,,0,30,,1578,17,,,0,70,,1583,17,,,0,28,,1575,17,,,0,70,,1577,17,,,0,30,,1555,17,,,0,15,,1543,17,,,0,55,,1546,17,,,0,15,,1565,17,,,0,15,,1563,17,,,0,15,,1556,17,,,0,55,,1562,17,,,0,15,,1547,17,,,0,15,,1566,17,,,0,15,,1554,17,,,0,55,,1557,17,,,0,15,,1572,17,,,0,15,,1548,17,,,0,15,,1567,17,,,0,55,,1561,17,,,0,15,,1558,17,,,0,15,,1552,17,,,0,15,,1549,17,,,0,55,,1568,17,,,0,15,,1545,17,,,0,15,,1559,17,,,0,15,,1571,17,,,0,55,,1550,17,,,0,15,,1569,17,,,0,15,,1564,17,,,0,15,,1560,17,,,0,55,,1544,17,,,0,15,,1551,17,,,0,15,,1570,17,,,0,15,,1553,17,,,0,55,,1542,17,,,0,30,,1573,17,,,0,68,,1579,17,,,0,30,,1574,17,,,0,70,,1580,17,,,0,30,,1576,17,,,0,70,,1581,17,,,0,30,,1582,17,,,0
1000,'Weekday',505,,1595,17,,,0,30,,1604,17,,,0,66,,1590,17,,,0,27,,1621,17,,,0,15,,1618,17,,,0,57,,1622,17,,,0,14,,1614,17,,,0,14,,1623,17,,,0,15,,1599,17,,,0,15,,1624,17,,,0,52,,1605,17,,,0,17,,1625,17,,,0,15,,1585,17,,,0,15,,1626,17,,,0,55,,1611,17,,,0,15,,1627,17,,,0,15,,1620,17,,,0,15,,1628,17,,,0,55,,1617,17,,,0,15,,1629,17,,,0,15,,1606,17,,,0,15,,1630,17,,,0,55,,1602,17,,,0,15,,1631,17,,,0,15,,1594,17,,,0,15,,1632,17,,,0,58,,1603,17,,,0,12,,1633,17,,,0,15,,1589,17,,,0,15,,1634,17,,,0,55,,1607,17,,,0,15,,1635,17,,,0,15,,1619,17,,,0,15,,1636,17,,,0,56,,1593,17,,,0,15,,1637,17,,,0,15,,1616,17,,,0,57,,1638,17,,,0,15,,1613,17,,,0,15,,1639,17,,,0,15,,1608,17,,,0,56,,1640,17,,,0,12,,1612,17,,,0,16,,1641,17,,,0,14,,1601,17,,,0,58,,1642,17,,,0,15,,1596,17,,,0,15,,1643,17,,,0,15,,1598,17,,,0,55,,1644,17,,,0,13,,1609,17,,,0,15,,1645,17,,,0,12,,1597,17,,,0,15,,1646,17,,,0,55,,1592,17,,,0,30,,1615,17,,,0,70,,1600,17,,,0,30,,1610,17,,,0,70,,1586,17,,,0,30,,1588,17,,,0,69,,1591,17,,,0,30,,1587,17,,,0
5000,'Saturday',2312,,2638,16,,,0,97,,2637,16,,,0,95,,2639,16,,,0
5000,'Weekday',2312,,2641,16,,,0,97,,2640,16,,,0,95,,2642,16,,,0
