400,'Holiday21111111',1152,,1203,27,,,0,100,,1207,27,,,0,100,,1204,27,,,0,100,,1208,27,,,0,100,,1205,27,,,0,100,,1209,27,,,0,100,,1206,27,,,0
400,'Saturday',852,,1210,27,,,0,100,,1216,27,,,0,100,,1211,27,,,0,100,,1217,27,,,0,100,,1212,27,,,0,100,,1218,27,,,0,100,,1213,27,,,0,100,,1219,27,,,0,100,,1214,27,,,0,100,,1220,27,,,0,100,,1215,27,,,0,100,,1221,27,,,0,99,,1222,27,,,0
400,'Sunday',1152,,1223,27,,,0,100,,1227,27,,,0,100,,1224,27,,,0,100,,1228,27,,,0,100,,1225,27,,,0,100,,1229,27,,,0,100,,1226,27,,,0
400,'Weekday',554,,1245,27,,,0,100,,1237,27,,,0,100,,1244,27,,,0,67,,1246,27,,,0,35,,1236,27,,,0,69,,1247,27,,,0,30,,1243,27,,,0,70,,1248,27,,,0,30,,1235,27,,,0,70,,1249,27,,,0,30,,1242,27,,,0,70,,1250,27,,,0,30,,1234,27,,,0,70,,1251,27,,,0,30,,1241,27,,,0,71,,1252,27,,,0,30,,1233,27,,,0,70,,1253,27,,,0,30,,1240,27,,,0,69,,1254,27,,,0,30,,1232,27,,,0,71,,1255,27,,,0,31,,1239,27,,,0,100,,1231,27,,,0,97,,1238,27,,,0,100,,1230,27,,,0
1000,'Holiday21111111',814,,1490,14,,,0,30,,1484,14,,,0,70,,1489,14,,,0,27,,1481,14,,,0,70,,1483,14,,,0,30,,1461,14,,,0,15,,1449,14,,,0,55,,1452,14,,,0,15,,1471,14,,,0,15,,1469,14,,,0,15,,1462,14,,,0,55,,1468,14,,,0,15,,1453,14,,,0,15,,1472,14,,,0,15,,1460,14,,,0,55,,1463,14,,,0,15,,1478,14,,,0,15,,1454,14,,,0,15,,1473,14,,,0,55,,1467,14,,,0,15,,1464,14,,,0,15,,1458,14,,,0,15,,1455,14,,,0,55,,1474,14,,,0,15,,1451,14,,,0,15,,1465,14,,,0,15,,1477,14,,,0,55,,1456,14,,,0,15,,1475,14,,,0,15,,1470,14,,,0,15,,1466,14,,,0,55,,1450,14,,,0,15,,1457,14,,,0,15,,1476,14,,,0,15,,1459,14,,,0,55,,1448,14,,,0,30,,1479,14,,,0,69,,1485,14,,,0,30,,1480,14,,,0,70,,1486,14,,,0,30,,1482,14,,,0,70,,1487,14,,,0,30,,1488,14,,,0
1000,'Saturday',710,,1497,14,,,0,30,,1498,14,,,0,70,,1499,14,,,0,30,,1500,14,,,0,70,,1501,14,,,0,16,,1541,14,,,0,15,,1502,14,,,0,15,,1503,14,,,0,55,,1504,14,,,0,15,,1505,14,,,0,15,,1506,14,,,0,15,,1507,14,,,0,55,,1508,14,,,0,15,,1509,14,,,0,15,,1510,14,,,0,15,,1511,14,,,0,55,,1512,14,,,0,15,,1513,14,,,0,15,,1514,14,,,0,15,,1515,14,,,0,55,,1516,14,,,0,15,,1517,14,,,0,15,,1518,14,,,0,15,,1519,14,,,0,55,,1520,14,,,0,15,,1521,14,,,0,15,,1522,14,,,0,15,,1523,14,,,0,55,,1524,14,,,0,15,,1525,14,,,0,15,,1526,14,,,0,15,,1527,14,,,0,55,,1528,14,,,0,15,,1529,14,,,0,15,,1530,14,,,0,15,,1531,14,,,0,55,,1532,14,,,0,15,,1533,14,,,0,15,,1534,14,,,0,15,,1535,14,,,0,55,,1536,14,,,0,15,,1537,14,,,0,15,,1538,14,,,0,69,,1539,14,,,0,30,,1540,14,,,0,70,,1493,14,,,0,30,,1491,14,,,0,70,,1495,14,,,0,30,,1494,14,,,0,70,,1492,14,,,0,30,,1496,14,,,0
1000,'Sunday',814,,1584,14,,,0,30,,1578,14,,,0,70,,1583,14,,,0,27,,1575,14,,,0,70,,1577,14,,,0,30,,1555,14,,,0,15,,1543,14,,,0,55,,1546,14,,,0,15,,1565,14,,,0,15,,1563,14,,,0,15,,1556,14,,,0,55,,1562,14,,,0,15,,1547,14,,,0,15,,1566,14,,,0,15,,1554,14,,,0,55,,1557,14,,,0,15,,1572,14,,,0,15,,1548,14,,,0,15,,1567,14,,,0,55,,1561,14,,,0,15,,1558,14,,,0,15,,1552,14,,,0,15,,1549,14,,,0,55,,1568,14,,,0,15,,1545,14,,,0,15,,1559,14,,,0,15,,1571,14,,,0,55,,1550,14,,,0,15,,1569,14,,,0,15,,1564,14,,,0,15,,1560,14,,,0,55,,1544,14,,,0,15,,1551,14,,,0,15,,1570,14,,,0,15,,1553,14,,,0,55,,1542,14,,,0,30,,1573,14,,,0,69,,1579,14,,,0,30,,1574,14,,,0,70,,1580,14,,,0,30,,1576,14,,,0,70,,1581,14,,,0,30,,1582,14,,,0
1000,'Weekday',503,,1595,14,,,0,30,,1604,14,,,0,26,,1590,14,,,0,67,,1621,14,,,0,15,,1618,14,,,0,17,,1622,14,,,0,54,,1614,14,,,0,14,,1623,14,,,0,15,,1599,14,,,0,15,,1624,14,,,0,52,,1605,14,,,0,17,,1625,14,,,0,15,,1585,14,,,0,15,,1626,14,,,0,55,,1611,14,,,0,15,,1627,14,,,0,15,,1620,14,,,0,15,,1628,14,,,0,55,,1617,14,,,0,15,,1629,14,,,0,15,,1606,14,,,0,15,,1630,14,,,0,55,,1602,14,,,0,15,,1631,14,,,0,15,,1594,14,,,0,15,,1632,14,,,0,58,,1603,14,,,0,12,,1633,14,,,0,15,,1589,14,,,0,15,,1634,14,,,0,55,,1607,14,,,0,15,,1635,14,,,0,15,,1619,14,,,0,15,,1636,14,,,0,56,,1593,14,,,0,15,,1637,14,,,0,15,,1616,14,,,0,17,,1638,14,,,0,55,,1613,14,,,0,15,,1639,14,,,0,15,,1608,14,,,0,16,,1640,14,,,0,52,,1612,14,,,0,16,,1641,14,,,0,14,,1601,14,,,0,18,,1642,14,,,0,55,,1596,14,,,0,15,,1643,14,,,0,15,,1598,14,,,0,15,,1644,14,,,0,53,,1609,14,,,0,15,,1645,14,,,0,12,,1597,14,,,0,15,,1646,14,,,0,55,,1592,14,,,0,30,,1615,14,,,0,70,,1600,14,,,0,30,,1610,14,,,0,70,,1586,14,,,0,30,,1588,14,,,0,69,,1591,14,,,0,30,,1587,14,,,0
5000,'Saturday',2311,,2638,13,,,0,97,,2637,13,,,0,95,,2639,13,,,0
5000,'Weekday',2311,,2641,13,,,0,97,,2640,13,,,0,95,,2642,13,,,0
