1000,'Holiday21111111',824,,1490,37,,,0,30,,1484,37,,,0,70,,1489,37,,,0,29,,1481,37,,,0,70,,1483,37,,,0,30,,1461,37,,,0,55,,1449,37,,,0,15,,1452,37,,,0,15,,1471,37,,,0,15,,1469,37,,,0,55,,1462,37,,,0,15,,1468,37,,,0,15,,1453,37,,,0,15,,1472,37,,,0,55,,1460,37,,,0,15,,1463,37,,,0,15,,1478,37,,,0,15,,1454,37,,,0,55,,1473,37,,,0,15,,1467,37,,,0,15,,1464,37,,,0,15,,1458,37,,,0,55,,1455,37,,,0,15,,1474,37,,,0,15,,1451,37,,,0,15,,1465,37,,,0,55,,1477,37,,,0,15,,1456,37,,,0,15,,1475,37,,,0,15,,1470,37,,,0,55,,1466,37,,,0,15,,1450,37,,,0,15,,1457,37,,,0,15,,1476,37,,,0,55,,1459,37,,,0,15,,1448,37,,,0,30,,1479,37,,,0,67,,1485,37,,,0,30,,1480,37,,,0,70,,1486,37,,,0,30,,1482,37,,,0,70,,1487,37,,,0,30,,1488,37,,,0
1000,'Saturday',720,,1497,37,,,0,30,,1498,37,,,0,70,,1499,37,,,0,30,,1500,37,,,0,70,,1501,37,,,0,18,,1541,37,,,0,15,,1502,37,,,0,55,,1503,37,,,0,15,,1504,37,,,0,15,,1505,37,,,0,15,,1506,37,,,0,55,,1507,37,,,0,15,,1508,37,,,0,15,,1509,37,,,0,15,,1510,37,,,0,55,,1511,37,,,0,15,,1512,37,,,0,15,,1513,37,,,0,15,,1514,37,,,0,55,,1515,37,,,0,15,,1516,37,,,0,15,,1517,37,,,0,15,,1518,37,,,0,55,,1519,37,,,0,15,,1520,37,,,0,15,,1521,37,,,0,15,,1522,37,,,0,55,,1523,37,,,0,15,,1524,37,,,0,15,,1525,37,,,0,15,,1526,37,,,0,55,,1527,37,,,0,15,,1528,37,,,0,15,,1529,37,,,0,15,,1530,37,,,0,55,,1531,37,,,0,15,,1532,37,,,0,15,,1533,37,,,0,15,,1534,37,,,0,55,,1535,37,,,0,15,,1536,37,,,0,15,,1537,37,,,0,15,,1538,37,,,0,67,,1539,37,,,0,30,,1540,37,,,0,70,,1493,37,,,0,30,,1491,37,,,0,70,,1495,37,,,0,30,,1494,37,,,0,70,,1492,37,,,0,30,,1496,37,,,0
1000,'Sunday',824,,1584,37,,,0,30,,1578,37,,,0,70,,1583,37,,,0,29,,1575,37,,,0,70,,1577,37,,,0,30,,1555,37,,,0,55,,1543,37,,,0,15,,1546,37,,,0,15,,1565,37,,,0,15,,1563,37,,,0,55,,1556,37,,,0,15,,1562,37,,,0,15,,1547,37,,,0,15,,1566,37,,,0,55,,1554,37,,,0,15,,1557,37,,,0,15,,1572,37,,,0,15,,1548,37,,,0,55,,1567,37,,,0,15,,1561,37,,,0,15,,1558,37,,,0,15,,1552,37,,,0,55,,1549,37,,,0,15,,1568,37,,,0,15,,1545,37,,,0,15,,1559,37,,,0,55,,1571,37,,,0,15,,1550,37,,,0,15,,1569,37,,,0,15,,1564,37,,,0,55,,1560,37,,,0,15,,1544,37,,,0,15,,1551,37,,,0,15,,1570,37,,,0,55,,1553,37,,,0,15,,1542,37,,,0,30,,1573,37,,,0,67,,1579,37,,,0,30,,1574,37,,,0,70,,1580,37,,,0,30,,1576,37,,,0,70,,1581,37,,,0,30,,1582,37,,,0
1000,'Weekday',514,,1595,37,,,0,30,,1604,37,,,0,66,,1590,37,,,0,27,,1621,37,,,0,15,,1618,37,,,0,57,,1622,37,,,0,15,,1614,37,,,0,14,,1623,37,,,0,16,,1599,37,,,0,55,,1624,37,,,0,12,,1605,37,,,0,17,,1625,37,,,0,15,,1585,37,,,0,55,,1626,37,,,0,14,,1611,37,,,0,15,,1627,37,,,0,15,,1620,37,,,0,55,,1628,37,,,0,15,,1617,37,,,0,15,,1629,37,,,0,15,,1606,37,,,0,55,,1630,37,,,0,15,,1602,37,,,0,15,,1631,37,,,0,15,,1594,37,,,0,55,,1632,37,,,0,18,,1603,37,,,0,12,,1633,37,,,0,15,,1589,37,,,0,55,,1634,37,,,0,15,,1607,37,,,0,15,,1635,37,,,0,15,,1619,37,,,0,55,,1636,37,,,0,17,,1593,37,,,0,15,,1637,37,,,0,15,,1616,37,,,0,57,,1638,37,,,0,15,,1613,37,,,0,15,,1639,37,,,0,15,,1608,37,,,0,56,,1640,37,,,0,11,,1612,37,,,0,16,,1641,37,,,0,14,,1601,37,,,0,58,,1642,37,,,0,15,,1596,37,,,0,15,,1643,37,,,0,15,,1598,37,,,0,55,,1644,37,,,0,12,,1609,37,,,0,15,,1645,37,,,0,12,,1597,37,,,0,55,,1646,37,,,0,15,,1592,37,,,0,30,,1615,37,,,0,70,,1600,37,,,0,30,,1610,37,,,0,70,,1586,37,,,0,30,,1588,37,,,0,69,,1591,37,,,0,30,,1587,37,,,0
2501,'Holiday21111111',759,,2510,26,,,0,70,,2499,26,,,0,30,,2511,26,,,0,70,,2500,26,,,0,30,,2512,26,,,0,70,,2501,26,,,0,30,,2513,26,,,0,70,,2502,26,,,0,30,,2514,26,,,0,70,,2503,26,,,0,30,,2515,26,,,0,70,,2504,26,,,0,30,,2516,26,,,0,70,,2505,26,,,0,30,,2517,26,,,0,70,,2506,26,,,0,30,,2518,26,,,0,70,,2507,26,,,0,30,,2519,26,,,0,70,,2508,26,,,0,30,,2520,26,,,0,70,,2509,26,,,0,30,,2521,26,,,0,70,,2522,26,,,0,30,,2523,26,,,0,70,,2524,26,,,0,30,,2525,26,,,0,70,,2526,26,,,0
2501,'Saturday',729,,2539,26,,,0,30,,2540,26,,,0,70,,2538,26,,,0,30,,2541,26,,,0,70,,2537,26,,,0,30,,2542,26,,,0,70,,2536,26,,,0,30,,2543,26,,,0,70,,2535,26,,,0,30,,2544,26,,,0,70,,2534,26,,,0,30,,2545,26,,,0,70,,2533,26,,,0,30,,2546,26,,,0,70,,2532,26,,,0,30,,2547,26,,,0,70,,2531,26,,,0,30,,2548,26,,,0,70,,2530,26,,,0,30,,2549,26,,,0,70,,2529,26,,,0,30,,2550,26,,,0,70,,2528,26,,,0,30,,2551,26,,,0,70,,2527,26,,,0,30,,2552,26,,,0,70,,2554,26,,,0,30,,2553,26,,,0,70,,2555,26,,,0,30,,2556,26,,,0
2501,'Sunday',759,,2568,26,,,0,70,,2557,26,,,0,30,,2569,26,,,0,70,,2558,26,,,0,30,,2570,26,,,0,70,,2559,26,,,0,30,,2571,26,,,0,70,,2560,26,,,0,30,,2572,26,,,0,70,,2561,26,,,0,30,,2573,26,,,0,70,,2562,26,,,0,30,,2574,26,,,0,70,,2563,26,,,0,30,,2575,26,,,0,70,,2564,26,,,0,30,,2576,26,,,0,70,,2565,26,,,0,30,,2577,26,,,0,70,,2566,26,,,0,30,,2578,26,,,0,70,,2567,26,,,0,30,,2579,26,,,0,70,,2580,26,,,0,30,,2581,26,,,0,70,,2582,26,,,0,30,,2583,26,,,0,70,,2584,26,,,0
2501,'Weekday',522,,2585,26,,,0,35,,2586,26,,,0,66,,2587,26,,,0,25,,2588,26,,,0,71,,2589,26,,,0,15,,2590,26,,,0,15,,2591,26,,,0,55,,2592,26,,,0,16,,2593,26,,,0,15,,2594,26,,,0,15,,2595,26,,,0,56,,2596,26,,,0,30,,2597,26,,,0,70,,2598,26,,,0,30,,2599,26,,,0,70,,2600,26,,,0,30,,2601,26,,,0,70,,2602,26,,,0,30,,2603,26,,,0,70,,2604,26,,,0,30,,2605,26,,,0,70,,2606,26,,,0,28,,2607,26,,,0,16,,2608,26,,,0,55,,2609,26,,,0,17,,2610,26,,,0,15,,2611,26,,,0,15,,2612,26,,,0,55,,2613,26,,,0,15,,2614,26,,,0,15,,2615,26,,,0,15,,2616,26,,,0,55,,2617,26,,,0,14,,2618,26,,,0,15,,2619,26,,,0,15,,2620,26,,,0,55,,2621,26,,,0,29,,2622,26,,,0,70,,2623,26,,,0,28,,2624,26,,,0,70,,2625,26,,,0,30,,2626,26,,,0,70,,2627,26,,,0,30,,2628,26,,,0,70,,2629,26,,,0,29,,2630,26,,,0,70,,2631,26,,,0,28,,2632,26,,,0
5000,'Saturday',2320,,2638,36,,,0,97,,2637,36,,,0,95,,2639,36,,,0
5000,'Weekday',2320,,2641,36,,,0,97,,2640,36,,,0,95,,2642,36,,,0
