101,'Holiday21111111',643,,3023,,,0,15,,3024,,,0,55,,3025,,,0,15,,3026,,,0,15,,3027,,,0,15,,3028,,,0,55,,3029,,,0,15,,3030,,,0,10,,3031,,,0,15,,3032,,,0,56,,3033,,,0,15,,3034,,,0,15,,3035,,,0,15,,3036,,,0,55,,3037,,,0,15,,3038,,,0,15,,3039,,,0,15,,3040,,,0,55,,3041,,,0,15,,3042,,,0,15,,3043,,,0,15,,3044,,,0,55,,3045,,,0,15,,3046,,,0,15,,3047,,,0,15,,3048,,,0,55,,3049,,,0,15,,3050,,,0,15,,3051,,,0,15,,3052,,,0,55,,3053,,,0,15,,3054,,,0,15,,3055,,,0,15,,3056,,,0,55,,3057,,,0,15,,3058,,,0,15,,3059,,,0,15,,3060,,,0,55,,3061,,,0,15,,3062,,,0,15,,3063,,,0,15,,3064,,,0,55,,3065,,,0,15,,3066,,,0,15,,3067,,,0,15,,3068,,,0,54,,3069,,,0,18,,3070,,,0,15,,3071,,,0,15,,3072,,,0,55,,3073,,,0,15,,3018,,,0,30,,3020,,,0,70,,3022,,,0,30,,3019,,,0,70,,3021,,,0,30,,3075,,,0,70,,3074,,,0
101,'Saturday',643,,3087,,,0,15,,3088,,,0,55,,3089,,,0,10,,3090,,,0,15,,3091,,,0,15,,3092,,,0,55,,3093,,,0,15,,3094,,,0,15,,3095,,,0,15,,3096,,,0,56,,3097,,,0,15,,3098,,,0,15,,3099,,,0,15,,3100,,,0,55,,3101,,,0,14,,3102,,,0,11,,3139,,,0,14,,3103,,,0,54,,3104,,,0,14,,3105,,,0,14,,3106,,,0,14,,3107,,,0,14,,3108,,,0,54,,3138,,,0,14,,3109,,,0,14,,3110,,,0,14,,3111,,,0,54,,3112,,,0,13,,3113,,,0,14,,3114,,,0,14,,3136,,,0,54,,3115,,,0,14,,3116,,,0,14,,3117,,,0,14,,3118,,,0,14,,3119,,,0,54,,3120,,,0,14,,3137,,,0,14,,3121,,,0,14,,3122,,,0,54,,3123,,,0,14,,3124,,,0,14,,3125,,,0,14,,3126,,,0,54,,3127,,,0,15,,3128,,,0,15,,3129,,,0,15,,3130,,,0,55,,3131,,,0,17,,3132,,,0,18,,3133,,,0,15,,3134,,,0,55,,3135,,,0,18,,3079,,,0,30,,3082,,,0,70,,3076,,,0,30,,3080,,,0,69,,3083,,,0,30,,3077,,,0,70,,3081,,,0,30,,3084,,,0,70,,3078,,,0,30,,3085,,,0,69,,3086,,,0
101,'Sunday',643,,3147,,,0,15,,3148,,,0,55,,3149,,,0,10,,3150,,,0,15,,3151,,,0,15,,3152,,,0,55,,3153,,,0,15,,3154,,,0,15,,3155,,,0,15,,3156,,,0,56,,3157,,,0,15,,3158,,,0,15,,3159,,,0,15,,3160,,,0,55,,3161,,,0,14,,3162,,,0,11,,3199,,,0,14,,3163,,,0,54,,3164,,,0,14,,3165,,,0,14,,3166,,,0,14,,3167,,,0,14,,3168,,,0,54,,3198,,,0,14,,3169,,,0,14,,3170,,,0,14,,3171,,,0,54,,3172,,,0,13,,3173,,,0,14,,3174,,,0,14,,3196,,,0,54,,3175,,,0,14,,3176,,,0,14,,3177,,,0,14,,3178,,,0,14,,3179,,,0,54,,3180,,,0,14,,3197,,,0,14,,3181,,,0,14,,3182,,,0,54,,3183,,,0,14,,3184,,,0,14,,3185,,,0,14,,3186,,,0,54,,3187,,,0,15,,3188,,,0,15,,3189,,,0,15,,3190,,,0,55,,3191,,,0,17,,3192,,,0,18,,3193,,,0,15,,3194,,,0,55,,3195,,,0,18,,3142,,,0,30,,3145,,,0,70,,3140,,,0,30,,3143,,,0,69,,3146,,,0,30,,3141,,,0,70,,3144,,,0
101,'Weekday',459,,3289,,,0,55,,3290,,,0,12,,3291,,,0,12,,3292,,,0,12,,3293,,,0,52,,3294,,,0,14,,3298,,,0,12,,3297,,,0,12,,3295,,,0,15,,3282,,,0,54,,3285,,,0,12,,3286,,,0,12,,3283,,,0,12,,3287,,,0,12,,3288,,,0,52,,3242,,,0,12,,3229,,,0,12,,3230,,,0,12,,3231,,,0,12,,3232,,,0,53,,3233,,,0,12,,3234,,,0,12,,3235,,,0,12,,3236,,,0,12,,3237,,,0,52,,3238,,,0,12,,3239,,,0,12,,3240,,,0,12,,3241,,,0,12,,3217,,,0,52,,3222,,,0,12,,3223,,,0,12,,3221,,,0,12,,3228,,,0,12,,3219,,,0,52,,3215,,,0,12,,3216,,,0,12,,3218,,,0,12,,3227,,,0,12,,3224,,,0,51,,3299,,,0,9,,3226,,,0,11,,3225,,,0,11,,3277,,,0,10,,3220,,,0,50,,3278,,,0,9,,3300,,,0,10,,3279,,,0,9,,3280,,,0,9,,3281,,,0,10,,3251,,,0,9,,3253,,,0,50,,3246,,,0,11,,3249,,,0,9,,3262,,,0,11,,3255,,,0,11,,3269,,,0,9,,3284,,,0,50,,3260,,,0,11,,3265,,,0,11,,3268,,,0,11,,3263,,,0,11,,3257,,,0,51,,3261,,,0,9,,3258,,,0,10,,3250,,,0,10,,3267,,,0,10,,3270,,,0,10,,3264,,,0,50,,3248,,,0,11,,3266,,,0,13,,3254,,,0,11,,3259,,,0,12,,3247,,,0,10,,3256,,,0,50,,3245,,,0,9,,3252,,,0,10,,3243,,,0,10,,3244,,,0,10,,3271,,,0,10,,3272,,,0,51,,3273,,,0,12,,3274,,,0,12,,3275,,,0,12,,3276,,,0,11,,3200,,,0,55,,3201,,,0,15,,3203,,,0,15,,3202,,,0,15,,3205,,,0,59,,3204,,,0,20,,3210,,,0,15,,3206,,,0,55,,3211,,,0,15,,3207,,,0,15,,3212,,,0,15,,3208,,,0,55,,3213,,,0,14,,3209,,,0,15,,3214,,,0,15,,3296,,,0
601,'Holiday21111111',833,,4114,,,0,100,,4115,,,0,113,,4116,,,0,100,,4117,,,0,100,,4118,,,0,100,,4119,,,0,104,,4120,,,0,100,,4121,,,0,100,,4122,,,0,100,,4123,,,0,100,,4124,,,0,100,,4125,,,0
601,'Saturday',733,,4140,,,0,100,,4139,,,0,100,,4138,,,0,110,,4137,,,0,100,,4136,,,0,100,,4135,,,0,100,,4134,,,0,100,,4133,,,0,100,,4132,,,0,100,,4131,,,0,100,,4130,,,0,100,,4129,,,0,100,,4128,,,0,100,,4127,,,0,100,,4126,,,0
601,'Sunday',833,,4141,,,0,100,,4142,,,0,113,,4143,,,0,100,,4144,,,0,100,,4145,,,0,100,,4146,,,0,104,,4147,,,0,100,,4148,,,0,100,,4149,,,0,100,,4150,,,0,100,,4151,,,0,100,,4152,,,0
601,'Weekday',542,,4153,,,0,102,,4154,,,0,70,,4155,,,0,30,,4156,,,0,75,,4157,,,0,30,,4158,,,0,69,,4159,,,0,30,,4160,,,0,65,,4161,,,0,30,,4162,,,0,70,,4163,,,0,30,,4164,,,0,70,,4165,,,0,30,,4166,,,0,70,,4167,,,0,30,,4168,,,0,70,,4169,,,0,32,,4170,,,0,73,,4171,,,0,33,,4172,,,0,70,,4173,,,0,30,,4174,,,0,70,,4175,,,0,31,,4176,,,0,68,,4177,,,0,30,,4178,,,0,70,,4179,,,0,26,,4180,,,0,100,,4181,,,0,100,,4182,,,0
5001,'Saturday',2342,,5379,,,0,97,,5378,,,0
5001,'Weekday',2342,,5381,,,0,97,,5380,,,0
5101,'Saturday',2344,,5389,,,0,97,,5388,,,0
5101,'Weekday',2344,,5392,,,0,97,,5391,,,0
8001,'Weekday',520,,5432,,,0,30,,5438,,,0,71,,5433,,,0,30,,5439,,,0,73,,5434,,,0,30,,5440,,,0,77,,5435,,,0,70,,5441,,,0,30,,5436,,,0,70,,5442,,,0,30,,5437,,,0,70,,5443,,,0,30,,5452,,,0,70,,5444,,,0,25,,5453,,,0,30,,5445,,,0,70,,5454,,,0,30,,5446,,,0,72,,5455,,,0,30,,5447,,,0,69,,5459,,,0,21,,5460,,,0,60,,5448,,,0,23,,5456,,,0,70,,5449,,,0,28,,5457,,,0,30,,5450,,,0,67,,5458,,,0,30,,5451,,,0
8101,'Weekday',607,,5493,,,0,31,,5498,,,0,70,,5494,,,0,33,,5499,,,0,70,,5495,,,0,37,,5500,,,0,70,,5496,,,0,28,,5501,,,0,70,,5497,,,0,30,,5504,,,0,70,,5505,,,0,30,,5506,,,0,70,,5507,,,0,25,,5508,,,0,70,,5509,,,0,30,,5510,,,0,70,,5511,,,0,32,,5512,,,0,70,,5513,,,0,35,,5502,,,0,70,,5514,,,0,32,,5503,,,0,70,,5491,,,0,22,,5489,,,0,70,,5490,,,0,29,,5515,,,0,70,,5492,,,0
