1000,'Holiday21111111',822,,1490,33,,,0,30,,1484,33,,,0,70,,1489,33,,,0,29,,1481,33,,,0,70,,1483,33,,,0,30,,1461,33,,,0,55,,1449,33,,,0,15,,1452,33,,,0,15,,1471,33,,,0,15,,1469,33,,,0,55,,1462,33,,,0,15,,1468,33,,,0,15,,1453,33,,,0,15,,1472,33,,,0,55,,1460,33,,,0,15,,1463,33,,,0,15,,1478,33,,,0,15,,1454,33,,,0,55,,1473,33,,,0,15,,1467,33,,,0,15,,1464,33,,,0,15,,1458,33,,,0,55,,1455,33,,,0,15,,1474,33,,,0,15,,1451,33,,,0,15,,1465,33,,,0,55,,1477,33,,,0,15,,1456,33,,,0,15,,1475,33,,,0,15,,1470,33,,,0,55,,1466,33,,,0,15,,1450,33,,,0,15,,1457,33,,,0,15,,1476,33,,,0,55,,1459,33,,,0,15,,1448,33,,,0,30,,1479,33,,,0,67,,1485,33,,,0,30,,1480,33,,,0,70,,1486,33,,,0,30,,1482,33,,,0,70,,1487,33,,,0,30,,1488,33,,,0
1000,'Saturday',718,,1497,33,,,0,30,,1498,33,,,0,70,,1499,33,,,0,30,,1500,33,,,0,70,,1501,33,,,0,18,,1541,33,,,0,15,,1502,33,,,0,55,,1503,33,,,0,15,,1504,33,,,0,15,,1505,33,,,0,15,,1506,33,,,0,55,,1507,33,,,0,15,,1508,33,,,0,15,,1509,33,,,0,15,,1510,33,,,0,55,,1511,33,,,0,15,,1512,33,,,0,15,,1513,33,,,0,15,,1514,33,,,0,55,,1515,33,,,0,15,,1516,33,,,0,15,,1517,33,,,0,15,,1518,33,,,0,55,,1519,33,,,0,15,,1520,33,,,0,15,,1521,33,,,0,15,,1522,33,,,0,55,,1523,33,,,0,15,,1524,33,,,0,15,,1525,33,,,0,15,,1526,33,,,0,55,,1527,33,,,0,15,,1528,33,,,0,15,,1529,33,,,0,15,,1530,33,,,0,55,,1531,33,,,0,15,,1532,33,,,0,15,,1533,33,,,0,15,,1534,33,,,0,55,,1535,33,,,0,15,,1536,33,,,0,15,,1537,33,,,0,15,,1538,33,,,0,67,,1539,33,,,0,30,,1540,33,,,0,70,,1493,33,,,0,30,,1491,33,,,0,70,,1495,33,,,0,30,,1494,33,,,0,70,,1492,33,,,0,30,,1496,33,,,0
1000,'Sunday',822,,1584,33,,,0,30,,1578,33,,,0,70,,1583,33,,,0,29,,1575,33,,,0,70,,1577,33,,,0,30,,1555,33,,,0,55,,1543,33,,,0,15,,1546,33,,,0,15,,1565,33,,,0,15,,1563,33,,,0,55,,1556,33,,,0,15,,1562,33,,,0,15,,1547,33,,,0,15,,1566,33,,,0,55,,1554,33,,,0,15,,1557,33,,,0,15,,1572,33,,,0,15,,1548,33,,,0,55,,1567,33,,,0,15,,1561,33,,,0,15,,1558,33,,,0,15,,1552,33,,,0,55,,1549,33,,,0,15,,1568,33,,,0,15,,1545,33,,,0,15,,1559,33,,,0,55,,1571,33,,,0,15,,1550,33,,,0,15,,1569,33,,,0,15,,1564,33,,,0,55,,1560,33,,,0,15,,1544,33,,,0,15,,1551,33,,,0,15,,1570,33,,,0,55,,1553,33,,,0,15,,1542,33,,,0,30,,1573,33,,,0,67,,1579,33,,,0,30,,1574,33,,,0,70,,1580,33,,,0,30,,1576,33,,,0,70,,1581,33,,,0,30,,1582,33,,,0
1000,'Weekday',512,,1595,33,,,0,30,,1604,33,,,0,66,,1590,33,,,0,27,,1621,33,,,0,15,,1618,33,,,0,57,,1622,33,,,0,15,,1614,33,,,0,14,,1623,33,,,0,16,,1599,33,,,0,55,,1624,33,,,0,12,,1605,33,,,0,17,,1625,33,,,0,15,,1585,33,,,0,55,,1626,33,,,0,14,,1611,33,,,0,15,,1627,33,,,0,15,,1620,33,,,0,55,,1628,33,,,0,15,,1617,33,,,0,15,,1629,33,,,0,15,,1606,33,,,0,55,,1630,33,,,0,15,,1602,33,,,0,15,,1631,33,,,0,15,,1594,33,,,0,55,,1632,33,,,0,18,,1603,33,,,0,12,,1633,33,,,0,15,,1589,33,,,0,55,,1634,33,,,0,15,,1607,33,,,0,15,,1635,33,,,0,15,,1619,33,,,0,55,,1636,33,,,0,17,,1593,33,,,0,15,,1637,33,,,0,15,,1616,33,,,0,57,,1638,33,,,0,15,,1613,33,,,0,15,,1639,33,,,0,15,,1608,33,,,0,56,,1640,33,,,0,11,,1612,33,,,0,16,,1641,33,,,0,14,,1601,33,,,0,58,,1642,33,,,0,15,,1596,33,,,0,15,,1643,33,,,0,15,,1598,33,,,0,55,,1644,33,,,0,12,,1609,33,,,0,15,,1645,33,,,0,12,,1597,33,,,0,55,,1646,33,,,0,15,,1592,33,,,0,30,,1615,33,,,0,70,,1600,33,,,0,30,,1610,33,,,0,70,,1586,33,,,0,30,,1588,33,,,0,69,,1591,33,,,0,30,,1587,33,,,0
2501,'Holiday21111111',757,,2510,22,,,0,70,,2499,22,,,0,30,,2511,22,,,0,70,,2500,22,,,0,30,,2512,22,,,0,70,,2501,22,,,0,30,,2513,22,,,0,70,,2502,22,,,0,30,,2514,22,,,0,70,,2503,22,,,0,30,,2515,22,,,0,70,,2504,22,,,0,30,,2516,22,,,0,70,,2505,22,,,0,30,,2517,22,,,0,70,,2506,22,,,0,30,,2518,22,,,0,70,,2507,22,,,0,30,,2519,22,,,0,70,,2508,22,,,0,30,,2520,22,,,0,70,,2509,22,,,0,30,,2521,22,,,0,70,,2522,22,,,0,30,,2523,22,,,0,70,,2524,22,,,0,30,,2525,22,,,0,70,,2526,22,,,0
2501,'Saturday',727,,2539,22,,,0,30,,2540,22,,,0,70,,2538,22,,,0,30,,2541,22,,,0,70,,2537,22,,,0,30,,2542,22,,,0,70,,2536,22,,,0,30,,2543,22,,,0,70,,2535,22,,,0,30,,2544,22,,,0,70,,2534,22,,,0,30,,2545,22,,,0,70,,2533,22,,,0,30,,2546,22,,,0,70,,2532,22,,,0,30,,2547,22,,,0,70,,2531,22,,,0,30,,2548,22,,,0,70,,2530,22,,,0,30,,2549,22,,,0,70,,2529,22,,,0,30,,2550,22,,,0,70,,2528,22,,,0,30,,2551,22,,,0,70,,2527,22,,,0,30,,2552,22,,,0,70,,2554,22,,,0,30,,2553,22,,,0,70,,2555,22,,,0,30,,2556,22,,,0
2501,'Sunday',757,,2568,22,,,0,70,,2557,22,,,0,30,,2569,22,,,0,70,,2558,22,,,0,30,,2570,22,,,0,70,,2559,22,,,0,30,,2571,22,,,0,70,,2560,22,,,0,30,,2572,22,,,0,70,,2561,22,,,0,30,,2573,22,,,0,70,,2562,22,,,0,30,,2574,22,,,0,70,,2563,22,,,0,30,,2575,22,,,0,70,,2564,22,,,0,30,,2576,22,,,0,70,,2565,22,,,0,30,,2577,22,,,0,70,,2566,22,,,0,30,,2578,22,,,0,70,,2567,22,,,0,30,,2579,22,,,0,70,,2580,22,,,0,30,,2581,22,,,0,70,,2582,22,,,0,30,,2583,22,,,0,70,,2584,22,,,0
2501,'Weekday',521,,2585,22,,,0,35,,2586,22,,,0,65,,2587,22,,,0,25,,2588,22,,,0,71,,2589,22,,,0,15,,2590,22,,,0,15,,2591,22,,,0,55,,2592,22,,,0,16,,2593,22,,,0,15,,2594,22,,,0,15,,2595,22,,,0,56,,2596,22,,,0,30,,2597,22,,,0,70,,2598,22,,,0,30,,2599,22,,,0,70,,2600,22,,,0,30,,2601,22,,,0,70,,2602,22,,,0,30,,2603,22,,,0,70,,2604,22,,,0,30,,2605,22,,,0,70,,2606,22,,,0,28,,2607,22,,,0,16,,2608,22,,,0,55,,2609,22,,,0,17,,2610,22,,,0,15,,2611,22,,,0,15,,2612,22,,,0,55,,2613,22,,,0,15,,2614,22,,,0,15,,2615,22,,,0,15,,2616,22,,,0,55,,2617,22,,,0,14,,2618,22,,,0,15,,2619,22,,,0,15,,2620,22,,,0,55,,2621,22,,,0,30,,2622,22,,,0,70,,2623,22,,,0,28,,2624,22,,,0,70,,2625,22,,,0,30,,2626,22,,,0,70,,2627,22,,,0,30,,2628,22,,,0,70,,2629,22,,,0,29,,2630,22,,,0,70,,2631,22,,,0,28,,2632,22,,,0
5000,'Saturday',2318,,2638,32,,,0,97,,2637,32,,,0,95,,2639,32,,,0
5000,'Weekday',2318,,2641,32,,,0,97,,2640,32,,,0,95,,2642,32,,,0
