601,'Holiday21111111',824,,7300,14,,,0,100,,7301,14,,,0,113,,7302,14,,,0,100,,7303,14,,,0,100,,7304,14,,,0,100,,7305,14,,,0,104,,7306,14,,,0,100,,7307,14,,,0,100,,7308,14,,,0,100,,7309,14,,,0,100,,7310,14,,,0,100,,7311,14,,,0
601,'Holiday3-505-1111111',724,,7326,14,,,0,100,,7325,14,,,0,100,,7324,14,,,0,110,,7323,14,,,0,100,,7322,14,,,0,100,,7321,14,,,0,100,,7320,14,,,0,100,,7319,14,,,0,100,,7318,14,,,0,100,,7317,14,,,0,100,,7316,14,,,0,100,,7315,14,,,0,100,,7314,14,,,0,100,,7313,14,,,0,100,,7312,14,,,0
601,'Saturday',724,,7341,14,,,0,100,,7340,14,,,0,100,,7339,14,,,0,110,,7338,14,,,0,100,,7337,14,,,0,100,,7336,14,,,0,100,,7335,14,,,0,100,,7334,14,,,0,100,,7333,14,,,0,100,,7332,14,,,0,100,,7331,14,,,0,100,,7330,14,,,0,100,,7329,14,,,0,100,,7328,14,,,0,100,,7327,14,,,0
601,'Sunday',824,,7342,14,,,0,100,,7343,14,,,0,113,,7344,14,,,0,100,,7345,14,,,0,100,,7346,14,,,0,100,,7347,14,,,0,104,,7348,14,,,0,100,,7349,14,,,0,100,,7350,14,,,0,100,,7351,14,,,0,100,,7352,14,,,0,100,,7353,14,,,0
601,'Weekday',533,,7354,14,,,0,101,,7355,14,,,0,70,,7356,14,,,0,30,,7357,14,,,0,75,,7358,14,,,0,30,,7359,14,,,0,70,,7360,14,,,0,30,,7361,14,,,0,65,,7362,14,,,0,30,,7363,14,,,0,70,,7364,14,,,0,30,,7365,14,,,0,70,,7366,14,,,0,30,,7367,14,,,0,70,,7368,14,,,0,30,,7369,14,,,0,70,,7370,14,,,0,32,,7371,14,,,0,69,,7372,14,,,0,30,,7373,14,,,0,80,,7382,14,,,0,36,,7377,14,,,0,72,,7384,14,,,0,26,,7380,14,,,0,64,,7379,14,,,0,28,,7376,14,,,0,70,,7381,14,,,0,28,,7378,14,,,0,100,,7374,14,,,0,100,,7375,14,,,0,100,,7383,14,,,0
1200,'Holiday21111111',840,,8232,21,,,0,70,,8231,21,,,0,30,,8233,21,,,0,73,,8230,21,,,0,27,,8234,21,,,0,70,,8229,21,,,0,30,,8235,21,,,0,70,,8228,21,,,0,30,,8236,21,,,0,70,,8227,21,,,0,30,,8237,21,,,0,73,,8226,21,,,0,27,,8238,21,,,0,70,,8225,21,,,0,30,,8239,21,,,0,70,,8224,21,,,0,30,,8240,21,,,0,70,,8223,21,,,0,30,,8241,21,,,0,73,,8222,21,,,0,30,,8242,21,,,0,70,,8243,21,,,0,30,,8244,21,,,0,70,,8245,21,,,0,30,,8246,21,,,0,70,,8247,21,,,0,30,,8248,21,,,0
1200,'Holiday3-505-1111111',808,,8263,21,,,0,30,,8264,21,,,0,70,,8262,21,,,0,30,,8265,21,,,0,75,,8261,21,,,0,25,,8266,21,,,0,70,,8260,21,,,0,30,,8267,21,,,0,70,,8259,21,,,0,30,,8268,21,,,0,70,,8258,21,,,0,30,,8269,21,,,0,75,,8257,21,,,0,25,,8270,21,,,0,70,,8256,21,,,0,30,,8271,21,,,0,70,,8255,21,,,0,30,,8272,21,,,0,70,,8254,21,,,0,30,,8273,21,,,0,70,,8253,21,,,0,30,,8274,21,,,0,70,,8252,21,,,0,30,,8275,21,,,0,70,,8251,21,,,0,30,,8276,21,,,0,70,,8250,21,,,0,30,,8277,21,,,0,70,,8249,21,,,0
1200,'Saturday',808,,8292,21,,,0,30,,8293,21,,,0,70,,8291,21,,,0,30,,8294,21,,,0,75,,8290,21,,,0,25,,8295,21,,,0,70,,8289,21,,,0,30,,8296,21,,,0,70,,8288,21,,,0,30,,8297,21,,,0,70,,8287,21,,,0,30,,8298,21,,,0,75,,8286,21,,,0,25,,8299,21,,,0,70,,8285,21,,,0,30,,8300,21,,,0,70,,8284,21,,,0,30,,8301,21,,,0,70,,8283,21,,,0,30,,8302,21,,,0,70,,8282,21,,,0,30,,8303,21,,,0,70,,8281,21,,,0,30,,8304,21,,,0,70,,8280,21,,,0,30,,8305,21,,,0,70,,8279,21,,,0,30,,8306,21,,,0,70,,8278,21,,,0
1200,'Sunday',838,,8317,21,,,0,70,,8316,21,,,0,30,,8318,21,,,0,75,,8315,21,,,0,25,,8319,21,,,0,70,,8314,21,,,0,30,,8320,21,,,0,70,,8313,21,,,0,30,,8321,21,,,0,70,,8312,21,,,0,30,,8322,21,,,0,75,,8311,21,,,0,25,,8323,21,,,0,70,,8310,21,,,0,30,,8324,21,,,0,70,,8309,21,,,0,30,,8325,21,,,0,70,,8308,21,,,0,30,,8326,21,,,0,75,,8307,21,,,0,30,,8327,21,,,0,70,,8328,21,,,0,30,,8329,21,,,0,70,,8330,21,,,0,30,,8331,21,,,0,70,,8332,21,,,0,30,,8333,21,,,0
1200,'Weekday',543,,8354,21,,,0,70,,8341,21,,,0,30,,8355,21,,,0,71,,8346,21,,,0,30,,8356,21,,,0,72,,8353,21,,,0,30,,8357,21,,,0,69,,8347,21,,,0,30,,8358,21,,,0,70,,8342,21,,,0,30,,8359,21,,,0,70,,8348,21,,,0,30,,8360,21,,,0,70,,8345,21,,,0,30,,8361,21,,,0,70,,8349,21,,,0,30,,8340,21,,,0,70,,8362,21,,,0,20,,8343,21,,,0,22,,8334,21,,,0,65,,8363,21,,,0,24,,8350,21,,,0,60,,8351,21,,,0,25,,8352,21,,,0,25,,8369,21,,,0,60,,8370,21,,,0,25,,8335,21,,,0,65,,8371,21,,,0,19,,8337,21,,,0,20,,8344,21,,,0,69,,8364,21,,,0,29,,8338,21,,,0,70,,8365,21,,,0,30,,8336,21,,,0,70,,8366,21,,,0,30,,8339,21,,,0,70,,8367,21,,,0,30,,8368,21,,,0
