300,'Holiday21111111',813,,6696,15,,,0,100,,6697,15,,,0,30,,6709,15,,,0,71,,6698,15,,,0,30,,6710,15,,,0,70,,6699,15,,,0,30,,6711,15,,,0,70,,6700,15,,,0,30,,6712,15,,,0,70,,6701,15,,,0,30,,6713,15,,,0,70,,6702,15,,,0,30,,6714,15,,,0,70,,6703,15,,,0,30,,6715,15,,,0,70,,6704,15,,,0,30,,6716,15,,,0,70,,6705,15,,,0,30,,6717,15,,,0,69,,6706,15,,,0,32,,6718,15,,,0,71,,6707,15,,,0,29,,6719,15,,,0,73,,6708,15,,,0,30,,6720,15,,,0,69,,6721,15,,,0
300,'Holiday3-505-1111111',713,,6722,15,,,0,100,,6723,15,,,0,100,,6724,15,,,0,30,,6738,15,,,0,71,,6725,15,,,0,30,,6739,15,,,0,60,,6726,15,,,0,20,,6751,15,,,0,20,,6740,15,,,0,60,,6727,15,,,0,20,,6752,15,,,0,25,,6741,15,,,0,60,,6728,15,,,0,20,,6753,15,,,0,20,,6742,15,,,0,60,,6729,15,,,0,20,,6754,15,,,0,20,,6743,15,,,0,60,,6730,15,,,0,25,,6755,15,,,0,20,,6744,15,,,0,60,,6731,15,,,0,20,,6756,15,,,0,20,,6745,15,,,0,60,,6732,15,,,0,30,,6746,15,,,0,69,,6733,15,,,0,30,,6747,15,,,0,70,,6734,15,,,0,30,,6748,15,,,0,70,,6735,15,,,0,30,,6749,15,,,0,69,,6736,15,,,0,30,,6750,15,,,0,70,,6737,15,,,0
300,'Saturday',713,,6757,15,,,0,100,,6758,15,,,0,100,,6759,15,,,0,30,,6773,15,,,0,71,,6760,15,,,0,30,,6774,15,,,0,60,,6761,15,,,0,20,,6786,15,,,0,20,,6775,15,,,0,60,,6762,15,,,0,20,,6787,15,,,0,25,,6776,15,,,0,60,,6763,15,,,0,20,,6788,15,,,0,20,,6777,15,,,0,60,,6764,15,,,0,20,,6789,15,,,0,20,,6778,15,,,0,60,,6765,15,,,0,25,,6790,15,,,0,20,,6779,15,,,0,60,,6766,15,,,0,20,,6791,15,,,0,20,,6780,15,,,0,60,,6767,15,,,0,30,,6781,15,,,0,69,,6768,15,,,0,30,,6782,15,,,0,70,,6769,15,,,0,30,,6783,15,,,0,70,,6770,15,,,0,30,,6784,15,,,0,69,,6771,15,,,0,30,,6785,15,,,0,70,,6772,15,,,0
300,'Sunday',813,,6792,15,,,0,100,,6793,15,,,0,30,,6805,15,,,0,71,,6794,15,,,0,30,,6806,15,,,0,60,,6795,15,,,0,20,,6818,15,,,0,20,,6807,15,,,0,60,,6796,15,,,0,20,,6819,15,,,0,25,,6808,15,,,0,60,,6797,15,,,0,20,,6820,15,,,0,20,,6809,15,,,0,60,,6798,15,,,0,20,,6823,15,,,0,20,,6810,15,,,0,60,,6799,15,,,0,25,,6821,15,,,0,20,,6811,15,,,0,60,,6800,15,,,0,20,,6822,15,,,0,20,,6812,15,,,0,60,,6801,15,,,0,30,,6813,15,,,0,69,,6802,15,,,0,30,,6814,15,,,0,70,,6803,15,,,0,30,,6815,15,,,0,70,,6804,15,,,0,30,,6816,15,,,0,69,,6817,15,,,0
300,'Weekday',538,,6824,15,,,0,68,,6866,15,,,0,15,,6867,15,,,0,15,,6826,15,,,0,15,,6827,15,,,0,55,,6828,15,,,0,15,,6868,15,,,0,15,,6869,15,,,0,15,,6829,15,,,0,55,,6830,15,,,0,16,,6831,15,,,0,15,,6832,15,,,0,15,,6833,15,,,0,55,,6870,15,,,0,15,,6834,15,,,0,15,,6871,15,,,0,15,,6835,15,,,0,60,,6836,15,,,0,19,,6837,15,,,0,16,,6838,15,,,0,55,,6872,15,,,0,15,,6839,15,,,0,15,,6840,15,,,0,15,,6841,15,,,0,55,,6873,15,,,0,15,,6842,15,,,0,15,,6874,15,,,0,15,,6843,15,,,0,55,,6844,15,,,0,15,,6875,15,,,0,15,,6876,15,,,0,15,,6877,15,,,0,55,,6878,15,,,0,15,,6879,15,,,0,15,,6845,15,,,0,15,,6846,15,,,0,55,,6847,15,,,0,15,,6848,15,,,0,15,,6849,15,,,0,15,,6880,15,,,0,55,,6850,15,,,0,15,,6881,15,,,0,15,,6882,15,,,0,15,,6851,15,,,0,55,,6852,15,,,0,15,,6853,15,,,0,15,,6883,15,,,0,14,,6884,15,,,0,55,,6861,15,,,0,15,,6860,15,,,0,15,,6854,15,,,0,15,,6864,15,,,0,55,,6859,15,,,0,17,,6855,15,,,0,30,,6856,15,,,0,70,,6865,15,,,0,30,,6858,15,,,0,70,,6863,15,,,0,30,,6862,15,,,0,69,,6857,15,,,0,30,,6825,15,,,0
600,'Holiday21111111',852,,7215,5,,,0,106,,7216,5,,,0,100,,7217,5,,,0,100,,7218,5,,,0,100,,7219,5,,,0,100,,7220,5,,,0,142,,7221,5,,,0,100,,7222,5,,,0,100,,7223,5,,,0,100,,7224,5,,,0,101,,7225,5,,,0,103,,7226,5,,,0
600,'Holiday3-505-1111111',752,,7241,5,,,0,100,,7240,5,,,0,106,,7239,5,,,0,100,,7238,5,,,0,100,,7237,5,,,0,100,,7236,5,,,0,100,,7235,5,,,0,100,,7234,5,,,0,100,,7233,5,,,0,100,,7232,5,,,0,100,,7231,5,,,0,100,,7230,5,,,0,100,,7229,5,,,0,100,,7228,5,,,0,100,,7227,5,,,0
600,'Saturday',752,,7256,5,,,0,100,,7255,5,,,0,106,,7254,5,,,0,100,,7253,5,,,0,100,,7252,5,,,0,100,,7251,5,,,0,100,,7250,5,,,0,100,,7249,5,,,0,100,,7248,5,,,0,100,,7247,5,,,0,100,,7246,5,,,0,100,,7245,5,,,0,100,,7244,5,,,0,100,,7243,5,,,0,100,,7242,5,,,0
600,'Sunday',852,,7257,5,,,0,106,,7258,5,,,0,100,,7259,5,,,0,100,,7260,5,,,0,100,,7261,5,,,0,100,,7262,5,,,0,142,,7263,5,,,0,100,,7264,5,,,0,100,,7265,5,,,0,100,,7266,5,,,0,100,,7267,5,,,0,100,,7268,5,,,0
600,'Weekday',558,,7269,5,,,0,71,,7270,5,,,0,30,,7271,5,,,0,70,,7272,5,,,0,26,,7273,5,,,0,75,,7274,5,,,0,70,,7275,5,,,0,29,,7276,5,,,0,30,,7277,5,,,0,70,,7278,5,,,0,30,,7279,5,,,0,70,,7280,5,,,0,30,,7281,5,,,0,70,,7282,5,,,0,30,,7283,5,,,0,70,,7284,5,,,0,30,,7285,5,,,0,66,,7286,5,,,0,33,,7287,5,,,0,73,,7288,5,,,0,79,,7298,5,,,0,33,,7296,5,,,0,66,,7295,5,,,0,26,,7293,5,,,0,70,,7299,5,,,0,29,,7297,5,,,0,70,,7294,5,,,0,30,,7289,5,,,0,69,,7290,5,,,0,100,,7291,5,,,0,100,,7292,5,,,0
8100,'Weekday',541,,8960,5,,,0,70,,8965,5,,,0,31,,8961,5,,,0,70,,8966,5,,,0,31,,8962,5,,,0,73,,8967,5,,,0,33,,8963,5,,,0,72,,8968,5,,,0,30,,8964,5,,,0,69,,8971,5,,,0,30,,8972,5,,,0,70,,8973,5,,,0,25,,8974,5,,,0,71,,8975,5,,,0,30,,8976,5,,,0,70,,8977,5,,,0,30,,8978,5,,,0,67,,8979,5,,,0,30,,8980,5,,,0,70,,8969,5,,,0,29,,8970,5,,,0,66,,8954,5,,,0,29,,8958,5,,,0,71,,8956,5,,,0,34,,8955,5,,,0,71,,8959,5,,,0,30,,8957,5,,,0
