100,'Holiday21111111',707,,44,34,,,0,15,,45,34,,,0,15,,46,34,,,0,15,,47,34,,,0,55,,48,34,,,0,15,,49,34,,,0,15,,50,34,,,0,15,,51,34,,,0,55,,52,34,,,0,17,,53,34,,,0,15,,54,34,,,0,15,,55,34,,,0,55,,11,34,,,0,15,,23,34,,,0,15,,7,34,,,0,15,,12,34,,,0,55,,37,34,,,0,15,,33,34,,,0,15,,24,34,,,0,15,,31,34,,,0,55,,13,34,,,0,15,,38,34,,,0,15,,19,34,,,0,15,,25,34,,,0,55,,34,34,,,0,15,,14,34,,,0,15,,39,34,,,0,15,,30,34,,,0,55,,35,34,,,0,15,,26,34,,,0,15,,18,34,,,0,15,,15,34,,,0,55,,40,34,,,0,15,,20,34,,,0,15,,9,34,,,0,15,,27,34,,,0,55,,6,34,,,0,15,,16,34,,,0,15,,41,34,,,0,15,,32,34,,,0,55,,21,34,,,0,15,,28,34,,,0,15,,8,34,,,0,15,,17,34,,,0,55,,42,34,,,0,13,,10,34,,,0,18,,43,34,,,0,18,,29,34,,,0,49,,22,34,,,0,21,,36,34,,,0,30,,3,34,,,0,70,,1,34,,,0,30,,2,34,,,0,70,,4,34,,,0,30,,5,34,,,0,70,,56,34,,,0,30,,57,34,,,0
100,'Saturday',652,,105,34,,,0,55,,106,34,,,0,15,,107,34,,,0,15,,108,34,,,0,15,,109,34,,,0,55,,110,34,,,0,17,,111,34,,,0,15,,112,34,,,0,15,,113,34,,,0,55,,114,34,,,0,16,,115,34,,,0,16,,116,34,,,0,15,,117,34,,,0,55,,94,34,,,0,15,,81,34,,,0,15,,88,34,,,0,15,,71,34,,,0,55,,95,34,,,0,15,,79,34,,,0,13,,118,34,,,0,14,,82,34,,,0,54,,78,34,,,0,14,,72,34,,,0,14,,96,34,,,0,14,,103,34,,,0,54,,83,34,,,0,14,,119,34,,,0,14,,77,34,,,0,14,,73,34,,,0,14,,69,34,,,0,54,,70,34,,,0,14,,84,34,,,0,14,,101,34,,,0,14,,120,34,,,0,54,,97,34,,,0,14,,91,34,,,0,14,,93,34,,,0,14,,85,34,,,0,54,,68,34,,,0,14,,74,34,,,0,14,,121,34,,,0,15,,98,34,,,0,53,,90,34,,,0,15,,80,34,,,0,14,,86,34,,,0,15,,89,34,,,0,13,,75,34,,,0,53,,99,34,,,0,12,,104,34,,,0,15,,92,34,,,0,15,,87,34,,,0,55,,102,34,,,0,15,,76,34,,,0,18,,100,34,,,0,18,,58,34,,,0,70,,62,34,,,0,30,,65,34,,,0,70,,59,34,,,0,30,,63,34,,,0,70,,66,34,,,0,30,,60,34,,,0,70,,64,34,,,0,29,,67,34,,,0,68,,61,34,,,0
100,'Sunday',652,,166,34,,,0,55,,167,34,,,0,15,,168,34,,,0,15,,169,34,,,0,15,,170,34,,,0,55,,171,34,,,0,17,,172,34,,,0,15,,173,34,,,0,15,,174,34,,,0,55,,175,34,,,0,16,,176,34,,,0,16,,177,34,,,0,15,,178,34,,,0,55,,155,34,,,0,15,,142,34,,,0,15,,149,34,,,0,15,,132,34,,,0,55,,156,34,,,0,15,,140,34,,,0,13,,179,34,,,0,14,,143,34,,,0,54,,139,34,,,0,14,,133,34,,,0,14,,157,34,,,0,14,,164,34,,,0,54,,144,34,,,0,14,,180,34,,,0,14,,138,34,,,0,14,,134,34,,,0,14,,130,34,,,0,54,,131,34,,,0,14,,145,34,,,0,14,,162,34,,,0,14,,181,34,,,0,54,,158,34,,,0,14,,152,34,,,0,14,,154,34,,,0,14,,146,34,,,0,54,,129,34,,,0,14,,135,34,,,0,14,,182,34,,,0,15,,159,34,,,0,53,,151,34,,,0,15,,141,34,,,0,14,,147,34,,,0,15,,150,34,,,0,13,,136,34,,,0,53,,160,34,,,0,12,,165,34,,,0,15,,153,34,,,0,15,,148,34,,,0,55,,163,34,,,0,15,,137,34,,,0,18,,161,34,,,0,18,,122,34,,,0,70,,125,34,,,0,30,,127,34,,,0,70,,123,34,,,0,30,,126,34,,,0,70,,128,34,,,0,30,,124,34,,,0
100,'Weekday',507,,271,34,,,0,15,,272,34,,,0,12,,273,34,,,0,12,,274,34,,,0,12,,275,34,,,0,52,,276,34,,,0,14,,277,34,,,0,12,,278,34,,,0,12,,263,34,,,0,52,,264,34,,,0,12,,267,34,,,0,15,,279,34,,,0,12,,268,34,,,0,12,,269,34,,,0,52,,265,34,,,0,12,,270,34,,,0,12,,266,34,,,0,12,,208,34,,,0,12,,201,34,,,0,52,,228,34,,,0,12,,204,34,,,0,12,,216,34,,,0,12,,200,34,,,0,12,,205,34,,,0,52,,203,34,,,0,12,,207,34,,,0,12,,202,34,,,0,12,,215,34,,,0,12,,206,34,,,0,52,,209,34,,,0,12,,221,34,,,0,12,,210,34,,,0,13,,214,34,,,0,12,,222,34,,,0,52,,227,34,,,0,12,,220,34,,,0,13,,226,34,,,0,13,,219,34,,,0,12,,211,34,,,0,52,,212,34,,,0,12,,223,34,,,0,11,,224,34,,,0,12,,213,34,,,0,13,,225,34,,,0,51,,218,34,,,0,12,,282,34,,,0,12,,217,34,,,0,10,,260,34,,,0,11,,261,34,,,0,51,,262,34,,,0,11,,259,34,,,0,10,,247,34,,,0,10,,280,34,,,0,11,,248,34,,,0,11,,249,34,,,0,50,,250,34,,,0,10,,251,34,,,0,10,,252,34,,,0,10,,237,34,,,0,11,,239,34,,,0,11,,231,34,,,0,51,,238,34,,,0,11,,233,34,,,0,10,,240,34,,,0,12,,243,34,,,0,11,,241,34,,,0,51,,245,34,,,0,11,,236,34,,,0,10,,246,34,,,0,7,,232,34,,,0,9,,234,34,,,0,9,,235,34,,,0,10,,244,34,,,0,50,,242,34,,,0,10,,258,34,,,0,11,,253,34,,,0,12,,257,34,,,0,12,,254,34,,,0,52,,256,34,,,0,12,,255,34,,,0,12,,281,34,,,0,10,,183,34,,,0,15,,184,34,,,0,52,,185,34,,,0,14,,186,34,,,0,11,,187,34,,,0,20,,188,34,,,0,55,,189,34,,,0,14,,190,34,,,0,15,,197,34,,,0,15,,191,34,,,0,55,,198,34,,,0,20,,192,34,,,0,15,,195,34,,,0,15,,193,34,,,0,55,,196,34,,,0,15,,194,34,,,0,15,,230,34,,,0,15,,199,34,,,0,55,,229,34,,,0
600,'Holiday21111111',849,,1309,3,,,0,106,,1310,3,,,0,100,,1311,3,,,0,100,,1312,3,,,0,100,,1313,3,,,0,100,,1314,3,,,0,102,,1315,3,,,0,100,,1316,3,,,0,100,,1317,3,,,0,100,,1318,3,,,0,101,,1319,3,,,0,143,,1320,3,,,0
600,'Saturday',749,,1335,3,,,0,100,,1334,3,,,0,106,,1333,3,,,0,100,,1332,3,,,0,100,,1331,3,,,0,100,,1330,3,,,0,100,,1329,3,,,0,100,,1328,3,,,0,100,,1327,3,,,0,100,,1326,3,,,0,100,,1325,3,,,0,100,,1324,3,,,0,100,,1323,3,,,0,100,,1322,3,,,0,100,,1321,3,,,0
600,'Sunday',849,,1336,3,,,0,106,,1337,3,,,0,100,,1338,3,,,0,100,,1339,3,,,0,100,,1340,3,,,0,100,,1341,3,,,0,102,,1342,3,,,0,100,,1343,3,,,0,100,,1344,3,,,0,100,,1345,3,,,0,100,,1346,3,,,0,100,,1347,3,,,0
600,'Weekday',557,,1348,3,,,0,70,,1349,3,,,0,30,,1350,3,,,0,70,,1351,3,,,0,25,,1352,3,,,0,75,,1353,3,,,0,30,,1354,3,,,0,70,,1355,3,,,0,30,,1356,3,,,0,70,,1357,3,,,0,30,,1358,3,,,0,70,,1359,3,,,0,30,,1360,3,,,0,70,,1361,3,,,0,30,,1362,3,,,0,70,,1363,3,,,0,30,,1364,3,,,0,65,,1365,3,,,0,35,,1366,3,,,0,70,,1367,3,,,0,31,,1368,3,,,0,70,,1369,3,,,0,74,,1370,3,,,0,30,,1371,3,,,0,70,,1372,3,,,0,30,,1373,3,,,0,26,,1374,3,,,0,70,,1375,3,,,0,30,,1376,3,,,0,100,,1377,3,,,0,100,,1378,3,,,0
5100,'Saturday',2304,,2649,3,,,0,97,,2648,3,,,0,55,,2647,3,,,0
5100,'Weekday',2304,,2652,3,,,0,97,,2651,3,,,0,55,,2650,3,,,0
8000,'Weekday',554,,2691,3,,,0,70,,2687,3,,,0,30,,2692,3,,,0,70,,2688,3,,,0,30,,2693,3,,,0,70,,2689,3,,,0,31,,2694,3,,,0,70,,2690,3,,,0,30,,2695,3,,,0,70,,2669,3,,,0,30,,2678,3,,,0,70,,2670,3,,,0,34,,2679,3,,,0,68,,2671,3,,,0,30,,2680,3,,,0,70,,2672,3,,,0,30,,2681,3,,,0,70,,2673,3,,,0,30,,2682,3,,,0,71,,2674,3,,,0,30,,2683,3,,,0,68,,2675,3,,,0,29,,2684,3,,,0,73,,2676,3,,,0,29,,2685,3,,,0,73,,2677,3,,,0,29,,2686,3,,,0
8100,'Weekday',537,,2732,3,,,0,70,,2737,3,,,0,31,,2733,3,,,0,71,,2738,3,,,0,30,,2734,3,,,0,73,,2739,3,,,0,33,,2735,3,,,0,72,,2740,3,,,0,30,,2736,3,,,0,69,,2743,3,,,0,30,,2744,3,,,0,70,,2745,3,,,0,30,,2746,3,,,0,69,,2747,3,,,0,30,,2748,3,,,0,70,,2749,3,,,0,30,,2750,3,,,0,67,,2751,3,,,0,30,,2752,3,,,0,66,,2741,3,,,0,30,,2742,3,,,0,67,,2726,3,,,0,29,,2730,3,,,0,76,,2728,3,,,0,29,,2727,3,,,0,75,,2731,3,,,0,29,,2729,3,,,0
