101,'Holiday21111111',644,,288,16,,,0,15,,289,16,,,0,55,,290,16,,,0,15,,291,16,,,0,15,,292,16,,,0,15,,293,16,,,0,55,,294,16,,,0,15,,295,16,,,0,10,,296,16,,,0,15,,297,16,,,0,56,,298,16,,,0,15,,299,16,,,0,15,,300,16,,,0,15,,301,16,,,0,55,,302,16,,,0,15,,303,16,,,0,15,,304,16,,,0,15,,305,16,,,0,55,,306,16,,,0,15,,307,16,,,0,15,,308,16,,,0,15,,309,16,,,0,55,,310,16,,,0,15,,311,16,,,0,15,,312,16,,,0,15,,313,16,,,0,55,,314,16,,,0,15,,315,16,,,0,15,,316,16,,,0,15,,317,16,,,0,55,,318,16,,,0,15,,319,16,,,0,15,,320,16,,,0,15,,321,16,,,0,55,,322,16,,,0,15,,323,16,,,0,15,,324,16,,,0,15,,325,16,,,0,55,,326,16,,,0,15,,327,16,,,0,15,,328,16,,,0,15,,329,16,,,0,55,,330,16,,,0,15,,331,16,,,0,15,,332,16,,,0,15,,333,16,,,0,54,,334,16,,,0,18,,335,16,,,0,15,,336,16,,,0,15,,337,16,,,0,55,,338,16,,,0,15,,283,16,,,0,30,,285,16,,,0,70,,287,16,,,0,30,,284,16,,,0,70,,286,16,,,0,30,,340,16,,,0,70,,339,16,,,0
101,'Saturday',644,,352,16,,,0,15,,353,16,,,0,55,,354,16,,,0,10,,355,16,,,0,15,,356,16,,,0,15,,357,16,,,0,55,,358,16,,,0,15,,359,16,,,0,15,,360,16,,,0,15,,361,16,,,0,56,,362,16,,,0,15,,363,16,,,0,15,,364,16,,,0,15,,365,16,,,0,55,,366,16,,,0,14,,367,16,,,0,11,,404,16,,,0,14,,368,16,,,0,54,,369,16,,,0,14,,370,16,,,0,14,,371,16,,,0,14,,372,16,,,0,14,,373,16,,,0,54,,403,16,,,0,14,,374,16,,,0,14,,375,16,,,0,14,,376,16,,,0,54,,377,16,,,0,13,,378,16,,,0,14,,379,16,,,0,14,,401,16,,,0,54,,380,16,,,0,14,,381,16,,,0,14,,382,16,,,0,14,,383,16,,,0,54,,384,16,,,0,14,,385,16,,,0,14,,402,16,,,0,14,,386,16,,,0,14,,387,16,,,0,54,,388,16,,,0,14,,389,16,,,0,14,,390,16,,,0,14,,391,16,,,0,54,,392,16,,,0,15,,393,16,,,0,15,,394,16,,,0,15,,395,16,,,0,55,,396,16,,,0,17,,397,16,,,0,18,,398,16,,,0,15,,399,16,,,0,55,,400,16,,,0,18,,344,16,,,0,30,,347,16,,,0,70,,341,16,,,0,30,,345,16,,,0,69,,348,16,,,0,30,,342,16,,,0,70,,346,16,,,0,30,,349,16,,,0,70,,343,16,,,0,30,,350,16,,,0,69,,351,16,,,0
101,'Sunday',644,,412,16,,,0,15,,413,16,,,0,55,,414,16,,,0,10,,415,16,,,0,15,,416,16,,,0,15,,417,16,,,0,55,,418,16,,,0,15,,419,16,,,0,15,,420,16,,,0,15,,421,16,,,0,56,,422,16,,,0,15,,423,16,,,0,15,,424,16,,,0,15,,425,16,,,0,55,,426,16,,,0,14,,427,16,,,0,11,,464,16,,,0,14,,428,16,,,0,54,,429,16,,,0,14,,430,16,,,0,14,,431,16,,,0,14,,432,16,,,0,14,,433,16,,,0,54,,463,16,,,0,14,,434,16,,,0,14,,435,16,,,0,14,,436,16,,,0,54,,437,16,,,0,13,,438,16,,,0,14,,439,16,,,0,14,,461,16,,,0,54,,440,16,,,0,14,,441,16,,,0,14,,442,16,,,0,14,,443,16,,,0,54,,444,16,,,0,14,,445,16,,,0,14,,462,16,,,0,14,,446,16,,,0,14,,447,16,,,0,54,,448,16,,,0,14,,449,16,,,0,14,,450,16,,,0,14,,451,16,,,0,54,,452,16,,,0,15,,453,16,,,0,15,,454,16,,,0,15,,455,16,,,0,55,,456,16,,,0,17,,457,16,,,0,18,,458,16,,,0,15,,459,16,,,0,55,,460,16,,,0,18,,407,16,,,0,30,,410,16,,,0,70,,405,16,,,0,30,,408,16,,,0,69,,411,16,,,0,30,,406,16,,,0,70,,409,16,,,0
101,'Weekday',500,,554,16,,,0,15,,555,16,,,0,12,,556,16,,,0,12,,557,16,,,0,12,,558,16,,,0,52,,559,16,,,0,14,,563,16,,,0,12,,562,16,,,0,12,,560,16,,,0,15,,547,16,,,0,54,,550,16,,,0,12,,551,16,,,0,12,,548,16,,,0,12,,552,16,,,0,12,,553,16,,,0,52,,507,16,,,0,12,,494,16,,,0,12,,495,16,,,0,12,,496,16,,,0,12,,497,16,,,0,53,,498,16,,,0,12,,499,16,,,0,12,,500,16,,,0,12,,501,16,,,0,12,,502,16,,,0,52,,503,16,,,0,12,,504,16,,,0,12,,505,16,,,0,12,,506,16,,,0,12,,482,16,,,0,52,,487,16,,,0,12,,488,16,,,0,12,,486,16,,,0,12,,493,16,,,0,12,,484,16,,,0,52,,480,16,,,0,12,,481,16,,,0,12,,483,16,,,0,12,,492,16,,,0,12,,489,16,,,0,51,,564,16,,,0,9,,491,16,,,0,11,,490,16,,,0,11,,542,16,,,0,10,,485,16,,,0,50,,543,16,,,0,9,,565,16,,,0,10,,544,16,,,0,9,,545,16,,,0,9,,546,16,,,0,10,,516,16,,,0,9,,518,16,,,0,50,,511,16,,,0,11,,514,16,,,0,9,,527,16,,,0,11,,520,16,,,0,11,,534,16,,,0,9,,549,16,,,0,50,,525,16,,,0,11,,530,16,,,0,11,,533,16,,,0,11,,528,16,,,0,11,,522,16,,,0,51,,526,16,,,0,9,,523,16,,,0,10,,515,16,,,0,10,,532,16,,,0,10,,535,16,,,0,10,,529,16,,,0,50,,513,16,,,0,11,,531,16,,,0,13,,519,16,,,0,11,,524,16,,,0,12,,512,16,,,0,10,,521,16,,,0,50,,510,16,,,0,9,,517,16,,,0,10,,508,16,,,0,10,,509,16,,,0,10,,536,16,,,0,10,,537,16,,,0,51,,538,16,,,0,12,,539,16,,,0,12,,540,16,,,0,12,,541,16,,,0,11,,465,16,,,0,55,,466,16,,,0,15,,468,16,,,0,15,,467,16,,,0,15,,470,16,,,0,59,,469,16,,,0,20,,475,16,,,0,15,,471,16,,,0,55,,476,16,,,0,15,,472,16,,,0,15,,477,16,,,0,15,,473,16,,,0,55,,478,16,,,0,14,,474,16,,,0,15,,479,16,,,0,15,,561,16,,,0
601,'Holiday21111111',834,,1379,30,,,0,100,,1380,30,,,0,113,,1381,30,,,0,100,,1382,30,,,0,100,,1383,30,,,0,100,,1384,30,,,0,104,,1385,30,,,0,100,,1386,30,,,0,100,,1387,30,,,0,100,,1388,30,,,0,100,,1389,30,,,0,100,,1390,30,,,0
601,'Saturday',734,,1405,30,,,0,100,,1404,30,,,0,100,,1403,30,,,0,110,,1402,30,,,0,100,,1401,30,,,0,100,,1400,30,,,0,100,,1399,30,,,0,100,,1398,30,,,0,100,,1397,30,,,0,100,,1396,30,,,0,100,,1395,30,,,0,100,,1394,30,,,0,100,,1393,30,,,0,100,,1392,30,,,0,100,,1391,30,,,0
601,'Sunday',834,,1406,30,,,0,100,,1407,30,,,0,113,,1408,30,,,0,100,,1409,30,,,0,100,,1410,30,,,0,100,,1411,30,,,0,104,,1412,30,,,0,100,,1413,30,,,0,100,,1414,30,,,0,100,,1415,30,,,0,100,,1416,30,,,0,100,,1417,30,,,0
601,'Weekday',543,,1418,30,,,0,102,,1419,30,,,0,70,,1420,30,,,0,30,,1421,30,,,0,75,,1422,30,,,0,30,,1423,30,,,0,69,,1424,30,,,0,30,,1425,30,,,0,65,,1426,30,,,0,30,,1427,30,,,0,70,,1428,30,,,0,30,,1429,30,,,0,70,,1430,30,,,0,30,,1431,30,,,0,70,,1432,30,,,0,30,,1433,30,,,0,70,,1434,30,,,0,32,,1435,30,,,0,73,,1436,30,,,0,33,,1437,30,,,0,70,,1438,30,,,0,30,,1439,30,,,0,70,,1440,30,,,0,31,,1441,30,,,0,68,,1442,30,,,0,30,,1443,30,,,0,70,,1444,30,,,0,26,,1445,30,,,0,100,,1446,30,,,0,100,,1447,30,,,0
5001,'Saturday',2343,,2644,34,,,0,97,,2643,34,,,0
5001,'Weekday',2343,,2646,34,,,0,97,,2645,34,,,0
5101,'Saturday',2344,,2654,30,,,0,97,,2653,30,,,0
5101,'Weekday',2344,,2657,30,,,0,97,,2656,30,,,0
8001,'Weekday',522,,2697,2,,,0,30,,2703,21,,,0,71,,2698,21,,,0,30,,2704,21,,,0,73,,2699,21,,,0,30,,2705,21,,,0,77,,2700,21,,,0,70,,2706,21,,,0,30,,2701,21,,,0,70,,2707,21,,,0,29,,2702,21,,,0,70,,2708,21,,,0,30,,2717,21,,,0,70,,2709,21,,,0,26,,2718,21,,,0,30,,2710,21,,,0,70,,2719,21,,,0,30,,2711,21,,,0,72,,2720,21,,,0,70,,2712,21,,,0,29,,2724,21,,,0,21,,2725,21,,,0,60,,2713,21,,,0,23,,2721,21,,,0,70,,2714,21,,,0,28,,2722,21,,,0,70,,2715,21,,,0,26,,2723,21,,,0,30,,2716,21,,,0
8101,'Weekday',608,,2758,40,,,0,31,,2763,40,,,0,70,,2759,40,,,0,33,,2764,40,,,0,70,,2760,40,,,0,37,,2765,40,,,0,70,,2761,40,,,0,28,,2766,40,,,0,70,,2762,40,,,0,30,,2769,40,,,0,70,,2770,40,,,0,30,,2771,40,,,0,70,,2772,40,,,0,25,,2773,40,,,0,70,,2774,40,,,0,30,,2775,40,,,0,70,,2776,40,,,0,32,,2777,40,,,0,70,,2778,40,,,0,36,,2767,40,,,0,70,,2779,40,,,0,32,,2768,40,,,0,70,,2756,40,,,0,21,,2754,40,,,0,70,,2755,40,,,0,29,,2780,40,,,0,70,,2757,40,,,0
