600,'Holiday21111111',909,,7215,36,,,0,106,,7216,36,,,0,100,,7217,36,,,0,100,,7218,36,,,0,100,,7219,36,,,0,100,,7220,36,,,0,102,,7221,36,,,0,100,,7222,36,,,0,100,,7223,36,,,0,100,,7224,36,,,0,101,,7225,36,,,0,103,,7226,36,,,0
600,'Holiday3-505-1111111',809,,7241,36,,,0,100,,7240,36,,,0,106,,7239,36,,,0,100,,7238,36,,,0,100,,7237,36,,,0,100,,7236,36,,,0,100,,7235,36,,,0,100,,7234,36,,,0,100,,7233,36,,,0,100,,7232,36,,,0,100,,7231,36,,,0,100,,7230,36,,,0,100,,7229,36,,,0,100,,7228,36,,,0,100,,7227,36,,,0
600,'Saturday',809,,7256,36,,,0,100,,7255,36,,,0,106,,7254,36,,,0,100,,7253,36,,,0,100,,7252,36,,,0,100,,7251,36,,,0,100,,7250,36,,,0,100,,7249,36,,,0,100,,7248,36,,,0,100,,7247,36,,,0,100,,7246,36,,,0,100,,7245,36,,,0,100,,7244,36,,,0,100,,7243,36,,,0,100,,7242,36,,,0
600,'Sunday',909,,7257,36,,,0,106,,7258,36,,,0,100,,7259,36,,,0,100,,7260,36,,,0,100,,7261,36,,,0,100,,7262,36,,,0,102,,7263,36,,,0,100,,7264,36,,,0,100,,7265,36,,,0,100,,7266,36,,,0,100,,7267,36,,,0,100,,7268,36,,,0
600,'Weekday',615,,7269,36,,,0,32,,7270,36,,,0,70,,7271,36,,,0,32,,7272,36,,,0,70,,7273,36,,,0,31,,7274,36,,,0,70,,7275,36,,,0,28,,7276,36,,,0,70,,7277,36,,,0,30,,7278,36,,,0,70,,7279,36,,,0,30,,7280,36,,,0,70,,7281,36,,,0,30,,7282,36,,,0,70,,7283,36,,,0,30,,7284,36,,,0,70,,7285,36,,,0,28,,7286,36,,,0,73,,7287,36,,,0,34,,7288,36,,,0,79,,7298,36,,,0,73,,7296,36,,,0,26,,7295,36,,,0,26,,7293,36,,,0,67,,7299,36,,,0,29,,7297,36,,,0,69,,7294,36,,,0,30,,7289,36,,,0,69,,7290,36,,,0,100,,7291,36,,,0,100,,7292,36,,,0
1101,'Holiday21111111',812,,8064,4,,,0,30,,8063,4,,,0,70,,8062,4,,,0,30,,8065,4,,,0,74,,8061,4,,,0,30,,8066,4,,,0,70,,8060,4,,,0,30,,8067,4,,,0,70,,8068,4,,,0,30,,8059,4,,,0,70,,8069,4,,,0,30,,8058,4,,,0,70,,8057,4,,,0,30,,8070,4,,,0,70,,8056,4,,,0,30,,8071,4,,,0,70,,8072,4,,,0,30,,8055,4,,,0,70,,8073,4,,,0,30,,8054,4,,,0,70,,8074,4,,,0,30,,8053,4,,,0,70,,8052,4,,,0,30,,8075,4,,,0,70,,8076,4,,,0,30,,8077,4,,,0,70,,8078,4,,,0
1101,'Holiday3-505-1111111',712,,8093,4,,,0,30,,8094,4,,,0,70,,8079,4,,,0,30,,8095,4,,,0,70,,8080,4,,,0,30,,8096,4,,,0,70,,8081,4,,,0,30,,8097,4,,,0,70,,8082,4,,,0,30,,8098,4,,,0,70,,8083,4,,,0,30,,8099,4,,,0,70,,8084,4,,,0,30,,8100,4,,,0,70,,8085,4,,,0,30,,8101,4,,,0,70,,8086,4,,,0,30,,8102,4,,,0,70,,8087,4,,,0,30,,8103,4,,,0,70,,8088,4,,,0,30,,8104,4,,,0,70,,8089,4,,,0,30,,8105,4,,,0,70,,8090,4,,,0,32,,8106,4,,,0,70,,8091,4,,,0,30,,8107,4,,,0,70,,8092,4,,,0,30,,8108,4,,,0
1101,'Saturday',712,,8123,4,,,0,30,,8124,4,,,0,70,,8109,4,,,0,30,,8125,4,,,0,70,,8110,4,,,0,30,,8126,4,,,0,70,,8111,4,,,0,30,,8127,4,,,0,70,,8112,4,,,0,30,,8128,4,,,0,70,,8113,4,,,0,30,,8129,4,,,0,70,,8114,4,,,0,30,,8130,4,,,0,70,,8115,4,,,0,30,,8131,4,,,0,70,,8116,4,,,0,30,,8132,4,,,0,70,,8117,4,,,0,30,,8133,4,,,0,70,,8118,4,,,0,30,,8134,4,,,0,70,,8119,4,,,0,30,,8135,4,,,0,70,,8120,4,,,0,32,,8136,4,,,0,70,,8121,4,,,0,30,,8137,4,,,0,70,,8122,4,,,0,30,,8138,4,,,0
1101,'Sunday',812,,8151,4,,,0,30,,8150,4,,,0,70,,8149,4,,,0,30,,8152,4,,,0,70,,8148,4,,,0,30,,8153,4,,,0,70,,8147,4,,,0,30,,8154,4,,,0,70,,8155,4,,,0,30,,8146,4,,,0,70,,8156,4,,,0,30,,8145,4,,,0,70,,8144,4,,,0,30,,8157,4,,,0,70,,8143,4,,,0,30,,8158,4,,,0,70,,8159,4,,,0,30,,8142,4,,,0,70,,8160,4,,,0,30,,8141,4,,,0,70,,8161,4,,,0,30,,8140,4,,,0,70,,8139,4,,,0,32,,8162,4,,,0,70,,8163,4,,,0,30,,8164,4,,,0,70,,8165,4,,,0
1101,'Weekday',508,,8166,4,,,0,28,,8167,4,,,0,66,,8168,4,,,0,14,,8220,4,,,0,15,,8169,4,,,0,15,,8221,4,,,0,55,,8170,4,,,0,14,,8171,4,,,0,15,,8172,4,,,0,15,,8173,4,,,0,55,,8174,4,,,0,15,,8175,4,,,0,15,,8176,4,,,0,20,,8177,4,,,0,52,,8211,4,,,0,18,,8178,4,,,0,15,,8212,4,,,0,15,,8179,4,,,0,55,,8213,4,,,0,15,,8180,4,,,0,15,,8214,4,,,0,15,,8181,4,,,0,55,,8215,4,,,0,15,,8182,4,,,0,15,,8216,4,,,0,15,,8183,4,,,0,55,,8217,4,,,0,15,,8184,4,,,0,15,,8218,4,,,0,15,,8185,4,,,0,55,,8219,4,,,0,15,,8186,4,,,0,15,,8209,4,,,0,15,,8187,4,,,0,55,,8210,4,,,0,15,,8188,4,,,0,20,,8189,4,,,0,18,,8190,4,,,0,55,,8191,4,,,0,20,,8192,4,,,0,15,,8193,4,,,0,60,,8194,4,,,0,20,,8195,4,,,0,20,,8196,4,,,0,60,,8197,4,,,0,20,,8198,4,,,0,20,,8199,4,,,0,72,,8200,4,,,0,30,,8201,4,,,0,70,,8202,4,,,0,30,,8203,4,,,0,70,,8204,4,,,0,30,,8205,4,,,0,69,,8206,4,,,0,30,,8207,4,,,0,70,,8208,4,,,0
5100,'Holiday3-505-1111111',2316,,8867,31,,,0,99,,8866,31,,,0,100,,8865,31,,,0
5100,'Saturday',2316,,8870,31,,,0,99,,8869,31,,,0,100,,8868,31,,,0
5100,'Weekday',2326,,8873,31,,,0,89,,8872,31,,,0,100,,8871,31,,,0
