100,'Holiday21111111',718,,2779,,,0,15,,2780,,,0,15,,2781,,,0,55,,2782,,,0,15,,2783,,,0,15,,2784,,,0,15,,2785,,,0,55,,2786,,,0,15,,2787,,,0,19,,2788,,,0,15,,2789,,,0,55,,2790,,,0,15,,2746,,,0,15,,2758,,,0,15,,2742,,,0,55,,2747,,,0,15,,2772,,,0,15,,2768,,,0,15,,2759,,,0,55,,2766,,,0,15,,2748,,,0,15,,2773,,,0,15,,2754,,,0,55,,2760,,,0,15,,2769,,,0,15,,2749,,,0,15,,2774,,,0,55,,2765,,,0,15,,2770,,,0,15,,2761,,,0,15,,2753,,,0,55,,2750,,,0,15,,2775,,,0,15,,2755,,,0,15,,2744,,,0,55,,2762,,,0,15,,2741,,,0,15,,2751,,,0,15,,2776,,,0,55,,2767,,,0,15,,2756,,,0,15,,2763,,,0,15,,2743,,,0,55,,2752,,,0,15,,2777,,,0,11,,2745,,,0,18,,2778,,,0,58,,2764,,,0,9,,2757,,,0,21,,2771,,,0,70,,2738,,,0,30,,2736,,,0,70,,2737,,,0,30,,2739,,,0,70,,2740,,,0,30,,2791,,,0,70,,2792,,,0
100,'Saturday',704,,2840,,,0,15,,2841,,,0,15,,2842,,,0,15,,2843,,,0,55,,2844,,,0,15,,2845,,,0,18,,2846,,,0,15,,2847,,,0,55,,2848,,,0,15,,2849,,,0,17,,2850,,,0,16,,2851,,,0,56,,2852,,,0,15,,2829,,,0,15,,2816,,,0,15,,2823,,,0,55,,2806,,,0,15,,2830,,,0,15,,2814,,,0,13,,2853,,,0,54,,2817,,,0,14,,2813,,,0,14,,2807,,,0,14,,2831,,,0,54,,2838,,,0,14,,2818,,,0,14,,2854,,,0,14,,2812,,,0,54,,2808,,,0,14,,2804,,,0,14,,2805,,,0,14,,2819,,,0,14,,2836,,,0,54,,2855,,,0,14,,2832,,,0,14,,2826,,,0,14,,2828,,,0,54,,2820,,,0,14,,2803,,,0,14,,2809,,,0,14,,2856,,,0,55,,2833,,,0,13,,2825,,,0,15,,2815,,,0,14,,2821,,,0,14,,2824,,,0,52,,2810,,,0,13,,2834,,,0,11,,2839,,,0,15,,2827,,,0,55,,2822,,,0,15,,2837,,,0,15,,2811,,,0,18,,2835,,,0,58,,2793,,,0,30,,2797,,,0,70,,2800,,,0,30,,2794,,,0,70,,2798,,,0,30,,2801,,,0,70,,2795,,,0,30,,2799,,,0,68,,2802,,,0,26,,2796,,,0
100,'Sunday',704,,2901,,,0,15,,2902,,,0,15,,2903,,,0,15,,2904,,,0,55,,2905,,,0,15,,2906,,,0,18,,2907,,,0,15,,2908,,,0,55,,2909,,,0,15,,2910,,,0,17,,2911,,,0,16,,2912,,,0,56,,2913,,,0,15,,2890,,,0,15,,2877,,,0,15,,2884,,,0,55,,2867,,,0,15,,2891,,,0,15,,2875,,,0,13,,2914,,,0,54,,2878,,,0,14,,2874,,,0,14,,2868,,,0,14,,2892,,,0,54,,2899,,,0,14,,2879,,,0,14,,2915,,,0,14,,2873,,,0,54,,2869,,,0,14,,2865,,,0,14,,2866,,,0,14,,2880,,,0,14,,2897,,,0,54,,2916,,,0,14,,2893,,,0,14,,2887,,,0,14,,2889,,,0,54,,2881,,,0,14,,2864,,,0,14,,2870,,,0,14,,2917,,,0,55,,2894,,,0,13,,2886,,,0,15,,2876,,,0,14,,2882,,,0,14,,2885,,,0,52,,2871,,,0,13,,2895,,,0,11,,2900,,,0,15,,2888,,,0,55,,2883,,,0,15,,2898,,,0,15,,2872,,,0,18,,2896,,,0,58,,2857,,,0,30,,2860,,,0,70,,2862,,,0,30,,2858,,,0,70,,2861,,,0,30,,2863,,,0,70,,2859,,,0
100,'Weekday',520,,3006,,,0,15,,3007,,,0,12,,3008,,,0,12,,3009,,,0,52,,3010,,,0,14,,3011,,,0,14,,3012,,,0,12,,3013,,,0,52,,2998,,,0,12,,2999,,,0,12,,3002,,,0,15,,3014,,,0,12,,3003,,,0,52,,3004,,,0,12,,3000,,,0,12,,3005,,,0,12,,3001,,,0,12,,2943,,,0,52,,2936,,,0,12,,2963,,,0,12,,2939,,,0,12,,2951,,,0,12,,2935,,,0,52,,2940,,,0,12,,2938,,,0,12,,2942,,,0,12,,2937,,,0,12,,2950,,,0,52,,2941,,,0,12,,2944,,,0,12,,2956,,,0,12,,2945,,,0,13,,2949,,,0,52,,2957,,,0,12,,2962,,,0,12,,2955,,,0,13,,2961,,,0,13,,2954,,,0,52,,2946,,,0,12,,2947,,,0,12,,2958,,,0,11,,2959,,,0,12,,2948,,,0,53,,2960,,,0,11,,2953,,,0,12,,3017,,,0,12,,2952,,,0,10,,2995,,,0,51,,2996,,,0,11,,2997,,,0,11,,2994,,,0,10,,2982,,,0,10,,3015,,,0,11,,2983,,,0,51,,2984,,,0,10,,2985,,,0,10,,2986,,,0,10,,2987,,,0,10,,2972,,,0,51,,2974,,,0,11,,2966,,,0,11,,2973,,,0,11,,2968,,,0,9,,2975,,,0,12,,2978,,,0,51,,2976,,,0,11,,2980,,,0,11,,2971,,,0,9,,2981,,,0,7,,2967,,,0,9,,2969,,,0,49,,2970,,,0,10,,2979,,,0,10,,2977,,,0,10,,2993,,,0,11,,2988,,,0,12,,2992,,,0,52,,2989,,,0,12,,2991,,,0,12,,2990,,,0,12,,3016,,,0,10,,2918,,,0,55,,2919,,,0,12,,2920,,,0,14,,2921,,,0,11,,2922,,,0,58,,2923,,,0,15,,2924,,,0,13,,2925,,,0,15,,2932,,,0,55,,2926,,,0,15,,2933,,,0,20,,2927,,,0,15,,2930,,,0,55,,2928,,,0,15,,2931,,,0,15,,2929,,,0,15,,2965,,,0,55,,2934,,,0,15,,2964,,,0
400,'Holiday21111111',1228,,3938,,,0,100,,3942,,,0,100,,3939,,,0,100,,3943,,,0,100,,3940,,,0,100,,3944,,,0,100,,3941,,,0
400,'Saturday',928,,3945,,,0,100,,3951,,,0,100,,3946,,,0,100,,3952,,,0,100,,3947,,,0,100,,3953,,,0,100,,3948,,,0,100,,3954,,,0,100,,3949,,,0,100,,3955,,,0,100,,3950,,,0,100,,3956,,,0,98,,3957,,,0
400,'Sunday',1228,,3958,,,0,100,,3962,,,0,100,,3959,,,0,100,,3963,,,0,100,,3960,,,0,100,,3964,,,0,100,,3961,,,0
400,'Weekday',628,,3980,,,0,100,,3972,,,0,102,,3979,,,0,27,,3981,,,0,75,,3971,,,0,70,,3982,,,0,30,,3978,,,0,70,,3983,,,0,30,,3970,,,0,70,,3984,,,0,30,,3977,,,0,70,,3985,,,0,30,,3969,,,0,70,,3986,,,0,30,,3976,,,0,72,,3987,,,0,30,,3968,,,0,70,,3988,,,0,30,,3975,,,0,68,,3989,,,0,30,,3967,,,0,71,,3990,,,0,31,,3974,,,0,96,,3966,,,0,97,,3973,,,0,100,,3965,,,0
1000,'Holiday21111111',839,,4225,,,0,70,,4219,,,0,30,,4224,,,0,69,,4216,,,0,30,,4218,,,0,70,,4196,,,0,15,,4184,,,0,15,,4187,,,0,15,,4206,,,0,55,,4204,,,0,15,,4197,,,0,15,,4203,,,0,15,,4188,,,0,55,,4207,,,0,15,,4195,,,0,15,,4198,,,0,15,,4213,,,0,55,,4189,,,0,15,,4208,,,0,15,,4202,,,0,15,,4199,,,0,55,,4193,,,0,15,,4190,,,0,15,,4209,,,0,15,,4186,,,0,55,,4200,,,0,15,,4212,,,0,15,,4191,,,0,15,,4210,,,0,55,,4205,,,0,15,,4201,,,0,15,,4185,,,0,15,,4192,,,0,55,,4211,,,0,15,,4194,,,0,15,,4183,,,0,70,,4214,,,0,27,,4220,,,0,70,,4215,,,0,30,,4221,,,0,70,,4217,,,0,30,,4222,,,0,70,,4223,,,0
1000,'Saturday',734,,4232,,,0,70,,4233,,,0,31,,4234,,,0,70,,4235,,,0,30,,4236,,,0,18,,4276,,,0,55,,4237,,,0,15,,4238,,,0,15,,4239,,,0,15,,4240,,,0,55,,4241,,,0,15,,4242,,,0,15,,4243,,,0,15,,4244,,,0,55,,4245,,,0,15,,4246,,,0,15,,4247,,,0,15,,4248,,,0,55,,4249,,,0,15,,4250,,,0,15,,4251,,,0,15,,4252,,,0,55,,4253,,,0,15,,4254,,,0,15,,4255,,,0,15,,4256,,,0,55,,4257,,,0,15,,4258,,,0,15,,4259,,,0,15,,4260,,,0,55,,4261,,,0,15,,4262,,,0,15,,4263,,,0,15,,4264,,,0,55,,4265,,,0,15,,4266,,,0,15,,4267,,,0,15,,4268,,,0,55,,4269,,,0,15,,4270,,,0,15,,4271,,,0,15,,4272,,,0,55,,4273,,,0,27,,4274,,,0,70,,4275,,,0,30,,4228,,,0,70,,4226,,,0,30,,4230,,,0,70,,4229,,,0,30,,4227,,,0,70,,4231,,,0
1000,'Sunday',839,,4319,,,0,70,,4313,,,0,30,,4318,,,0,69,,4310,,,0,30,,4312,,,0,70,,4290,,,0,15,,4278,,,0,15,,4281,,,0,15,,4300,,,0,55,,4298,,,0,15,,4291,,,0,15,,4297,,,0,15,,4282,,,0,55,,4301,,,0,15,,4289,,,0,15,,4292,,,0,15,,4307,,,0,55,,4283,,,0,15,,4302,,,0,15,,4296,,,0,15,,4293,,,0,55,,4287,,,0,15,,4284,,,0,15,,4303,,,0,15,,4280,,,0,55,,4294,,,0,15,,4306,,,0,15,,4285,,,0,15,,4304,,,0,55,,4299,,,0,15,,4295,,,0,15,,4279,,,0,15,,4286,,,0,55,,4305,,,0,15,,4288,,,0,15,,4277,,,0,70,,4308,,,0,27,,4314,,,0,70,,4309,,,0,30,,4315,,,0,70,,4311,,,0,30,,4316,,,0,70,,4317,,,0
1000,'Weekday',529,,4330,,,0,30,,4339,,,0,66,,4325,,,0,27,,4356,,,0,55,,4353,,,0,17,,4357,,,0,16,,4349,,,0,14,,4358,,,0,56,,4334,,,0,15,,4359,,,0,12,,4340,,,0,17,,4360,,,0,55,,4320,,,0,15,,4361,,,0,14,,4346,,,0,15,,4362,,,0,55,,4355,,,0,15,,4363,,,0,15,,4352,,,0,15,,4364,,,0,55,,4341,,,0,15,,4365,,,0,15,,4337,,,0,15,,4366,,,0,55,,4329,,,0,15,,4367,,,0,18,,4338,,,0,12,,4368,,,0,55,,4324,,,0,15,,4369,,,0,15,,4342,,,0,15,,4370,,,0,55,,4354,,,0,15,,4371,,,0,17,,4328,,,0,15,,4372,,,0,55,,4351,,,0,17,,4373,,,0,15,,4348,,,0,15,,4374,,,0,55,,4343,,,0,16,,4375,,,0,11,,4347,,,0,16,,4376,,,0,54,,4336,,,0,18,,4377,,,0,15,,4331,,,0,15,,4378,,,0,55,,4333,,,0,15,,4379,,,0,12,,4344,,,0,15,,4380,,,0,52,,4332,,,0,15,,4381,,,0,15,,4327,,,0,70,,4350,,,0,30,,4335,,,0,70,,4345,,,0,30,,4321,,,0,70,,4323,,,0,27,,4326,,,0,70,,4322,,,0
1101,'Holiday21111111',832,,4732,,,0,71,,4731,,,0,30,,4730,,,0,70,,4733,,,0,34,,4729,,,0,71,,4734,,,0,30,,4728,,,0,70,,4735,,,0,30,,4736,,,0,70,,4727,,,0,30,,4737,,,0,70,,4726,,,0,30,,4725,,,0,70,,4738,,,0,30,,4724,,,0,70,,4739,,,0,30,,4740,,,0,70,,4723,,,0,30,,4741,,,0,69,,4722,,,0,30,,4742,,,0,70,,4721,,,0,30,,4720,,,0,69,,4743,,,0,30,,4744,,,0,70,,4745,,,0,30,,4746,,,0
1101,'Saturday',732,,4761,,,0,70,,4762,,,0,30,,4747,,,0,71,,4763,,,0,30,,4748,,,0,70,,4764,,,0,30,,4749,,,0,71,,4765,,,0,30,,4750,,,0,70,,4766,,,0,30,,4751,,,0,70,,4767,,,0,30,,4752,,,0,70,,4768,,,0,30,,4753,,,0,70,,4769,,,0,30,,4754,,,0,70,,4770,,,0,30,,4755,,,0,70,,4771,,,0,30,,4756,,,0,69,,4772,,,0,30,,4757,,,0,70,,4773,,,0,30,,4758,,,0,71,,4774,,,0,30,,4759,,,0,70,,4775,,,0,30,,4760,,,0,70,,4776,,,0
1101,'Sunday',832,,4789,,,0,71,,4788,,,0,30,,4787,,,0,70,,4790,,,0,30,,4786,,,0,71,,4791,,,0,30,,4785,,,0,70,,4792,,,0,30,,4793,,,0,70,,4784,,,0,30,,4794,,,0,70,,4783,,,0,30,,4782,,,0,70,,4795,,,0,30,,4781,,,0,70,,4796,,,0,30,,4797,,,0,70,,4780,,,0,30,,4798,,,0,69,,4779,,,0,30,,4799,,,0,70,,4778,,,0,30,,4777,,,0,71,,4800,,,0,30,,4801,,,0,70,,4802,,,0,30,,4803,,,0
1101,'Weekday',526,,4804,,,0,30,,4805,,,0,69,,4806,,,0,13,,4858,,,0,15,,4807,,,0,55,,4859,,,0,15,,4808,,,0,18,,4809,,,0,15,,4810,,,0,55,,4811,,,0,15,,4812,,,0,16,,4813,,,0,12,,4814,,,0,58,,4815,,,0,15,,4849,,,0,15,,4816,,,0,15,,4850,,,0,55,,4817,,,0,15,,4851,,,0,15,,4818,,,0,15,,4852,,,0,55,,4819,,,0,15,,4853,,,0,15,,4820,,,0,15,,4854,,,0,55,,4821,,,0,15,,4855,,,0,15,,4822,,,0,15,,4856,,,0,55,,4823,,,0,15,,4857,,,0,15,,4824,,,0,15,,4847,,,0,55,,4825,,,0,17,,4848,,,0,15,,4826,,,0,60,,4827,,,0,18,,4828,,,0,19,,4829,,,0,60,,4830,,,0,15,,4831,,,0,20,,4832,,,0,20,,4833,,,0,60,,4834,,,0,16,,4835,,,0,20,,4836,,,0,60,,4837,,,0,28,,4838,,,0,70,,4839,,,0,30,,4840,,,0,70,,4841,,,0,30,,4842,,,0,70,,4843,,,0,29,,4844,,,0,70,,4845,,,0,30,,4846,,,0
2501,'Holiday21111111',803,,5245,,,0,30,,5234,,,0,70,,5246,,,0,30,,5235,,,0,70,,5247,,,0,30,,5236,,,0,70,,5248,,,0,30,,5237,,,0,70,,5249,,,0,30,,5238,,,0,70,,5250,,,0,30,,5239,,,0,70,,5251,,,0,30,,5240,,,0,70,,5252,,,0,30,,5241,,,0,70,,5253,,,0,30,,5242,,,0,70,,5254,,,0,30,,5243,,,0,70,,5255,,,0,30,,5244,,,0,70,,5256,,,0,30,,5257,,,0,70,,5258,,,0,30,,5259,,,0,70,,5260,,,0,30,,5261,,,0
2501,'Saturday',733,,5274,,,0,70,,5275,,,0,30,,5273,,,0,70,,5276,,,0,30,,5272,,,0,70,,5277,,,0,30,,5271,,,0,70,,5278,,,0,30,,5270,,,0,70,,5279,,,0,30,,5269,,,0,70,,5280,,,0,30,,5268,,,0,70,,5281,,,0,30,,5267,,,0,70,,5282,,,0,30,,5266,,,0,70,,5283,,,0,30,,5265,,,0,70,,5284,,,0,30,,5264,,,0,70,,5285,,,0,30,,5263,,,0,70,,5286,,,0,30,,5262,,,0,70,,5287,,,0,30,,5289,,,0,70,,5288,,,0,30,,5290,,,0,70,,5291,,,0
2501,'Sunday',803,,5303,,,0,30,,5292,,,0,70,,5304,,,0,30,,5293,,,0,70,,5305,,,0,30,,5294,,,0,70,,5306,,,0,30,,5295,,,0,70,,5307,,,0,30,,5296,,,0,70,,5308,,,0,30,,5297,,,0,70,,5309,,,0,30,,5298,,,0,70,,5310,,,0,30,,5299,,,0,70,,5311,,,0,30,,5300,,,0,70,,5312,,,0,30,,5301,,,0,70,,5313,,,0,30,,5302,,,0,70,,5314,,,0,30,,5315,,,0,70,,5316,,,0,30,,5317,,,0,70,,5318,,,0,30,,5319,,,0
2501,'Weekday',526,,5320,,,0,75,,5321,,,0,26,,5322,,,0,25,,5323,,,0,71,,5324,,,0,15,,5325,,,0,15,,5326,,,0,55,,5327,,,0,16,,5328,,,0,15,,5329,,,0,15,,5330,,,0,56,,5331,,,0,30,,5332,,,0,70,,5333,,,0,30,,5334,,,0,70,,5335,,,0,30,,5336,,,0,70,,5337,,,0,30,,5338,,,0,70,,5339,,,0,30,,5340,,,0,70,,5341,,,0,28,,5342,,,0,17,,5343,,,0,55,,5344,,,0,17,,5345,,,0,15,,5346,,,0,15,,5347,,,0,55,,5348,,,0,15,,5349,,,0,15,,5350,,,0,15,,5351,,,0,55,,5352,,,0,13,,5353,,,0,15,,5354,,,0,15,,5355,,,0,55,,5356,,,0,29,,5357,,,0,70,,5358,,,0,28,,5359,,,0,70,,5360,,,0,30,,5361,,,0,70,,5362,,,0,30,,5363,,,0,70,,5364,,,0,29,,5365,,,0,70,,5366,,,0,28,,5367,,,0
8000,'Weekday',534,,5431,,,0,70,,5426,,,0,31,,5422,,,0,70,,5427,,,0,32,,5423,,,0,70,,5428,,,0,30,,5424,,,0,71,,5429,,,0,28,,5425,,,0,70,,5430,,,0,30,,5404,,,0,70,,5413,,,0,30,,5405,,,0,74,,5414,,,0,30,,5406,,,0,70,,5415,,,0,30,,5407,,,0,70,,5416,,,0,30,,5408,,,0,70,,5417,,,0,31,,5409,,,0,70,,5418,,,0,28,,5410,,,0,69,,5419,,,0,31,,5411,,,0,69,,5420,,,0,32,,5412,,,0,69,,5421,,,0
8100,'Weekday',535,,5488,,,0,69,,5467,,,0,33,,5472,,,0,71,,5468,,,0,31,,5473,,,0,70,,5469,,,0,31,,5474,,,0,73,,5470,,,0,30,,5475,,,0,70,,5471,,,0,27,,5478,,,0,70,,5479,,,0,30,,5480,,,0,70,,5481,,,0,30,,5482,,,0,70,,5483,,,0,30,,5484,,,0,70,,5485,,,0,30,,5486,,,0,70,,5487,,,0,31,,5476,,,0,70,,5477,,,0,28,,5461,,,0,69,,5465,,,0,31,,5463,,,0,69,,5462,,,0,32,,5466,,,0,69,,5464,,,0
