301,'Holiday21111111',729,,6885,15,,,0,100,,6886,15,,,0,30,,6909,15,,,0,70,,6887,15,,,0,30,,6898,15,,,0,71,,6888,15,,,0,70,,6899,15,,,0,30,,6889,15,,,0,70,,6900,15,,,0,30,,6890,15,,,0,70,,6901,15,,,0,30,,6891,15,,,0,70,,6902,15,,,0,30,,6892,15,,,0,70,,6903,15,,,0,30,,6893,15,,,0,70,,6904,15,,,0,30,,6894,15,,,0,70,,6905,15,,,0,30,,6895,15,,,0,70,,6906,15,,,0,29,,6896,15,,,0,30,,6907,15,,,0,73,,6897,15,,,0,70,,6908,15,,,0,30,,6910,15,,,0,70,,6911,15,,,0,30,,6912,15,,,0
301,'Holiday3-505-1111111',559,,6929,15,,,0,100,,6913,15,,,0,100,,6914,15,,,0,100,,6915,15,,,0,70,,6943,15,,,0,30,,6930,15,,,0,71,,6916,15,,,0,20,,6931,15,,,0,60,,6945,15,,,0,20,,6917,15,,,0,20,,6932,15,,,0,60,,6946,15,,,0,25,,6918,15,,,0,20,,6933,15,,,0,60,,6947,15,,,0,20,,6919,15,,,0,20,,6934,15,,,0,60,,6948,15,,,0,20,,6920,15,,,0,65,,6935,15,,,0,20,,6949,15,,,0,20,,6921,15,,,0,60,,6936,15,,,0,20,,6944,15,,,0,20,,6922,15,,,0,60,,6937,15,,,0,30,,6923,15,,,0,70,,6938,15,,,0,29,,6924,15,,,0,30,,6939,15,,,0,70,,6925,15,,,0,30,,6940,15,,,0,70,,6926,15,,,0,30,,6941,15,,,0,70,,6927,15,,,0,30,,6942,15,,,0,70,,6928,15,,,0
301,'Saturday',559,,6966,15,,,0,100,,6950,15,,,0,100,,6951,15,,,0,100,,6952,15,,,0,70,,6980,15,,,0,30,,6967,15,,,0,71,,6953,15,,,0,20,,6968,15,,,0,60,,6982,15,,,0,20,,6954,15,,,0,20,,6969,15,,,0,60,,6983,15,,,0,25,,6955,15,,,0,20,,6970,15,,,0,60,,6984,15,,,0,20,,6956,15,,,0,20,,6971,15,,,0,60,,6985,15,,,0,20,,6957,15,,,0,65,,6972,15,,,0,20,,6986,15,,,0,20,,6958,15,,,0,60,,6973,15,,,0,20,,6981,15,,,0,20,,6959,15,,,0,60,,6974,15,,,0,30,,6960,15,,,0,70,,6975,15,,,0,29,,6961,15,,,0,30,,6976,15,,,0,70,,6962,15,,,0,30,,6977,15,,,0,70,,6963,15,,,0,30,,6978,15,,,0,70,,6964,15,,,0,30,,6979,15,,,0,70,,6965,15,,,0
301,'Sunday',729,,6987,15,,,0,100,,6988,15,,,0,100,,6989,15,,,0,20,,7000,15,,,0,60,,7014,15,,,0,21,,6990,15,,,0,20,,7001,15,,,0,60,,7015,15,,,0,20,,6991,15,,,0,20,,7002,15,,,0,60,,7016,15,,,0,25,,6992,15,,,0,20,,7003,15,,,0,60,,7017,15,,,0,20,,6993,15,,,0,20,,7004,15,,,0,60,,7018,15,,,0,20,,6994,15,,,0,65,,7005,15,,,0,20,,7019,15,,,0,20,,6995,15,,,0,60,,7006,15,,,0,20,,7020,15,,,0,20,,6996,15,,,0,60,,7007,15,,,0,30,,6997,15,,,0,70,,7008,15,,,0,29,,6998,15,,,0,30,,7009,15,,,0,70,,6999,15,,,0,30,,7010,15,,,0,70,,7011,15,,,0,30,,7012,15,,,0,70,,7013,15,,,0
301,'Weekday',456,,7073,15,,,0,66,,7053,15,,,0,30,,7022,15,,,0,70,,7024,15,,,0,15,,7071,15,,,0,15,,7082,15,,,0,55,,7052,15,,,0,15,,7025,15,,,0,15,,7070,15,,,0,15,,7079,15,,,0,55,,7026,15,,,0,15,,7076,15,,,0,15,,7074,15,,,0,15,,7027,15,,,0,55,,7077,15,,,0,15,,7081,15,,,0,15,,7075,15,,,0,16,,7028,15,,,0,55,,7029,15,,,0,15,,7051,15,,,0,15,,7050,15,,,0,11,,7030,15,,,0,55,,7080,15,,,0,15,,7067,15,,,0,15,,7031,15,,,0,15,,7032,15,,,0,55,,7062,15,,,0,15,,7033,15,,,0,15,,7066,15,,,0,15,,7034,15,,,0,55,,7035,15,,,0,15,,7060,15,,,0,15,,7036,15,,,0,15,,7037,15,,,0,55,,7059,15,,,0,15,,7038,15,,,0,15,,7039,15,,,0,15,,7040,15,,,0,55,,7078,15,,,0,15,,7064,15,,,0,15,,7072,15,,,0,15,,7061,15,,,0,55,,7041,15,,,0,15,,7057,15,,,0,15,,7042,15,,,0,15,,7043,15,,,0,55,,7056,15,,,0,15,,7044,15,,,0,15,,7065,15,,,0,15,,7045,15,,,0,55,,7055,15,,,0,23,,7046,15,,,0,15,,7069,15,,,0,15,,7047,15,,,0,55,,7048,15,,,0,17,,7049,15,,,0,30,,7068,15,,,0,70,,7083,15,,,0,30,,7058,15,,,0,70,,7054,15,,,0,30,,7063,15,,,0,70,,7023,15,,,0,30,,7021,15,,,0
1200,'Holiday21111111',838,,8232,18,,,0,70,,8231,18,,,0,30,,8233,18,,,0,73,,8230,18,,,0,27,,8234,18,,,0,70,,8229,18,,,0,30,,8235,18,,,0,70,,8228,18,,,0,30,,8236,18,,,0,70,,8227,18,,,0,30,,8237,18,,,0,73,,8226,18,,,0,27,,8238,18,,,0,70,,8225,18,,,0,30,,8239,18,,,0,70,,8224,18,,,0,30,,8240,18,,,0,70,,8223,18,,,0,30,,8241,18,,,0,73,,8222,18,,,0,30,,8242,18,,,0,70,,8243,18,,,0,30,,8244,18,,,0,70,,8245,18,,,0,30,,8246,18,,,0,70,,8247,18,,,0,30,,8248,18,,,0
1200,'Holiday3-505-1111111',806,,8263,18,,,0,30,,8264,18,,,0,70,,8262,18,,,0,30,,8265,18,,,0,75,,8261,18,,,0,25,,8266,18,,,0,70,,8260,18,,,0,30,,8267,18,,,0,70,,8259,18,,,0,30,,8268,18,,,0,70,,8258,18,,,0,30,,8269,18,,,0,75,,8257,18,,,0,25,,8270,18,,,0,70,,8256,18,,,0,30,,8271,18,,,0,70,,8255,18,,,0,30,,8272,18,,,0,70,,8254,18,,,0,30,,8273,18,,,0,70,,8253,18,,,0,30,,8274,18,,,0,70,,8252,18,,,0,30,,8275,18,,,0,70,,8251,18,,,0,30,,8276,18,,,0,70,,8250,18,,,0,30,,8277,18,,,0,70,,8249,18,,,0
1200,'Saturday',806,,8292,18,,,0,30,,8293,18,,,0,70,,8291,18,,,0,30,,8294,18,,,0,75,,8290,18,,,0,25,,8295,18,,,0,70,,8289,18,,,0,30,,8296,18,,,0,70,,8288,18,,,0,30,,8297,18,,,0,70,,8287,18,,,0,30,,8298,18,,,0,75,,8286,18,,,0,25,,8299,18,,,0,70,,8285,18,,,0,30,,8300,18,,,0,70,,8284,18,,,0,30,,8301,18,,,0,70,,8283,18,,,0,30,,8302,18,,,0,70,,8282,18,,,0,30,,8303,18,,,0,70,,8281,18,,,0,30,,8304,18,,,0,70,,8280,18,,,0,30,,8305,18,,,0,70,,8279,18,,,0,30,,8306,18,,,0,70,,8278,18,,,0
1200,'Sunday',836,,8317,18,,,0,70,,8316,18,,,0,30,,8318,18,,,0,75,,8315,18,,,0,25,,8319,18,,,0,70,,8314,18,,,0,30,,8320,18,,,0,70,,8313,18,,,0,30,,8321,18,,,0,70,,8312,18,,,0,30,,8322,18,,,0,75,,8311,18,,,0,25,,8323,18,,,0,70,,8310,18,,,0,30,,8324,18,,,0,70,,8309,18,,,0,30,,8325,18,,,0,70,,8308,18,,,0,30,,8326,18,,,0,75,,8307,18,,,0,30,,8327,18,,,0,70,,8328,18,,,0,30,,8329,18,,,0,70,,8330,18,,,0,30,,8331,18,,,0,70,,8332,18,,,0,30,,8333,18,,,0
1200,'Weekday',540,,8354,18,,,0,70,,8341,18,,,0,30,,8355,18,,,0,71,,8346,18,,,0,30,,8356,18,,,0,72,,8353,18,,,0,30,,8357,18,,,0,69,,8347,18,,,0,30,,8358,18,,,0,70,,8342,18,,,0,30,,8359,18,,,0,70,,8348,18,,,0,30,,8360,18,,,0,70,,8345,18,,,0,30,,8361,18,,,0,70,,8349,18,,,0,30,,8340,18,,,0,70,,8362,18,,,0,20,,8343,18,,,0,22,,8334,18,,,0,65,,8363,18,,,0,24,,8350,18,,,0,60,,8351,18,,,0,25,,8352,18,,,0,25,,8369,18,,,0,60,,8370,18,,,0,25,,8335,18,,,0,65,,8371,18,,,0,19,,8337,18,,,0,20,,8344,18,,,0,70,,8364,18,,,0,29,,8338,18,,,0,70,,8365,18,,,0,30,,8336,18,,,0,70,,8366,18,,,0,30,,8339,18,,,0,70,,8367,18,,,0,30,,8368,18,,,0
