401,'Holiday21111111',1044,,7158,19,,,0,100,,7154,19,,,0,100,,7151,19,,,0,100,,7155,19,,,0,100,,7152,19,,,0,100,,7156,19,,,0,100,,7153,19,,,0,100,,7157,19,,,0
401,'Holiday3-505-1111111',944,,7159,19,,,0,100,,7164,19,,,0,100,,7160,19,,,0,100,,7165,19,,,0,100,,7161,19,,,0,100,,7166,19,,,0,100,,7162,19,,,0,100,,7167,19,,,0,100,,7163,19,,,0,100,,7168,19,,,0,100,,7169,19,,,0
401,'Saturday',944,,7170,19,,,0,100,,7175,19,,,0,100,,7171,19,,,0,100,,7176,19,,,0,100,,7172,19,,,0,100,,7177,19,,,0,100,,7173,19,,,0,100,,7178,19,,,0,100,,7174,19,,,0,100,,7179,19,,,0,100,,7180,19,,,0
401,'Sunday',1044,,7188,19,,,0,100,,7184,19,,,0,100,,7181,19,,,0,100,,7185,19,,,0,100,,7182,19,,,0,100,,7186,19,,,0,100,,7183,19,,,0,100,,7187,19,,,0
401,'Weekday',544,,7189,19,,,0,100,,7190,19,,,0,73,,7191,19,,,0,27,,7192,19,,,0,71,,7193,19,,,0,30,,7194,19,,,0,69,,7195,19,,,0,30,,7196,19,,,0,70,,7197,19,,,0,30,,7198,19,,,0,70,,7199,19,,,0,31,,7200,19,,,0,70,,7201,19,,,0,30,,7202,19,,,0,70,,7203,19,,,0,30,,7204,19,,,0,70,,7205,19,,,0,30,,7206,19,,,0,70,,7207,19,,,0,34,,7208,19,,,0,70,,7209,19,,,0,26,,7210,19,,,0,69,,7211,19,,,0,30,,7212,19,,,0,102,,7213,19,,,0,100,,7214,19,,,0
1001,'Holiday21111111',805,,7659,32,,,0,30,,7676,32,,,0,70,,7677,32,,,0,30,,7675,32,,,0,71,,7657,32,,,0,30,,7662,32,,,0,15,,7661,32,,,0,55,,7663,32,,,0,15,,7664,32,,,0,15,,7665,32,,,0,15,,7666,32,,,0,55,,7667,32,,,0,15,,7668,32,,,0,15,,7669,32,,,0,15,,7670,32,,,0,55,,7671,32,,,0,15,,7672,32,,,0,15,,7673,32,,,0,15,,7674,32,,,0,55,,7660,32,,,0,15,,7658,32,,,0,15,,7652,32,,,0,15,,7635,32,,,0,55,,7645,32,,,0,15,,7647,32,,,0,15,,7650,32,,,0,15,,7640,32,,,0,55,,7654,32,,,0,15,,7644,32,,,0,15,,7648,32,,,0,15,,7636,32,,,0,55,,7641,32,,,0,15,,7655,32,,,0,15,,7643,32,,,0,10,,7649,32,,,0,59,,7642,32,,,0,30,,7638,32,,,0,70,,7653,32,,,0,29,,7637,32,,,0,70,,7646,32,,,0,30,,7656,32,,,0,70,,7639,32,,,0,30,,7651,32,,,0
1001,'Holiday3-505-1111111',735,,7720,32,,,0,70,,7721,32,,,0,30,,7722,32,,,0,70,,7723,32,,,0,30,,7724,32,,,0,16,,7726,32,,,0,55,,7725,32,,,0,15,,7727,32,,,0,15,,7711,32,,,0,15,,7719,32,,,0,55,,7696,32,,,0,15,,7703,32,,,0,15,,7684,32,,,0,15,,7712,32,,,0,55,,7693,32,,,0,15,,7697,32,,,0,15,,7704,32,,,0,15,,7685,32,,,0,55,,7713,32,,,0,15,,7708,32,,,0,15,,7698,32,,,0,15,,7705,32,,,0,55,,7686,32,,,0,15,,7714,32,,,0,15,,7707,32,,,0,15,,7699,32,,,0,55,,7692,32,,,0,15,,7687,32,,,0,15,,7715,32,,,0,15,,7694,32,,,0,55,,7700,32,,,0,15,,7691,32,,,0,15,,7688,32,,,0,15,,7716,32,,,0,55,,7709,32,,,0,15,,7701,32,,,0,15,,7706,32,,,0,15,,7689,32,,,0,55,,7717,32,,,0,14,,7710,32,,,0,15,,7702,32,,,0,15,,7695,32,,,0,55,,7690,32,,,0,29,,7718,32,,,0,70,,7678,32,,,0,30,,7682,32,,,0,70,,7680,32,,,0,30,,7679,32,,,0,70,,7683,32,,,0,30,,7681,32,,,0
1001,'Saturday',735,,7770,32,,,0,70,,7771,32,,,0,30,,7772,32,,,0,70,,7773,32,,,0,30,,7774,32,,,0,16,,7776,32,,,0,55,,7775,32,,,0,15,,7777,32,,,0,15,,7761,32,,,0,15,,7769,32,,,0,55,,7746,32,,,0,15,,7753,32,,,0,15,,7734,32,,,0,15,,7762,32,,,0,55,,7743,32,,,0,15,,7747,32,,,0,15,,7754,32,,,0,15,,7735,32,,,0,55,,7763,32,,,0,15,,7758,32,,,0,15,,7748,32,,,0,15,,7755,32,,,0,55,,7736,32,,,0,15,,7764,32,,,0,15,,7757,32,,,0,15,,7749,32,,,0,55,,7742,32,,,0,15,,7737,32,,,0,15,,7765,32,,,0,15,,7744,32,,,0,55,,7750,32,,,0,15,,7741,32,,,0,15,,7738,32,,,0,15,,7766,32,,,0,55,,7759,32,,,0,15,,7751,32,,,0,15,,7756,32,,,0,15,,7739,32,,,0,55,,7767,32,,,0,14,,7760,32,,,0,15,,7752,32,,,0,15,,7745,32,,,0,55,,7740,32,,,0,29,,7768,32,,,0,70,,7728,32,,,0,30,,7732,32,,,0,70,,7730,32,,,0,30,,7729,32,,,0,70,,7733,32,,,0,30,,7731,32,,,0
1001,'Sunday',805,,7802,32,,,0,30,,7819,32,,,0,70,,7820,32,,,0,30,,7818,32,,,0,71,,7800,32,,,0,30,,7805,32,,,0,15,,7804,32,,,0,55,,7806,32,,,0,15,,7807,32,,,0,15,,7808,32,,,0,15,,7809,32,,,0,55,,7810,32,,,0,15,,7811,32,,,0,15,,7812,32,,,0,15,,7813,32,,,0,55,,7814,32,,,0,15,,7815,32,,,0,15,,7816,32,,,0,15,,7817,32,,,0,55,,7803,32,,,0,15,,7801,32,,,0,15,,7795,32,,,0,15,,7778,32,,,0,55,,7788,32,,,0,15,,7790,32,,,0,15,,7793,32,,,0,15,,7783,32,,,0,55,,7797,32,,,0,15,,7787,32,,,0,15,,7791,32,,,0,15,,7779,32,,,0,55,,7784,32,,,0,15,,7798,32,,,0,15,,7786,32,,,0,10,,7792,32,,,0,59,,7785,32,,,0,30,,7781,32,,,0,70,,7796,32,,,0,29,,7780,32,,,0,70,,7789,32,,,0,30,,7799,32,,,0,70,,7782,32,,,0,30,,7794,32,,,0
1001,'Weekday',532,,7821,32,,,0,68,,7822,32,,,0,30,,7823,32,,,0,15,,7856,32,,,0,55,,7824,32,,,0,15,,7857,32,,,0,17,,7825,32,,,0,15,,7858,32,,,0,55,,7826,32,,,0,20,,7859,32,,,0,15,,7827,32,,,0,15,,7860,32,,,0,55,,7828,32,,,0,15,,7861,32,,,0,15,,7829,32,,,0,15,,7862,32,,,0,55,,7830,32,,,0,15,,7863,32,,,0,15,,7831,32,,,0,15,,7864,32,,,0,55,,7832,32,,,0,15,,7865,32,,,0,15,,7833,32,,,0,15,,7866,32,,,0,55,,7834,32,,,0,15,,7867,32,,,0,15,,7835,32,,,0,15,,7868,32,,,0,55,,7836,32,,,0,15,,7869,32,,,0,15,,7837,32,,,0,15,,7870,32,,,0,55,,7838,32,,,0,16,,7871,32,,,0,15,,7839,32,,,0,15,,7872,32,,,0,55,,7840,32,,,0,15,,7873,32,,,0,12,,7841,32,,,0,15,,7874,32,,,0,55,,7842,32,,,0,15,,7875,32,,,0,15,,7843,32,,,0,15,,7876,32,,,0,52,,7844,32,,,0,15,,7877,32,,,0,15,,7845,32,,,0,18,,7878,32,,,0,55,,7846,32,,,0,13,,7879,32,,,0,18,,7847,32,,,0,15,,7880,32,,,0,55,,7848,32,,,0,30,,7849,32,,,0,70,,7850,32,,,0,30,,7851,32,,,0,70,,7852,32,,,0,30,,7853,32,,,0,70,,7854,32,,,0,30,,7855,32,,,0
2500,'Holiday21111111',751,,8522,11,,,0,70,,8534,11,,,0,30,,8523,11,,,0,70,,8535,11,,,0,35,,8524,11,,,0,70,,8536,11,,,0,30,,8525,11,,,0,70,,8537,11,,,0,30,,8526,11,,,0,70,,8538,11,,,0,30,,8527,11,,,0,70,,8539,11,,,0,30,,8528,11,,,0,70,,8540,11,,,0,30,,8529,11,,,0,70,,8541,11,,,0,30,,8530,11,,,0,70,,8542,11,,,0,30,,8531,11,,,0,70,,8543,11,,,0,30,,8532,11,,,0,70,,8544,11,,,0,30,,8533,11,,,0,70,,8545,11,,,0,30,,8546,11,,,0,70,,8547,11,,,0,30,,8548,11,,,0,70,,8549,11,,,0
2500,'Holiday3-505-1111111',721,,8563,11,,,0,30,,8562,11,,,0,70,,8564,11,,,0,30,,8561,11,,,0,70,,8565,11,,,0,30,,8560,11,,,0,70,,8566,11,,,0,30,,8559,11,,,0,70,,8567,11,,,0,30,,8558,11,,,0,70,,8568,11,,,0,30,,8557,11,,,0,70,,8569,11,,,0,30,,8556,11,,,0,70,,8570,11,,,0,30,,8555,11,,,0,70,,8571,11,,,0,30,,8554,11,,,0,70,,8572,11,,,0,30,,8553,11,,,0,70,,8573,11,,,0,30,,8552,11,,,0,72,,8574,11,,,0,30,,8551,11,,,0,70,,8575,11,,,0,30,,8550,11,,,0,70,,8576,11,,,0,30,,8578,11,,,0,70,,8577,11,,,0,30,,8579,11,,,0
2500,'Saturday',721,,8593,11,,,0,30,,8592,11,,,0,70,,8594,11,,,0,30,,8591,11,,,0,70,,8595,11,,,0,30,,8590,11,,,0,70,,8596,11,,,0,30,,8589,11,,,0,70,,8597,11,,,0,30,,8588,11,,,0,70,,8598,11,,,0,30,,8587,11,,,0,70,,8599,11,,,0,30,,8586,11,,,0,70,,8600,11,,,0,30,,8585,11,,,0,70,,8601,11,,,0,30,,8584,11,,,0,70,,8602,11,,,0,30,,8583,11,,,0,70,,8603,11,,,0,30,,8582,11,,,0,72,,8604,11,,,0,30,,8581,11,,,0,70,,8605,11,,,0,30,,8580,11,,,0,70,,8606,11,,,0,30,,8608,11,,,0,70,,8607,11,,,0,30,,8609,11,,,0
2500,'Sunday',751,,8610,11,,,0,70,,8622,11,,,0,30,,8611,11,,,0,70,,8623,11,,,0,30,,8612,11,,,0,70,,8624,11,,,0,30,,8613,11,,,0,70,,8625,11,,,0,30,,8614,11,,,0,70,,8626,11,,,0,30,,8615,11,,,0,70,,8627,11,,,0,30,,8616,11,,,0,70,,8628,11,,,0,30,,8617,11,,,0,70,,8629,11,,,0,30,,8618,11,,,0,70,,8630,11,,,0,30,,8619,11,,,0,70,,8631,11,,,0,30,,8620,11,,,0,72,,8632,11,,,0,30,,8621,11,,,0,70,,8633,11,,,0,30,,8634,11,,,0,70,,8635,11,,,0,30,,8636,11,,,0,70,,8637,11,,,0
2500,'Weekday',514,,8638,11,,,0,28,,8639,11,,,0,66,,8640,11,,,0,28,,8641,11,,,0,68,,8642,11,,,0,15,,8643,11,,,0,15,,8644,11,,,0,15,,8645,11,,,0,55,,8646,11,,,0,21,,8647,11,,,0,15,,8648,11,,,0,17,,8649,11,,,0,70,,8650,11,,,0,30,,8651,11,,,0,70,,8652,11,,,0,30,,8653,11,,,0,70,,8654,11,,,0,30,,8655,11,,,0,70,,8656,11,,,0,30,,8657,11,,,0,70,,8658,11,,,0,30,,8659,11,,,0,70,,8660,11,,,0,15,,8661,11,,,0,15,,8662,11,,,0,55,,8663,11,,,0,15,,8664,11,,,0,15,,8665,11,,,0,15,,8666,11,,,0,55,,8667,11,,,0,15,,8668,11,,,0,15,,8669,11,,,0,15,,8670,11,,,0,55,,8671,11,,,0,15,,8672,11,,,0,15,,8673,11,,,0,15,,8674,11,,,0,70,,8675,11,,,0,30,,8676,11,,,0,70,,8677,11,,,0,29,,8678,11,,,0,70,,8679,11,,,0,30,,8680,11,,,0,70,,8681,11,,,0,30,,8682,11,,,0,70,,8683,11,,,0,30,,8684,11,,,0,70,,8685,11,,,0
