600,'Holiday21111111',901,,7215,21,,,0,106,,7216,21,,,0,100,,7217,21,,,0,100,,7218,21,,,0,100,,7219,21,,,0,100,,7220,21,,,0,102,,7221,21,,,0,100,,7222,21,,,0,100,,7223,21,,,0,100,,7224,21,,,0,101,,7225,21,,,0,103,,7226,21,,,0
600,'Holiday3-505-1111111',801,,7241,21,,,0,100,,7240,21,,,0,106,,7239,21,,,0,100,,7238,21,,,0,100,,7237,21,,,0,100,,7236,21,,,0,100,,7235,21,,,0,100,,7234,21,,,0,100,,7233,21,,,0,100,,7232,21,,,0,100,,7231,21,,,0,100,,7230,21,,,0,100,,7229,21,,,0,100,,7228,21,,,0,100,,7227,21,,,0
600,'Saturday',801,,7256,21,,,0,100,,7255,21,,,0,106,,7254,21,,,0,100,,7253,21,,,0,100,,7252,21,,,0,100,,7251,21,,,0,100,,7250,21,,,0,100,,7249,21,,,0,100,,7248,21,,,0,100,,7247,21,,,0,100,,7246,21,,,0,100,,7245,21,,,0,100,,7244,21,,,0,100,,7243,21,,,0,100,,7242,21,,,0
600,'Sunday',901,,7257,21,,,0,106,,7258,21,,,0,100,,7259,21,,,0,100,,7260,21,,,0,100,,7261,21,,,0,100,,7262,21,,,0,102,,7263,21,,,0,100,,7264,21,,,0,100,,7265,21,,,0,100,,7266,21,,,0,100,,7267,21,,,0,100,,7268,21,,,0
600,'Weekday',607,,7269,21,,,0,32,,7270,21,,,0,70,,7271,21,,,0,31,,7272,21,,,0,66,,7273,21,,,0,35,,7274,21,,,0,70,,7275,21,,,0,28,,7276,21,,,0,70,,7277,21,,,0,30,,7278,21,,,0,70,,7279,21,,,0,30,,7280,21,,,0,70,,7281,21,,,0,30,,7282,21,,,0,70,,7283,21,,,0,30,,7284,21,,,0,70,,7285,21,,,0,26,,7286,21,,,0,73,,7287,21,,,0,34,,7288,21,,,0,79,,7298,21,,,0,33,,7296,21,,,0,66,,7295,21,,,0,26,,7293,21,,,0,69,,7299,21,,,0,29,,7297,21,,,0,69,,7294,21,,,0,30,,7289,21,,,0,69,,7290,21,,,0,100,,7291,21,,,0,100,,7292,21,,,0
1201,'Holiday21111111',804,,8381,15,,,0,100,,8382,15,,,0,30,,8380,15,,,0,70,,8383,15,,,0,33,,8379,15,,,0,67,,8384,15,,,0,30,,8378,15,,,0,70,,8385,15,,,0,30,,8377,15,,,0,70,,8386,15,,,0,30,,8376,15,,,0,70,,8387,15,,,0,33,,8375,15,,,0,67,,8388,15,,,0,30,,8374,15,,,0,70,,8389,15,,,0,30,,8373,15,,,0,70,,8390,15,,,0,30,,8372,15,,,0,73,,8397,15,,,0,30,,8398,15,,,0,70,,8394,15,,,0,30,,8393,15,,,0,70,,8392,15,,,0,30,,8391,15,,,0,70,,8396,15,,,0,30,,8395,15,,,0
1201,'Holiday3-505-1111111',732,,8413,15,,,0,70,,8416,15,,,0,30,,8412,15,,,0,70,,8417,15,,,0,30,,8411,15,,,0,70,,8418,15,,,0,35,,8410,15,,,0,65,,8419,15,,,0,30,,8409,15,,,0,70,,8420,15,,,0,30,,8408,15,,,0,70,,8421,15,,,0,30,,8407,15,,,0,70,,8422,15,,,0,35,,8406,15,,,0,65,,8423,15,,,0,30,,8405,15,,,0,70,,8424,15,,,0,30,,8404,15,,,0,70,,8425,15,,,0,30,,8403,15,,,0,70,,8426,15,,,0,30,,8402,15,,,0,70,,8427,15,,,0,30,,8401,15,,,0,70,,8415,15,,,0,30,,8400,15,,,0,70,,8414,15,,,0,30,,8399,15,,,0,70,,8428,15,,,0
1201,'Saturday',732,,8443,15,,,0,70,,8446,15,,,0,30,,8442,15,,,0,70,,8447,15,,,0,30,,8441,15,,,0,70,,8448,15,,,0,35,,8440,15,,,0,65,,8449,15,,,0,30,,8439,15,,,0,70,,8450,15,,,0,30,,8438,15,,,0,70,,8451,15,,,0,30,,8437,15,,,0,70,,8452,15,,,0,35,,8436,15,,,0,65,,8453,15,,,0,30,,8435,15,,,0,70,,8454,15,,,0,30,,8434,15,,,0,70,,8455,15,,,0,30,,8433,15,,,0,70,,8456,15,,,0,30,,8432,15,,,0,70,,8457,15,,,0,30,,8431,15,,,0,70,,8445,15,,,0,30,,8430,15,,,0,70,,8444,15,,,0,30,,8429,15,,,0,70,,8458,15,,,0
1201,'Sunday',802,,8468,15,,,0,100,,8469,15,,,0,30,,8467,15,,,0,70,,8470,15,,,0,35,,8466,15,,,0,65,,8471,15,,,0,30,,8465,15,,,0,70,,8472,15,,,0,30,,8464,15,,,0,70,,8473,15,,,0,30,,8463,15,,,0,70,,8474,15,,,0,35,,8462,15,,,0,65,,8475,15,,,0,30,,8461,15,,,0,70,,8476,15,,,0,30,,8460,15,,,0,70,,8477,15,,,0,30,,8459,15,,,0,70,,8478,15,,,0,35,,8479,15,,,0,70,,8480,15,,,0,30,,8481,15,,,0,70,,8482,15,,,0,30,,8483,15,,,0,70,,8484,15,,,0,30,,8485,15,,,0
1201,'Weekday',507,,8486,15,,,0,98,,8487,15,,,0,30,,8488,15,,,0,72,,8489,15,,,0,31,,8490,15,,,0,75,,8491,15,,,0,28,,8492,15,,,0,70,,8493,15,,,0,30,,8494,15,,,0,70,,8495,15,,,0,30,,8496,15,,,0,71,,8497,15,,,0,30,,8498,15,,,0,70,,8499,15,,,0,30,,8500,15,,,0,70,,8501,15,,,0,30,,8502,15,,,0,70,,8503,15,,,0,31,,8504,15,,,0,60,,8505,15,,,0,24,,8506,15,,,0,26,,8507,15,,,0,65,,8508,15,,,0,20,,8509,15,,,0,65,,8510,15,,,0,25,,8520,15,,,0,19,,8521,15,,,0,65,,8511,15,,,0,30,,8515,15,,,0,69,,8512,15,,,0,28,,8517,15,,,0,69,,8513,15,,,0,28,,8516,15,,,0,70,,8514,15,,,0,30,,8518,15,,,0,70,,8519,15,,,0
