200,'Holiday21111111',747,,3301,,,0,100,,3302,,,0,70,,3325,,,0,30,,3303,,,0,70,,3314,,,0,30,,3304,,,0,70,,3315,,,0,30,,3305,,,0,70,,3316,,,0,30,,3306,,,0,70,,3317,,,0,30,,3307,,,0,70,,3318,,,0,30,,3308,,,0,70,,3319,,,0,30,,3309,,,0,70,,3320,,,0,30,,3310,,,0,70,,3321,,,0,30,,3311,,,0,70,,3322,,,0,30,,3312,,,0,73,,3323,,,0,30,,3313,,,0,70,,3324,,,0,30,,3326,,,0,70,,3327,,,0
200,'Saturday',617,,3328,,,0,100,,3329,,,0,100,,3330,,,0,100,,3331,,,0,30,,3344,,,0,60,,3332,,,0,20,,3358,,,0,20,,3345,,,0,60,,3333,,,0,20,,3359,,,0,20,,3346,,,0,60,,3334,,,0,20,,3360,,,0,25,,3347,,,0,60,,3335,,,0,20,,3361,,,0,20,,3348,,,0,60,,3336,,,0,20,,3362,,,0,20,,3349,,,0,65,,3337,,,0,20,,3363,,,0,20,,3350,,,0,60,,3338,,,0,20,,3364,,,0,20,,3351,,,0,60,,3339,,,0,30,,3352,,,0,70,,3340,,,0,30,,3353,,,0,70,,3341,,,0,30,,3354,,,0,70,,3342,,,0,30,,3355,,,0,70,,3343,,,0,30,,3356,,,0,99,,3357,,,0
200,'Sunday',747,,3365,,,0,100,,3366,,,0,100,,3367,,,0,60,,3378,,,0,20,,3391,,,0,20,,3368,,,0,60,,3379,,,0,20,,3392,,,0,20,,3369,,,0,60,,3380,,,0,20,,3393,,,0,25,,3370,,,0,60,,3381,,,0,20,,3394,,,0,20,,3371,,,0,60,,3382,,,0,20,,3395,,,0,20,,3372,,,0,65,,3383,,,0,20,,3396,,,0,20,,3373,,,0,60,,3384,,,0,20,,3397,,,0,20,,3374,,,0,60,,3385,,,0,30,,3375,,,0,70,,3386,,,0,30,,3376,,,0,70,,3387,,,0,30,,3377,,,0,70,,3388,,,0,30,,3389,,,0,70,,3390,,,0
200,'Weekday',443,,3398,,,0,70,,3400,,,0,30,,3402,,,0,68,,3431,,,0,15,,3404,,,0,15,,3405,,,0,15,,3432,,,0,55,,3406,,,0,15,,3407,,,0,15,,3408,,,0,16,,3409,,,0,55,,3410,,,0,15,,3433,,,0,15,,3411,,,0,15,,3434,,,0,55,,3412,,,0,16,,3413,,,0,14,,3435,,,0,15,,3436,,,0,55,,3437,,,0,15,,3414,,,0,15,,3438,,,0,15,,3439,,,0,55,,3415,,,0,15,,3440,,,0,15,,3416,,,0,15,,3417,,,0,55,,3441,,,0,15,,3442,,,0,15,,3418,,,0,15,,3419,,,0,55,,3443,,,0,15,,3444,,,0,15,,3420,,,0,15,,3445,,,0,54,,3446,,,0,15,,3421,,,0,15,,3447,,,0,15,,3448,,,0,55,,3449,,,0,15,,3422,,,0,15,,3423,,,0,15,,3424,,,0,55,,3450,,,0,15,,3451,,,0,15,,3452,,,0,15,,3453,,,0,55,,3425,,,0,15,,3454,,,0,16,,3426,,,0,15,,3455,,,0,55,,3427,,,0,15,,3456,,,0,19,,3457,,,0,70,,3458,,,0,30,,3430,,,0,70,,3428,,,0,30,,3399,,,0,70,,3429,,,0,32,,3401,,,0,70,,3403,,,0,27,,3459,,,0
301,'Holiday21111111',742,,3776,4,,0,100,,3777,4,,0,70,,3800,4,,0,30,,3778,4,,0,70,,3789,4,,0,34,,3779,4,,0,70,,3790,4,,0,30,,3780,4,,0,70,,3791,4,,0,30,,3781,4,,0,70,,3792,4,,0,30,,3782,4,,0,70,,3793,4,,0,30,,3783,4,,0,70,,3794,4,,0,30,,3784,4,,0,70,,3795,4,,0,30,,3785,4,,0,70,,3796,4,,0,30,,3786,4,,0,70,,3797,4,,0,27,,3787,4,,0,70,,3798,4,,0,33,,3788,4,,0,70,,3799,4,,0,30,,3801,4,,0,70,,3802,4,,0,29,,3803,4,,0
301,'Saturday',612,,3820,4,,0,100,,3804,4,,0,102,,3805,4,,0,100,,3806,4,,0,30,,3834,4,,0,70,,3821,4,,0,32,,3807,4,,0,60,,3822,4,,0,20,,3836,4,,0,20,,3808,4,,0,60,,3823,4,,0,20,,3837,4,,0,25,,3809,4,,0,60,,3824,4,,0,20,,3838,4,,0,20,,3810,4,,0,60,,3825,4,,0,20,,3839,4,,0,20,,3811,4,,0,65,,3826,4,,0,20,,3840,4,,0,20,,3812,4,,0,60,,3827,4,,0,20,,3835,4,,0,20,,3813,4,,0,60,,3828,4,,0,30,,3814,4,,0,70,,3829,4,,0,28,,3815,4,,0,70,,3830,4,,0,30,,3816,4,,0,70,,3831,4,,0,30,,3817,4,,0,70,,3832,4,,0,29,,3818,4,,0,70,,3833,4,,0,30,,3819,4,,0
301,'Sunday',744,,3841,4,,0,100,,3842,4,,0,100,,3843,4,,0,60,,3854,4,,0,20,,3868,4,,0,22,,3844,4,,0,60,,3855,4,,0,20,,3869,4,,0,20,,3845,4,,0,60,,3856,4,,0,20,,3870,4,,0,25,,3846,4,,0,60,,3857,4,,0,20,,3871,4,,0,20,,3847,4,,0,60,,3858,4,,0,20,,3872,4,,0,20,,3848,4,,0,65,,3859,4,,0,20,,3873,4,,0,20,,3849,4,,0,60,,3860,4,,0,20,,3874,4,,0,20,,3850,4,,0,60,,3861,4,,0,30,,3851,4,,0,70,,3862,4,,0,28,,3852,4,,0,70,,3863,4,,0,30,,3853,4,,0,70,,3864,4,,0,30,,3865,4,,0,70,,3866,4,,0,29,,3867,4,,0
301,'Weekday',511,,3927,4,,0,30,,3907,4,,0,68,,3876,4,,0,30,,3878,4,,0,15,,3925,4,,0,55,,3936,4,,0,13,,3906,4,,0,18,,3879,4,,0,15,,3924,4,,0,55,,3933,4,,0,15,,3880,4,,0,15,,3930,4,,0,16,,3928,4,,0,55,,3881,4,,0,15,,3931,4,,0,15,,3935,4,,0,15,,3929,4,,0,55,,3882,4,,0,15,,3883,4,,0,15,,3905,4,,0,15,,3904,4,,0,55,,3884,4,,0,14,,3934,4,,0,16,,3921,4,,0,15,,3885,4,,0,55,,3886,4,,0,15,,3916,4,,0,15,,3887,4,,0,15,,3920,4,,0,54,,3888,4,,0,14,,3889,4,,0,14,,3914,4,,0,14,,3890,4,,0,54,,3891,4,,0,14,,3913,4,,0,19,,3892,4,,0,15,,3893,4,,0,55,,3894,4,,0,15,,3932,4,,0,15,,3918,4,,0,15,,3926,4,,0,55,,3915,4,,0,15,,3895,4,,0,15,,3911,4,,0,16,,3896,4,,0,55,,3897,4,,0,15,,3910,4,,0,16,,3898,4,,0,14,,3919,4,,0,55,,3899,4,,0,15,,3909,4,,0,18,,3900,4,,0,12,,3923,4,,0,59,,3901,4,,0,13,,3902,4,,0,17,,3903,4,,0,70,,3922,4,,0,30,,3937,4,,0,70,,3912,4,,0,30,,3908,4,,0,70,,3917,4,,0,28,,3877,4,,0,70,,3875,4,,0
400,'Holiday21111111',1156,,3938,,,0,100,,3942,,,0,100,,3939,,,0,100,,3943,,,0,100,,3940,,,0,100,,3944,,,0,100,,3941,,,0
400,'Saturday',856,,3945,,,0,100,,3951,,,0,100,,3946,,,0,100,,3952,,,0,100,,3947,,,0,100,,3953,,,0,100,,3948,,,0,100,,3954,,,0,100,,3949,,,0,100,,3955,,,0,100,,3950,,,0,100,,3956,,,0,98,,3957,,,0
400,'Sunday',1156,,3958,,,0,100,,3962,,,0,100,,3959,,,0,100,,3963,,,0,100,,3960,,,0,100,,3964,,,0,100,,3961,,,0
400,'Weekday',557,,3980,,,0,100,,3972,,,0,100,,3979,,,0,67,,3981,,,0,35,,3971,,,0,69,,3982,,,0,30,,3978,,,0,70,,3983,,,0,30,,3970,,,0,70,,3984,,,0,30,,3977,,,0,70,,3985,,,0,30,,3969,,,0,70,,3986,,,0,30,,3976,,,0,71,,3987,,,0,30,,3968,,,0,70,,3988,,,0,30,,3975,,,0,69,,3989,,,0,30,,3967,,,0,71,,3990,,,0,71,,3974,,,0,100,,3966,,,0,57,,3973,,,0,100,,3965,,,0
1000,'Holiday21111111',816,,4225,,,0,30,,4219,,,0,70,,4224,,,0,28,,4216,,,0,70,,4218,,,0,30,,4196,,,0,15,,4184,,,0,55,,4187,,,0,15,,4206,,,0,15,,4204,,,0,15,,4197,,,0,55,,4203,,,0,15,,4188,,,0,15,,4207,,,0,15,,4195,,,0,55,,4198,,,0,15,,4213,,,0,15,,4189,,,0,15,,4208,,,0,55,,4202,,,0,15,,4199,,,0,15,,4193,,,0,15,,4190,,,0,55,,4209,,,0,15,,4186,,,0,15,,4200,,,0,15,,4212,,,0,55,,4191,,,0,15,,4210,,,0,15,,4205,,,0,15,,4201,,,0,55,,4185,,,0,15,,4192,,,0,15,,4211,,,0,15,,4194,,,0,55,,4183,,,0,30,,4214,,,0,68,,4220,,,0,30,,4215,,,0,70,,4221,,,0,30,,4217,,,0,70,,4222,,,0,30,,4223,,,0
1000,'Saturday',712,,4232,,,0,30,,4233,,,0,70,,4234,,,0,30,,4235,,,0,70,,4236,,,0,17,,4276,,,0,15,,4237,,,0,15,,4238,,,0,55,,4239,,,0,15,,4240,,,0,15,,4241,,,0,15,,4242,,,0,55,,4243,,,0,15,,4244,,,0,15,,4245,,,0,15,,4246,,,0,55,,4247,,,0,15,,4248,,,0,15,,4249,,,0,15,,4250,,,0,55,,4251,,,0,15,,4252,,,0,15,,4253,,,0,15,,4254,,,0,55,,4255,,,0,15,,4256,,,0,15,,4257,,,0,15,,4258,,,0,55,,4259,,,0,15,,4260,,,0,15,,4261,,,0,15,,4262,,,0,55,,4263,,,0,15,,4264,,,0,15,,4265,,,0,15,,4266,,,0,55,,4267,,,0,15,,4268,,,0,15,,4269,,,0,15,,4270,,,0,55,,4271,,,0,15,,4272,,,0,15,,4273,,,0,68,,4274,,,0,30,,4275,,,0,70,,4228,,,0,30,,4226,,,0,70,,4230,,,0,30,,4229,,,0,70,,4227,,,0,30,,4231,,,0
1000,'Sunday',816,,4319,,,0,30,,4313,,,0,70,,4318,,,0,28,,4310,,,0,70,,4312,,,0,30,,4290,,,0,15,,4278,,,0,55,,4281,,,0,15,,4300,,,0,15,,4298,,,0,15,,4291,,,0,55,,4297,,,0,15,,4282,,,0,15,,4301,,,0,15,,4289,,,0,55,,4292,,,0,15,,4307,,,0,15,,4283,,,0,15,,4302,,,0,55,,4296,,,0,15,,4293,,,0,15,,4287,,,0,15,,4284,,,0,55,,4303,,,0,15,,4280,,,0,15,,4294,,,0,15,,4306,,,0,55,,4285,,,0,15,,4304,,,0,15,,4299,,,0,15,,4295,,,0,55,,4279,,,0,15,,4286,,,0,15,,4305,,,0,15,,4288,,,0,55,,4277,,,0,30,,4308,,,0,68,,4314,,,0,30,,4309,,,0,70,,4315,,,0,30,,4311,,,0,70,,4316,,,0,30,,4317,,,0
1000,'Weekday',506,,4330,,,0,30,,4339,,,0,66,,4325,,,0,27,,4356,,,0,15,,4353,,,0,57,,4357,,,0,14,,4349,,,0,14,,4358,,,0,15,,4334,,,0,15,,4359,,,0,52,,4340,,,0,17,,4360,,,0,15,,4320,,,0,15,,4361,,,0,55,,4346,,,0,15,,4362,,,0,15,,4355,,,0,15,,4363,,,0,55,,4352,,,0,15,,4364,,,0,15,,4341,,,0,15,,4365,,,0,55,,4337,,,0,15,,4366,,,0,15,,4329,,,0,15,,4367,,,0,58,,4338,,,0,12,,4368,,,0,15,,4324,,,0,15,,4369,,,0,55,,4342,,,0,15,,4370,,,0,15,,4354,,,0,15,,4371,,,0,56,,4328,,,0,15,,4372,,,0,15,,4351,,,0,57,,4373,,,0,15,,4348,,,0,15,,4374,,,0,15,,4343,,,0,56,,4375,,,0,12,,4347,,,0,16,,4376,,,0,14,,4336,,,0,58,,4377,,,0,15,,4331,,,0,15,,4378,,,0,15,,4333,,,0,55,,4379,,,0,13,,4344,,,0,15,,4380,,,0,12,,4332,,,0,15,,4381,,,0,55,,4327,,,0,30,,4350,,,0,70,,4335,,,0,30,,4345,,,0,70,,4321,,,0,30,,4323,,,0,69,,4326,,,0,30,,4322,,,0
5000,'Saturday',2313,,5373,,,0,97,,5372,,,0,95,,5374,,,0
5000,'Weekday',2313,,5376,,,0,97,,5375,,,0,95,,5377,,,0
5201,'Saturday',2342,,5401,,,0,97,,5400,,,0
5201,'Weekday',2342,,5403,,,0,97,,5402,,,0
