401,'Holiday21111111',1058,,4065,39,,,0,100,,4061,39,,,0,100,,4058,39,,,0,100,,4062,39,,,0,100,,4059,39,,,0,100,,4063,39,,,0,100,,4060,39,,,0,98,,4064,39,,,0
401,'Saturday',958,,4066,39,,,0,100,,4071,39,,,0,100,,4067,39,,,0,100,,4072,39,,,0,100,,4068,39,,,0,100,,4073,39,,,0,100,,4069,39,,,0,100,,4074,39,,,0,98,,4070,39,,,0,100,,4075,39,,,0,100,,4076,39,,,0
401,'Sunday',1058,,4084,39,,,0,100,,4080,39,,,0,100,,4077,39,,,0,100,,4081,39,,,0,100,,4078,39,,,0,100,,4082,39,,,0,100,,4079,39,,,0,98,,4083,39,,,0
401,'Weekday',555,,4092,39,,,0,100,,4099,39,,,0,71,,4110,39,,,0,74,,4091,39,,,0,26,,4100,39,,,0,30,,4098,39,,,0,70,,4101,39,,,0,30,,4090,39,,,0,70,,4102,39,,,0,30,,4097,39,,,0,70,,4103,39,,,0,30,,4089,39,,,0,70,,4104,39,,,0,30,,4096,39,,,0,70,,4105,39,,,0,30,,4088,39,,,0,70,,4106,39,,,0,30,,4095,39,,,0,71,,4107,39,,,0,31,,4087,39,,,0,71,,4108,39,,,0,29,,4094,39,,,0,69,,4109,39,,,0,31,,4086,39,,,0,98,,4093,39,,,0,99,,4085,39,,,0
1001,'Holiday21111111',809,,4473,43,,,0,30,,4490,43,,,0,70,,4491,43,,,0,31,,4489,43,,,0,71,,4471,43,,,0,30,,4476,43,,,0,15,,4475,43,,,0,55,,4477,43,,,0,15,,4478,43,,,0,15,,4479,43,,,0,15,,4480,43,,,0,55,,4481,43,,,0,15,,4482,43,,,0,15,,4483,43,,,0,15,,4484,43,,,0,55,,4485,43,,,0,15,,4486,43,,,0,15,,4487,43,,,0,15,,4488,43,,,0,55,,4474,43,,,0,15,,4472,43,,,0,15,,4466,43,,,0,15,,4449,43,,,0,55,,4459,43,,,0,15,,4461,43,,,0,15,,4464,43,,,0,15,,4454,43,,,0,55,,4468,43,,,0,15,,4458,43,,,0,15,,4462,43,,,0,15,,4450,43,,,0,55,,4455,43,,,0,15,,4469,43,,,0,15,,4457,43,,,0,10,,4463,43,,,0,59,,4456,43,,,0,30,,4452,43,,,0,70,,4467,43,,,0,29,,4451,43,,,0,69,,4460,43,,,0,30,,4470,43,,,0,70,,4453,43,,,0,30,,4465,43,,,0
1001,'Saturday',739,,4534,43,,,0,70,,4535,43,,,0,30,,4536,43,,,0,70,,4537,43,,,0,31,,4538,43,,,0,16,,4540,43,,,0,55,,4539,43,,,0,15,,4541,43,,,0,15,,4525,43,,,0,15,,4533,43,,,0,55,,4510,43,,,0,15,,4517,43,,,0,15,,4498,43,,,0,15,,4526,43,,,0,55,,4507,43,,,0,15,,4511,43,,,0,15,,4518,43,,,0,15,,4499,43,,,0,55,,4527,43,,,0,15,,4522,43,,,0,15,,4512,43,,,0,15,,4519,43,,,0,55,,4500,43,,,0,15,,4528,43,,,0,15,,4521,43,,,0,15,,4513,43,,,0,55,,4506,43,,,0,15,,4501,43,,,0,15,,4529,43,,,0,15,,4508,43,,,0,55,,4514,43,,,0,15,,4505,43,,,0,15,,4502,43,,,0,15,,4530,43,,,0,55,,4523,43,,,0,15,,4515,43,,,0,15,,4520,43,,,0,15,,4503,43,,,0,55,,4531,43,,,0,14,,4524,43,,,0,15,,4516,43,,,0,15,,4509,43,,,0,55,,4504,43,,,0,29,,4532,43,,,0,69,,4492,43,,,0,30,,4496,43,,,0,70,,4494,43,,,0,30,,4493,43,,,0,70,,4497,43,,,0,30,,4495,43,,,0
1001,'Sunday',809,,4566,43,,,0,30,,4583,43,,,0,70,,4584,43,,,0,31,,4582,43,,,0,71,,4564,43,,,0,30,,4569,43,,,0,15,,4568,43,,,0,55,,4570,43,,,0,15,,4571,43,,,0,15,,4572,43,,,0,15,,4573,43,,,0,55,,4574,43,,,0,15,,4575,43,,,0,15,,4576,43,,,0,15,,4577,43,,,0,55,,4578,43,,,0,15,,4579,43,,,0,15,,4580,43,,,0,15,,4581,43,,,0,55,,4567,43,,,0,15,,4565,43,,,0,15,,4559,43,,,0,15,,4542,43,,,0,55,,4552,43,,,0,15,,4554,43,,,0,15,,4557,43,,,0,15,,4547,43,,,0,55,,4561,43,,,0,15,,4551,43,,,0,15,,4555,43,,,0,15,,4543,43,,,0,55,,4548,43,,,0,15,,4562,43,,,0,15,,4550,43,,,0,10,,4556,43,,,0,59,,4549,43,,,0,30,,4545,43,,,0,70,,4560,43,,,0,29,,4544,43,,,0,69,,4553,43,,,0,30,,4563,43,,,0,70,,4546,43,,,0,30,,4558,43,,,0
1001,'Weekday',537,,4585,43,,,0,70,,4586,43,,,0,30,,4587,43,,,0,15,,4620,43,,,0,55,,4588,43,,,0,17,,4621,43,,,0,15,,4589,43,,,0,15,,4622,43,,,0,55,,4590,43,,,0,15,,4623,43,,,0,18,,4591,43,,,0,15,,4624,43,,,0,55,,4592,43,,,0,15,,4625,43,,,0,15,,4593,43,,,0,15,,4626,43,,,0,55,,4594,43,,,0,15,,4627,43,,,0,15,,4595,43,,,0,15,,4628,43,,,0,55,,4596,43,,,0,15,,4629,43,,,0,15,,4597,43,,,0,15,,4630,43,,,0,55,,4598,43,,,0,15,,4631,43,,,0,15,,4599,43,,,0,15,,4632,43,,,0,55,,4600,43,,,0,15,,4633,43,,,0,15,,4601,43,,,0,15,,4634,43,,,0,55,,4602,43,,,0,17,,4635,43,,,0,15,,4603,43,,,0,15,,4636,43,,,0,55,,4604,43,,,0,15,,4637,43,,,0,12,,4605,43,,,0,15,,4638,43,,,0,55,,4606,43,,,0,15,,4639,43,,,0,15,,4607,43,,,0,15,,4640,43,,,0,52,,4608,43,,,0,15,,4641,43,,,0,15,,4609,43,,,0,16,,4642,43,,,0,56,,4610,43,,,0,13,,4643,43,,,0,15,,4611,43,,,0,15,,4644,43,,,0,58,,4612,43,,,0,30,,4613,43,,,0,70,,4614,43,,,0,30,,4615,43,,,0,70,,4616,43,,,0,29,,4617,43,,,0,70,,4618,43,,,0,30,,4619,43,,,0
5201,'Saturday',2338,,5468,15,,,0,97,,5467,15,,,0
5201,'Weekday',2338,,5470,15,,,0,97,,5469,15,,,0
