200,'Holiday21111111',815,,3301,4,,0,100,,3302,4,,0,32,,3325,4,,0,70,,3303,4,,0,30,,3314,4,,0,70,,3304,4,,0,30,,3315,4,,0,70,,3305,4,,0,30,,3316,4,,0,70,,3306,4,,0,30,,3317,4,,0,70,,3307,4,,0,30,,3318,4,,0,70,,3308,4,,0,30,,3319,4,,0,70,,3309,4,,0,30,,3320,4,,0,70,,3310,4,,0,30,,3321,4,,0,70,,3311,4,,0,28,,3322,4,,0,70,,3312,4,,0,33,,3323,4,,0,70,,3313,4,,0,30,,3324,4,,0,70,,3326,4,,0,30,,3327,4,,0
200,'Saturday',645,,3328,4,,0,100,,3329,4,,0,100,,3330,4,,0,102,,3331,4,,0,70,,3344,4,,0,20,,3332,4,,0,20,,3358,4,,0,60,,3345,4,,0,20,,3333,4,,0,20,,3359,4,,0,60,,3346,4,,0,20,,3334,4,,0,20,,3360,4,,0,65,,3347,4,,0,20,,3335,4,,0,60,,3361,4,,0,20,,3348,4,,0,20,,3336,4,,0,60,,3362,4,,0,20,,3349,4,,0,25,,3337,4,,0,60,,3363,4,,0,20,,3350,4,,0,20,,3338,4,,0,60,,3364,4,,0,20,,3351,4,,0,20,,3339,4,,0,70,,3352,4,,0,30,,3340,4,,0,70,,3353,4,,0,28,,3341,4,,0,70,,3354,4,,0,30,,3342,4,,0,70,,3355,4,,0,30,,3343,4,,0,70,,3356,4,,0
200,'Sunday',815,,3365,4,,0,100,,3366,4,,0,102,,3367,4,,0,20,,3378,4,,0,20,,3391,4,,0,60,,3368,4,,0,20,,3379,4,,0,20,,3392,4,,0,60,,3369,4,,0,20,,3380,4,,0,20,,3393,4,,0,65,,3370,4,,0,20,,3381,4,,0,60,,3394,4,,0,20,,3371,4,,0,20,,3382,4,,0,60,,3395,4,,0,20,,3372,4,,0,25,,3383,4,,0,60,,3396,4,,0,20,,3373,4,,0,20,,3384,4,,0,60,,3397,4,,0,20,,3374,4,,0,20,,3385,4,,0,70,,3375,4,,0,30,,3386,4,,0,70,,3376,4,,0,28,,3387,4,,0,70,,3377,4,,0,30,,3388,4,,0,70,,3389,4,,0,30,,3390,4,,0
200,'Weekday',511,,3398,4,,0,30,,3400,4,,0,70,,3402,4,,0,28,,3431,4,,0,15,,3404,4,,0,55,,3405,4,,0,15,,3432,4,,0,18,,3406,4,,0,15,,3407,4,,0,55,,3408,4,,0,16,,3409,4,,0,15,,3410,4,,0,15,,3433,4,,0,55,,3411,4,,0,15,,3434,4,,0,15,,3412,4,,0,16,,3413,4,,0,54,,3435,4,,0,15,,3436,4,,0,15,,3437,4,,0,15,,3414,4,,0,55,,3438,4,,0,15,,3439,4,,0,17,,3415,4,,0,55,,3440,4,,0,15,,3416,4,,0,15,,3417,4,,0,15,,3441,4,,0,55,,3442,4,,0,15,,3418,4,,0,15,,3419,4,,0,15,,3443,4,,0,55,,3444,4,,0,15,,3420,4,,0,15,,3445,4,,0,15,,3446,4,,0,55,,3421,4,,0,15,,3447,4,,0,15,,3448,4,,0,15,,3449,4,,0,55,,3422,4,,0,15,,3423,4,,0,15,,3424,4,,0,15,,3450,4,,0,55,,3451,4,,0,15,,3452,4,,0,15,,3453,4,,0,15,,3425,4,,0,55,,3454,4,,0,16,,3426,4,,0,15,,3455,4,,0,12,,3427,4,,0,15,,3456,4,,0,59,,3457,4,,0,30,,3458,4,,0,70,,3430,4,,0,30,,3428,4,,0,70,,3399,4,,0,30,,3429,4,,0,72,,3401,4,,0,27,,3403,4,,0
201,'Holiday21111111',732,,3460,,,0,100,,3461,,,0,70,,3484,,,0,30,,3462,,,0,70,,3473,,,0,30,,3463,,,0,70,,3474,,,0,30,,3464,,,0,70,,3475,,,0,30,,3465,,,0,70,,3476,,,0,30,,3466,,,0,70,,3477,,,0,30,,3467,,,0,70,,3478,,,0,30,,3468,,,0,70,,3479,,,0,30,,3469,,,0,70,,3480,,,0,30,,3470,,,0,72,,3481,,,0,30,,3471,,,0,70,,3482,,,0,33,,3472,,,0,70,,3483,,,0,30,,3486,,,0,70,,3487,,,0,30,,3485,,,0
201,'Saturday',632,,3488,,,0,100,,3489,,,0,100,,3490,,,0,70,,3518,,,0,30,,3491,,,0,70,,3505,,,0,20,,3492,,,0,20,,3519,,,0,60,,3506,,,0,20,,3493,,,0,20,,3520,,,0,65,,3507,,,0,20,,3494,,,0,20,,3521,,,0,60,,3508,,,0,20,,3495,,,0,20,,3522,,,0,60,,3509,,,0,20,,3496,,,0,25,,3523,,,0,60,,3510,,,0,20,,3497,,,0,20,,3524,,,0,60,,3511,,,0,20,,3498,,,0,20,,3525,,,0,60,,3512,,,0,20,,3499,,,0,70,,3513,,,0,30,,3500,,,0,70,,3514,,,0,30,,3501,,,0,70,,3515,,,0,30,,3502,,,0,70,,3516,,,0,30,,3503,,,0,70,,3517,,,0,30,,3504,,,0
201,'Sunday',732,,3526,,,0,100,,3527,,,0,70,,3550,,,0,30,,3528,,,0,70,,3539,,,0,20,,3529,,,0,20,,3559,,,0,60,,3540,,,0,20,,3530,,,0,20,,3560,,,0,65,,3541,,,0,20,,3531,,,0,20,,3558,,,0,60,,3542,,,0,20,,3532,,,0,20,,3556,,,0,60,,3543,,,0,20,,3533,,,0,25,,3554,,,0,60,,3544,,,0,20,,3534,,,0,20,,3555,,,0,60,,3545,,,0,20,,3535,,,0,20,,3557,,,0,60,,3546,,,0,20,,3536,,,0,70,,3547,,,0,30,,3537,,,0,70,,3548,,,0,30,,3538,,,0,70,,3549,,,0,30,,3551,,,0,70,,3552,,,0,30,,3553,,,0
201,'Weekday',501,,3585,,,0,29,,3586,,,0,28,,3587,,,0,55,,3588,,,0,15,,3562,,,0,15,,3589,,,0,15,,3590,,,0,55,,3563,,,0,15,,3591,,,0,15,,3564,,,0,15,,3565,,,0,55,,3592,,,0,15,,3593,,,0,15,,3594,,,0,15,,3566,,,0,55,,3595,,,0,18,,3567,,,0,15,,3596,,,0,55,,3597,,,0,15,,3598,,,0,15,,3599,,,0,15,,3568,,,0,55,,3600,,,0,17,,3601,,,0,15,,3569,,,0,15,,3602,,,0,55,,3603,,,0,15,,3570,,,0,15,,3604,,,0,15,,3571,,,0,55,,3605,,,0,15,,3572,,,0,15,,3573,,,0,13,,3606,,,0,55,,3607,,,0,15,,3574,,,0,15,,3608,,,0,17,,3609,,,0,58,,3610,,,0,15,,3611,,,0,15,,3575,,,0,15,,3612,,,0,53,,3576,,,0,15,,3613,,,0,15,,3577,,,0,15,,3614,,,0,56,,3615,,,0,14,,3616,,,0,14,,3617,,,0,15,,3618,,,0,55,,3578,,,0,15,,3619,,,0,18,,3579,,,0,70,,3581,,,0,30,,3583,,,0,70,,3620,,,0,30,,3582,,,0,70,,3580,,,0,30,,3584,,,0,70,,3621,,,0,30,,3561,,,0
300,'Holiday21111111',828,,3622,4,,0,100,,3623,4,,0,30,,3635,4,,0,73,,3624,4,,0,70,,3636,4,,0,30,,3625,4,,0,70,,3637,4,,0,30,,3626,4,,0,70,,3638,4,,0,30,,3627,4,,0,70,,3639,4,,0,30,,3628,4,,0,70,,3640,4,,0,30,,3629,4,,0,70,,3641,4,,0,30,,3630,4,,0,70,,3642,4,,0,30,,3631,4,,0,70,,3643,4,,0,27,,3632,4,,0,72,,3644,4,,0,31,,3633,4,,0,69,,3645,4,,0,33,,3634,4,,0,70,,3646,4,,0,29,,3647,4,,0
300,'Saturday',728,,3648,4,,0,100,,3649,4,,0,100,,3650,4,,0,30,,3664,4,,0,73,,3651,4,,0,70,,3665,4,,0,20,,3652,4,,0,20,,3677,4,,0,60,,3666,4,,0,20,,3653,4,,0,20,,3678,4,,0,65,,3667,4,,0,20,,3654,4,,0,20,,3679,4,,0,60,,3668,4,,0,20,,3655,4,,0,20,,3680,4,,0,60,,3669,4,,0,20,,3656,4,,0,25,,3681,4,,0,60,,3670,4,,0,20,,3657,4,,0,20,,3682,4,,0,60,,3671,4,,0,20,,3658,4,,0,70,,3672,4,,0,27,,3659,4,,0,30,,3673,4,,0,70,,3660,4,,0,30,,3674,4,,0,70,,3661,4,,0,30,,3675,4,,0,69,,3662,4,,0,30,,3676,4,,0,70,,3663,4,,0
300,'Sunday',828,,3683,4,,0,100,,3684,4,,0,30,,3696,4,,0,73,,3685,4,,0,70,,3697,4,,0,20,,3686,4,,0,20,,3709,4,,0,60,,3698,4,,0,20,,3687,4,,0,20,,3710,4,,0,65,,3699,4,,0,20,,3688,4,,0,20,,3711,4,,0,60,,3700,4,,0,20,,3689,4,,0,20,,3714,4,,0,60,,3701,4,,0,20,,3690,4,,0,25,,3712,4,,0,60,,3702,4,,0,20,,3691,4,,0,20,,3713,4,,0,60,,3703,4,,0,20,,3692,4,,0,70,,3704,4,,0,27,,3693,4,,0,30,,3705,4,,0,70,,3694,4,,0,30,,3706,4,,0,70,,3695,4,,0,30,,3707,4,,0,69,,3708,4,,0
300,'Weekday',555,,3715,4,,0,71,,3757,4,,0,14,,3758,4,,0,15,,3717,4,,0,55,,3718,4,,0,16,,3719,4,,0,17,,3759,4,,0,13,,3760,4,,0,55,,3720,4,,0,16,,3721,4,,0,15,,3722,4,,0,15,,3723,4,,0,55,,3724,4,,0,17,,3761,4,,0,15,,3725,4,,0,15,,3762,4,,0,55,,3726,4,,0,20,,3727,4,,0,18,,3728,4,,0,55,,3729,4,,0,15,,3763,4,,0,15,,3730,4,,0,15,,3731,4,,0,55,,3732,4,,0,15,,3764,4,,0,15,,3733,4,,0,15,,3765,4,,0,55,,3734,4,,0,15,,3735,4,,0,15,,3766,4,,0,15,,3767,4,,0,55,,3768,4,,0,15,,3769,4,,0,15,,3770,4,,0,15,,3736,4,,0,55,,3737,4,,0,15,,3738,4,,0,15,,3739,4,,0,15,,3740,4,,0,57,,3771,4,,0,15,,3741,4,,0,15,,3772,4,,0,15,,3773,4,,0,54,,3742,4,,0,15,,3743,4,,0,15,,3744,4,,0,15,,3774,4,,0,55,,3775,4,,0,15,,3752,4,,0,11,,3751,4,,0,15,,3745,4,,0,55,,3755,4,,0,14,,3750,4,,0,16,,3746,4,,0,70,,3747,4,,0,30,,3756,4,,0,69,,3749,4,,0,31,,3754,4,,0,70,,3753,4,,0,28,,3748,4,,0,70,,3716,4,,0
301,'Holiday21111111',719,,3776,,,0,100,,3777,,,0,30,,3800,,,0,70,,3778,,,0,30,,3789,,,0,70,,3779,,,0,30,,3790,,,0,70,,3780,,,0,30,,3791,,,0,70,,3781,,,0,30,,3792,,,0,70,,3782,,,0,30,,3793,,,0,70,,3783,,,0,30,,3794,,,0,70,,3784,,,0,30,,3795,,,0,70,,3785,,,0,30,,3796,,,0,70,,3786,,,0,30,,3797,,,0,70,,3787,,,0,30,,3798,,,0,73,,3788,,,0,30,,3799,,,0,70,,3801,,,0,30,,3802,,,0,70,,3803,,,0
301,'Saturday',549,,3820,,,0,100,,3804,,,0,100,,3805,,,0,100,,3806,,,0,70,,3834,,,0,30,,3821,,,0,70,,3807,,,0,20,,3822,,,0,20,,3836,,,0,60,,3808,,,0,20,,3823,,,0,20,,3837,,,0,65,,3809,,,0,20,,3824,,,0,60,,3838,,,0,20,,3810,,,0,20,,3825,,,0,60,,3839,,,0,20,,3811,,,0,25,,3826,,,0,60,,3840,,,0,20,,3812,,,0,20,,3827,,,0,60,,3835,,,0,20,,3813,,,0,20,,3828,,,0,70,,3814,,,0,30,,3829,,,0,70,,3815,,,0,30,,3830,,,0,70,,3816,,,0,30,,3831,,,0,70,,3817,,,0,30,,3832,,,0,70,,3818,,,0,30,,3833,,,0,70,,3819,,,0
301,'Sunday',719,,3841,,,0,100,,3842,,,0,100,,3843,,,0,20,,3854,,,0,20,,3868,,,0,60,,3844,,,0,20,,3855,,,0,20,,3869,,,0,60,,3845,,,0,20,,3856,,,0,20,,3870,,,0,65,,3846,,,0,20,,3857,,,0,60,,3871,,,0,20,,3847,,,0,20,,3858,,,0,60,,3872,,,0,20,,3848,,,0,25,,3859,,,0,60,,3873,,,0,20,,3849,,,0,20,,3860,,,0,60,,3874,,,0,20,,3850,,,0,20,,3861,,,0,70,,3851,,,0,30,,3862,,,0,70,,3852,,,0,30,,3863,,,0,70,,3853,,,0,30,,3864,,,0,70,,3865,,,0,30,,3866,,,0,70,,3867,,,0
301,'Weekday',448,,3927,,,0,70,,3907,,,0,28,,3876,,,0,70,,3878,,,0,15,,3925,,,0,15,,3936,,,0,13,,3906,,,0,55,,3879,,,0,15,,3924,,,0,15,,3933,,,0,15,,3880,,,0,55,,3930,,,0,16,,3928,,,0,15,,3881,,,0,55,,3931,,,0,15,,3935,,,0,15,,3929,,,0,15,,3882,,,0,55,,3883,,,0,15,,3905,,,0,15,,3904,,,0,15,,3884,,,0,14,,3934,,,0,56,,3921,,,0,15,,3885,,,0,15,,3886,,,0,55,,3916,,,0,15,,3887,,,0,15,,3920,,,0,14,,3888,,,0,14,,3889,,,0,54,,3914,,,0,14,,3890,,,0,14,,3891,,,0,14,,3913,,,0,55,,3892,,,0,15,,3893,,,0,15,,3894,,,0,15,,3932,,,0,55,,3918,,,0,15,,3926,,,0,15,,3915,,,0,15,,3895,,,0,55,,3911,,,0,16,,3896,,,0,15,,3897,,,0,15,,3910,,,0,56,,3898,,,0,14,,3919,,,0,15,,3899,,,0,15,,3909,,,0,63,,3900,,,0,12,,3923,,,0,19,,3901,,,0,53,,3902,,,0,17,,3903,,,0,30,,3922,,,0,70,,3937,,,0,30,,3912,,,0,70,,3908,,,0,30,,3917,,,0,70,,3877,,,0,30,,3875,,,0
600,'Holiday21111111',915,,4044,4,,0,106,,4045,4,,0,100,,4046,4,,0,100,,4047,4,,0,100,,4048,4,,0,100,,4049,4,,0,102,,4050,4,,0,100,,4051,4,,0,100,,4052,4,,0,100,,4053,4,,0,101,,4054,4,,0,103,,4055,4,,0
600,'Saturday',815,,4070,4,,0,100,,4069,4,,0,106,,4068,4,,0,100,,4067,4,,0,100,,4066,4,,0,100,,4065,4,,0,100,,4064,4,,0,100,,4063,4,,0,100,,4062,4,,0,100,,4061,4,,0,100,,4060,4,,0,100,,4059,4,,0,100,,4058,4,,0,100,,4057,4,,0,100,,4056,4,,0
600,'Sunday',915,,4071,4,,0,106,,4072,4,,0,100,,4073,4,,0,100,,4074,4,,0,100,,4075,4,,0,100,,4076,4,,0,102,,4077,4,,0,100,,4078,4,,0,100,,4079,4,,0,100,,4080,4,,0,100,,4081,4,,0,100,,4082,4,,0
600,'Weekday',624,,4083,4,,0,30,,4084,4,,0,70,,4085,4,,0,32,,4086,4,,0,65,,4087,4,,0,35,,4088,4,,0,70,,4089,4,,0,28,,4090,4,,0,70,,4091,4,,0,30,,4092,4,,0,70,,4093,4,,0,30,,4094,4,,0,70,,4095,4,,0,30,,4096,4,,0,70,,4097,4,,0,30,,4098,4,,0,70,,4099,4,,0,25,,4100,4,,0,77,,4101,4,,0,30,,4102,4,,0,71,,4103,4,,0,30,,4104,4,,0,74,,4105,4,,0,70,,4106,4,,0,26,,4107,4,,0,30,,4108,4,,0,66,,4109,4,,0,30,,4110,4,,0,70,,4111,4,,0,100,,4112,4,,0,100,,4113,4,,0
601,'Holiday21111111',816,,4114,,,0,100,,4115,,,0,113,,4116,,,0,100,,4117,,,0,100,,4118,,,0,100,,4119,,,0,104,,4120,,,0,100,,4121,,,0,100,,4122,,,0,100,,4123,,,0,100,,4124,,,0,100,,4125,,,0
601,'Saturday',716,,4140,,,0,100,,4139,,,0,100,,4138,,,0,110,,4137,,,0,100,,4136,,,0,100,,4135,,,0,100,,4134,,,0,100,,4133,,,0,100,,4132,,,0,100,,4131,,,0,100,,4130,,,0,100,,4129,,,0,100,,4128,,,0,100,,4127,,,0,100,,4126,,,0
601,'Sunday',816,,4141,,,0,100,,4142,,,0,113,,4143,,,0,100,,4144,,,0,100,,4145,,,0,100,,4146,,,0,104,,4147,,,0,100,,4148,,,0,100,,4149,,,0,100,,4150,,,0,100,,4151,,,0,100,,4152,,,0
601,'Weekday',525,,4153,,,0,100,,4154,,,0,30,,4155,,,0,70,,4156,,,0,75,,4157,,,0,30,,4158,,,0,70,,4159,,,0,30,,4160,,,0,25,,4161,,,0,70,,4162,,,0,30,,4163,,,0,70,,4164,,,0,30,,4165,,,0,70,,4166,,,0,30,,4167,,,0,70,,4168,,,0,30,,4169,,,0,70,,4170,,,0,33,,4171,,,0,70,,4172,,,0,30,,4173,,,0,70,,4174,,,0,30,,4175,,,0,74,,4176,,,0,70,,4177,,,0,30,,4178,,,0,70,,4179,,,0,26,,4180,,,0,100,,4181,,,0,100,,4182,,,0
1100,'Holiday21111111',811,,4604,4,,0,30,,4605,4,,0,70,,4588,4,,0,30,,4589,4,,0,70,,4587,4,,0,30,,4590,4,,0,70,,4586,4,,0,30,,4591,4,,0,70,,4585,4,,0,30,,4592,4,,0,70,,4584,4,,0,30,,4593,4,,0,70,,4583,4,,0,30,,4594,4,,0,70,,4582,4,,0,30,,4595,4,,0,70,,4581,4,,0,30,,4596,4,,0,70,,4580,4,,0,30,,4597,4,,0,70,,4579,4,,0,30,,4598,4,,0,70,,4578,4,,0,30,,4599,4,,0,70,,4600,4,,0,30,,4601,4,,0,70,,4602,4,,0,30,,4603,4,,0
1100,'Saturday',811,,4606,4,,0,30,,4621,4,,0,70,,4607,4,,0,30,,4622,4,,0,70,,4608,4,,0,30,,4623,4,,0,70,,4609,4,,0,30,,4624,4,,0,70,,4610,4,,0,30,,4625,4,,0,70,,4611,4,,0,30,,4626,4,,0,70,,4612,4,,0,30,,4627,4,,0,70,,4613,4,,0,30,,4628,4,,0,70,,4614,4,,0,30,,4629,4,,0,70,,4615,4,,0,30,,4630,4,,0,70,,4616,4,,0,30,,4631,4,,0,70,,4617,4,,0,30,,4632,4,,0,70,,4618,4,,0,30,,4633,4,,0,70,,4619,4,,0,30,,4634,4,,0,70,,4620,4,,0
1100,'Sunday',811,,4661,4,,0,30,,4662,4,,0,70,,4645,4,,0,30,,4646,4,,0,70,,4644,4,,0,30,,4647,4,,0,70,,4643,4,,0,30,,4648,4,,0,70,,4642,4,,0,30,,4649,4,,0,70,,4641,4,,0,30,,4650,4,,0,70,,4640,4,,0,30,,4651,4,,0,70,,4639,4,,0,30,,4652,4,,0,70,,4638,4,,0,30,,4653,4,,0,70,,4637,4,,0,30,,4654,4,,0,70,,4636,4,,0,30,,4655,4,,0,70,,4635,4,,0,30,,4656,4,,0,70,,4657,4,,0,30,,4658,4,,0,70,,4659,4,,0,30,,4660,4,,0
1100,'Weekday',542,,4663,4,,0,61,,4664,4,,0,23,,4665,4,,0,10,,4718,4,,0,23,,4666,4,,0,50,,4719,4,,0,15,,4667,4,,0,15,,4668,4,,0,15,,4669,4,,0,55,,4670,4,,0,17,,4671,4,,0,18,,4672,4,,0,15,,4673,4,,0,55,,4674,4,,0,14,,4707,4,,0,15,,4675,4,,0,15,,4708,4,,0,55,,4676,4,,0,15,,4709,4,,0,15,,4677,4,,0,15,,4710,4,,0,55,,4678,4,,0,15,,4711,4,,0,15,,4679,4,,0,15,,4712,4,,0,55,,4680,4,,0,15,,4713,4,,0,15,,4681,4,,0,15,,4714,4,,0,55,,4682,4,,0,15,,4715,4,,0,15,,4683,4,,0,15,,4716,4,,0,55,,4684,4,,0,19,,4717,4,,0,15,,4685,4,,0,55,,4686,4,,0,15,,4687,4,,0,20,,4688,4,,0,65,,4689,4,,0,15,,4690,4,,0,20,,4691,4,,0,20,,4692,4,,0,55,,4693,4,,0,20,,4694,4,,0,20,,4695,4,,0,60,,4696,4,,0,13,,4697,4,,0,20,,4698,4,,0,70,,4699,4,,0,30,,4700,4,,0,70,,4701,4,,0,28,,4702,4,,0,70,,4703,4,,0,30,,4704,4,,0,70,,4705,4,,0,30,,4706,4,,0
1101,'Holiday21111111',808,,4732,,,0,30,,4731,,,0,70,,4730,,,0,30,,4733,,,0,74,,4729,,,0,30,,4734,,,0,70,,4728,,,0,30,,4735,,,0,70,,4736,,,0,30,,4727,,,0,70,,4737,,,0,30,,4726,,,0,70,,4725,,,0,30,,4738,,,0,70,,4724,,,0,30,,4739,,,0,70,,4740,,,0,30,,4723,,,0,70,,4741,,,0,30,,4722,,,0,70,,4742,,,0,30,,4721,,,0,70,,4720,,,0,30,,4743,,,0,70,,4744,,,0,30,,4745,,,0,70,,4746,,,0
1101,'Saturday',708,,4761,,,0,30,,4762,,,0,70,,4747,,,0,30,,4763,,,0,70,,4748,,,0,30,,4764,,,0,70,,4749,,,0,30,,4765,,,0,70,,4750,,,0,30,,4766,,,0,70,,4751,,,0,30,,4767,,,0,70,,4752,,,0,30,,4768,,,0,70,,4753,,,0,30,,4769,,,0,70,,4754,,,0,30,,4770,,,0,70,,4755,,,0,30,,4771,,,0,70,,4756,,,0,30,,4772,,,0,70,,4757,,,0,30,,4773,,,0,70,,4758,,,0,32,,4774,,,0,70,,4759,,,0,30,,4775,,,0,70,,4760,,,0,30,,4776,,,0
1101,'Sunday',808,,4789,,,0,30,,4788,,,0,70,,4787,,,0,30,,4790,,,0,70,,4786,,,0,30,,4791,,,0,70,,4785,,,0,30,,4792,,,0,70,,4793,,,0,30,,4784,,,0,70,,4794,,,0,30,,4783,,,0,70,,4782,,,0,30,,4795,,,0,70,,4781,,,0,30,,4796,,,0,70,,4797,,,0,30,,4780,,,0,70,,4798,,,0,30,,4779,,,0,70,,4799,,,0,30,,4778,,,0,70,,4777,,,0,32,,4800,,,0,70,,4801,,,0,30,,4802,,,0,70,,4803,,,0
1101,'Weekday',504,,4804,,,0,30,,4805,,,0,66,,4806,,,0,13,,4858,,,0,15,,4807,,,0,15,,4859,,,0,15,,4808,,,0,55,,4809,,,0,15,,4810,,,0,15,,4811,,,0,15,,4812,,,0,55,,4813,,,0,12,,4814,,,0,18,,4815,,,0,15,,4849,,,0,57,,4816,,,0,15,,4850,,,0,15,,4817,,,0,55,,4851,,,0,15,,4818,,,0,15,,4852,,,0,15,,4819,,,0,55,,4853,,,0,15,,4820,,,0,15,,4854,,,0,15,,4821,,,0,55,,4855,,,0,15,,4822,,,0,15,,4856,,,0,15,,4823,,,0,55,,4857,,,0,15,,4824,,,0,15,,4847,,,0,15,,4825,,,0,55,,4848,,,0,15,,4826,,,0,20,,4827,,,0,18,,4828,,,0,55,,4829,,,0,20,,4830,,,0,15,,4831,,,0,60,,4832,,,0,20,,4833,,,0,20,,4834,,,0,60,,4835,,,0,20,,4836,,,0,20,,4837,,,0,72,,4838,,,0,30,,4839,,,0,70,,4840,,,0,30,,4841,,,0,70,,4842,,,0,30,,4843,,,0,70,,4844,,,0,30,,4845,,,0,70,,4846,,,0
2500,'Holiday21111111',805,,5100,4,,0,30,,5112,4,,0,70,,5101,4,,0,30,,5113,4,,0,75,,5102,4,,0,30,,5114,4,,0,70,,5103,4,,0,30,,5115,4,,0,70,,5104,4,,0,30,,5116,4,,0,70,,5105,4,,0,30,,5117,4,,0,70,,5106,4,,0,30,,5118,4,,0,70,,5107,4,,0,30,,5119,4,,0,70,,5108,4,,0,30,,5120,4,,0,70,,5109,4,,0,30,,5121,4,,0,70,,5110,4,,0,30,,5122,4,,0,70,,5111,4,,0,30,,5123,4,,0,70,,5124,4,,0,30,,5125,4,,0,70,,5126,4,,0,30,,5127,4,,0
2500,'Saturday',735,,5141,4,,0,70,,5140,4,,0,30,,5142,4,,0,70,,5139,4,,0,30,,5143,4,,0,70,,5138,4,,0,30,,5144,4,,0,70,,5137,4,,0,30,,5145,4,,0,70,,5136,4,,0,30,,5146,4,,0,70,,5135,4,,0,30,,5147,4,,0,70,,5134,4,,0,30,,5148,4,,0,70,,5133,4,,0,30,,5149,4,,0,70,,5132,4,,0,30,,5150,4,,0,70,,5131,4,,0,30,,5151,4,,0,70,,5130,4,,0,32,,5152,4,,0,70,,5129,4,,0,30,,5153,4,,0,70,,5128,4,,0,30,,5154,4,,0,70,,5156,4,,0,30,,5155,4,,0,70,,5157,4,,0
2500,'Sunday',805,,5158,4,,0,30,,5170,4,,0,70,,5159,4,,0,30,,5171,4,,0,70,,5160,4,,0,30,,5172,4,,0,70,,5161,4,,0,30,,5173,4,,0,70,,5162,4,,0,30,,5174,4,,0,70,,5163,4,,0,30,,5175,4,,0,70,,5164,4,,0,30,,5176,4,,0,70,,5165,4,,0,30,,5177,4,,0,70,,5166,4,,0,30,,5178,4,,0,70,,5167,4,,0,30,,5179,4,,0,70,,5168,4,,0,32,,5180,4,,0,70,,5169,4,,0,30,,5181,4,,0,70,,5182,4,,0,30,,5183,4,,0,70,,5184,4,,0,30,,5185,4,,0
2500,'Weekday',528,,5186,4,,0,28,,5187,4,,0,67,,5188,4,,0,30,,5189,4,,0,66,,5190,4,,0,15,,5191,4,,0,15,,5192,4,,0,55,,5193,4,,0,15,,5194,4,,0,20,,5195,4,,0,15,,5196,4,,0,55,,5197,4,,0,30,,5198,4,,0,70,,5199,4,,0,30,,5200,4,,0,70,,5201,4,,0,30,,5202,4,,0,70,,5203,4,,0,30,,5204,4,,0,70,,5205,4,,0,30,,5206,4,,0,70,,5207,4,,0,33,,5208,4,,0,13,,5209,4,,0,55,,5210,4,,0,15,,5211,4,,0,15,,5212,4,,0,15,,5213,4,,0,55,,5214,4,,0,15,,5215,4,,0,15,,5216,4,,0,15,,5217,4,,0,55,,5218,4,,0,15,,5219,4,,0,15,,5220,4,,0,15,,5221,4,,0,57,,5222,4,,0,28,,5223,4,,0,70,,5224,4,,0,30,,5225,4,,0,70,,5226,4,,0,30,,5227,4,,0,70,,5228,4,,0,30,,5229,4,,0,70,,5230,4,,0,28,,5231,4,,0,70,,5232,4,,0,30,,5233,4,,0
2501,'Holiday21111111',743,,5245,,,0,70,,5234,,,0,30,,5246,,,0,70,,5235,,,0,30,,5247,,,0,70,,5236,,,0,30,,5248,,,0,70,,5237,,,0,30,,5249,,,0,70,,5238,,,0,30,,5250,,,0,70,,5239,,,0,30,,5251,,,0,70,,5240,,,0,30,,5252,,,0,70,,5241,,,0,30,,5253,,,0,70,,5242,,,0,30,,5254,,,0,70,,5243,,,0,30,,5255,,,0,70,,5244,,,0,30,,5256,,,0,70,,5257,,,0,30,,5258,,,0,70,,5259,,,0,30,,5260,,,0,70,,5261,,,0
2501,'Saturday',713,,5274,,,0,30,,5275,,,0,70,,5273,,,0,30,,5276,,,0,70,,5272,,,0,30,,5277,,,0,70,,5271,,,0,30,,5278,,,0,70,,5270,,,0,30,,5279,,,0,70,,5269,,,0,30,,5280,,,0,70,,5268,,,0,30,,5281,,,0,70,,5267,,,0,30,,5282,,,0,70,,5266,,,0,30,,5283,,,0,70,,5265,,,0,30,,5284,,,0,70,,5264,,,0,30,,5285,,,0,70,,5263,,,0,30,,5286,,,0,70,,5262,,,0,30,,5287,,,0,70,,5289,,,0,30,,5288,,,0,70,,5290,,,0,30,,5291,,,0
2501,'Sunday',743,,5303,,,0,70,,5292,,,0,30,,5304,,,0,70,,5293,,,0,30,,5305,,,0,70,,5294,,,0,30,,5306,,,0,70,,5295,,,0,30,,5307,,,0,70,,5296,,,0,30,,5308,,,0,70,,5297,,,0,30,,5309,,,0,70,,5298,,,0,30,,5310,,,0,70,,5299,,,0,30,,5311,,,0,70,,5300,,,0,30,,5312,,,0,70,,5301,,,0,30,,5313,,,0,70,,5302,,,0,30,,5314,,,0,70,,5315,,,0,30,,5316,,,0,70,,5317,,,0,30,,5318,,,0,70,,5319,,,0
2501,'Weekday',508,,5320,,,0,35,,5321,,,0,63,,5322,,,0,25,,5323,,,0,71,,5324,,,0,15,,5325,,,0,15,,5326,,,0,15,,5327,,,0,56,,5328,,,0,15,,5329,,,0,15,,5330,,,0,16,,5331,,,0,70,,5332,,,0,30,,5333,,,0,70,,5334,,,0,30,,5335,,,0,70,,5336,,,0,30,,5337,,,0,70,,5338,,,0,30,,5339,,,0,70,,5340,,,0,30,,5341,,,0,68,,5342,,,0,15,,5343,,,0,15,,5344,,,0,55,,5345,,,0,15,,5346,,,0,15,,5347,,,0,15,,5348,,,0,55,,5349,,,0,15,,5350,,,0,15,,5351,,,0,15,,5352,,,0,55,,5353,,,0,15,,5354,,,0,15,,5355,,,0,15,,5356,,,0,72,,5357,,,0,30,,5358,,,0,70,,5359,,,0,30,,5360,,,0,70,,5361,,,0,30,,5362,,,0,70,,5363,,,0,30,,5364,,,0,70,,5365,,,0,30,,5366,,,0,68,,5367,,,0
5200,'Saturday',2318,,5395,,,0,97,,5396,,,0,95,,5394,,,0
5200,'Weekday',2318,,5399,,,0,97,,5398,,,0,95,,5397,,,0
