201,'Holiday21111111',801,,3527,37,4,,0,100,,3528,37,4,,0,30,,3551,37,4,,0,70,,3529,37,4,,0,31,,3540,37,4,,0,70,,3530,37,4,,0,30,,3541,37,4,,0,70,,3531,37,4,,0,30,,3542,37,4,,0,70,,3532,37,4,,0,30,,3543,37,4,,0,70,,3533,37,4,,0,30,,3544,37,4,,0,70,,3534,37,4,,0,30,,3545,37,4,,0,70,,3535,37,4,,0,30,,3546,37,4,,0,70,,3536,37,4,,0,30,,3547,37,4,,0,70,,3537,37,4,,0,31,,3548,37,4,,0,70,,3538,37,4,,0,30,,3549,37,4,,0,73,,3539,37,4,,0,30,,3550,37,4,,0,70,,3553,37,4,,0,30,,3554,37,4,,0,70,,3552,37,4,,0
201,'Saturday',701,,3555,37,4,,0,100,,3556,37,4,,0,100,,3557,37,4,,0,30,,3585,37,4,,0,70,,3558,37,4,,0,31,,3572,37,4,,0,20,,3559,37,4,,0,60,,3586,37,4,,0,20,,3573,37,4,,0,20,,3560,37,4,,0,60,,3587,37,4,,0,25,,3574,37,4,,0,20,,3561,37,4,,0,60,,3588,37,4,,0,20,,3575,37,4,,0,20,,3562,37,4,,0,60,,3589,37,4,,0,20,,3576,37,4,,0,20,,3563,37,4,,0,65,,3590,37,4,,0,20,,3577,37,4,,0,60,,3564,37,4,,0,20,,3591,37,4,,0,20,,3578,37,4,,0,60,,3565,37,4,,0,20,,3592,37,4,,0,20,,3579,37,4,,0,60,,3566,37,4,,0,29,,3580,37,4,,0,70,,3567,37,4,,0,30,,3581,37,4,,0,70,,3568,37,4,,0,30,,3582,37,4,,0,70,,3569,37,4,,0,30,,3583,37,4,,0,70,,3570,37,4,,0,30,,3584,37,4,,0
201,'Sunday',801,,3593,37,4,,0,100,,3594,37,4,,0,30,,3617,37,4,,0,70,,3595,37,4,,0,31,,3606,37,4,,0,20,,3596,37,4,,0,60,,3626,37,4,,0,20,,3607,37,4,,0,20,,3597,37,4,,0,60,,3627,37,4,,0,25,,3608,37,4,,0,20,,3598,37,4,,0,60,,3625,37,4,,0,20,,3609,37,4,,0,20,,3599,37,4,,0,60,,3623,37,4,,0,20,,3610,37,4,,0,20,,3600,37,4,,0,65,,3621,37,4,,0,20,,3611,37,4,,0,60,,3601,37,4,,0,20,,3622,37,4,,0,20,,3612,37,4,,0,60,,3602,37,4,,0,20,,3624,37,4,,0,20,,3613,37,4,,0,60,,3603,37,4,,0,29,,3614,37,4,,0,70,,3604,37,4,,0,30,,3615,37,4,,0,70,,3605,37,4,,0,30,,3616,37,4,,0,70,,3618,37,4,,0,30,,3619,37,4,,0,70,,3620,37,4,,0
201,'Weekday',530,,3652,37,4,,0,29,,3653,37,4,,0,68,,3654,37,4,,0,15,,3655,37,4,,0,15,,3629,37,4,,0,55,,3656,37,4,,0,15,,3657,37,4,,0,15,,3630,37,4,,0,15,,3658,37,4,,0,55,,3631,37,4,,0,15,,3632,37,4,,0,17,,3659,37,4,,0,15,,3660,37,4,,0,55,,3661,37,4,,0,15,,3633,37,4,,0,15,,3662,37,4,,0,58,,3634,37,4,,0,15,,3663,37,4,,0,15,,3664,37,4,,0,15,,3665,37,4,,0,55,,3666,37,4,,0,15,,3635,37,4,,0,16,,3667,37,4,,0,17,,3668,37,4,,0,55,,3636,37,4,,0,15,,3669,37,4,,0,15,,3670,37,4,,0,15,,3637,37,4,,0,55,,3671,37,4,,0,15,,3638,37,4,,0,15,,3672,37,4,,0,15,,3639,37,4,,0,55,,3640,37,4,,0,13,,3673,37,4,,0,17,,3674,37,4,,0,15,,3641,37,4,,0,55,,3675,37,4,,0,17,,3676,37,4,,0,18,,3677,37,4,,0,15,,3678,37,4,,0,55,,3642,37,4,,0,15,,3679,37,4,,0,13,,3643,37,4,,0,15,,3680,37,4,,0,55,,3644,37,4,,0,15,,3681,37,4,,0,16,,3682,37,4,,0,14,,3683,37,4,,0,54,,3684,37,4,,0,15,,3685,37,4,,0,11,,3645,37,4,,0,15,,3686,37,4,,0,58,,3646,37,4,,0,30,,3648,37,4,,0,70,,3650,37,4,,0,29,,3687,37,4,,0,70,,3649,37,4,,0,30,,3647,37,4,,0,70,,3651,37,4,,0,30,,3688,37,4,,0,70,,3628,37,4,,0
300,'Holiday21111111',803,,3689,1,,,0,100,,3690,1,,,0,30,,3702,1,,,0,70,,3691,1,,,0,30,,3703,1,,,0,70,,3692,1,,,0,30,,3704,1,,,0,70,,3693,1,,,0,30,,3705,1,,,0,70,,3694,1,,,0,30,,3706,1,,,0,70,,3695,1,,,0,30,,3707,1,,,0,70,,3696,1,,,0,30,,3708,1,,,0,70,,3697,1,,,0,30,,3709,1,,,0,70,,3698,1,,,0,30,,3710,1,,,0,70,,3699,1,,,0,32,,3711,1,,,0,71,,3700,1,,,0,29,,3712,1,,,0,73,,3701,1,,,0,30,,3713,1,,,0,70,,3714,1,,,0
300,'Saturday',703,,3715,1,,,0,100,,3716,1,,,0,100,,3717,1,,,0,30,,3731,1,,,0,70,,3718,1,,,0,30,,3732,1,,,0,20,,3719,1,,,0,60,,3744,1,,,0,20,,3733,1,,,0,20,,3720,1,,,0,60,,3745,1,,,0,25,,3734,1,,,0,20,,3721,1,,,0,60,,3746,1,,,0,20,,3735,1,,,0,20,,3722,1,,,0,60,,3747,1,,,0,20,,3736,1,,,0,20,,3723,1,,,0,65,,3748,1,,,0,20,,3737,1,,,0,60,,3724,1,,,0,20,,3749,1,,,0,20,,3738,1,,,0,60,,3725,1,,,0,30,,3739,1,,,0,70,,3726,1,,,0,30,,3740,1,,,0,70,,3727,1,,,0,30,,3741,1,,,0,70,,3728,1,,,0,30,,3742,1,,,0,70,,3729,1,,,0,30,,3743,1,,,0,70,,3730,1,,,0
300,'Sunday',803,,3750,1,,,0,100,,3751,1,,,0,30,,3763,1,,,0,70,,3752,1,,,0,30,,3764,1,,,0,20,,3753,1,,,0,60,,3776,1,,,0,20,,3765,1,,,0,20,,3754,1,,,0,60,,3777,1,,,0,25,,3766,1,,,0,20,,3755,1,,,0,60,,3778,1,,,0,20,,3767,1,,,0,20,,3756,1,,,0,60,,3781,1,,,0,20,,3768,1,,,0,20,,3757,1,,,0,65,,3779,1,,,0,20,,3769,1,,,0,60,,3758,1,,,0,20,,3780,1,,,0,20,,3770,1,,,0,60,,3759,1,,,0,30,,3771,1,,,0,70,,3760,1,,,0,30,,3772,1,,,0,70,,3761,1,,,0,30,,3773,1,,,0,70,,3762,1,,,0,30,,3774,1,,,0,70,,3775,1,,,0
300,'Weekday',531,,3782,1,,,0,71,,3824,1,,,0,14,,3825,1,,,0,15,,3784,1,,,0,15,,3785,1,,,0,54,,3786,1,,,0,17,,3826,1,,,0,13,,3827,1,,,0,15,,3787,1,,,0,55,,3788,1,,,0,15,,3789,1,,,0,15,,3790,1,,,0,15,,3791,1,,,0,57,,3828,1,,,0,15,,3792,1,,,0,15,,3829,1,,,0,15,,3793,1,,,0,60,,3794,1,,,0,18,,3795,1,,,0,15,,3796,1,,,0,15,,3830,1,,,0,55,,3797,1,,,0,15,,3798,1,,,0,15,,3799,1,,,0,15,,3831,1,,,0,55,,3800,1,,,0,15,,3832,1,,,0,15,,3801,1,,,0,15,,3802,1,,,0,55,,3833,1,,,0,15,,3834,1,,,0,15,,3835,1,,,0,15,,3836,1,,,0,54,,3837,1,,,0,15,,3803,1,,,0,15,,3804,1,,,0,15,,3805,1,,,0,55,,3806,1,,,0,15,,3807,1,,,0,17,,3838,1,,,0,15,,3808,1,,,0,55,,3839,1,,,0,15,,3840,1,,,0,14,,3809,1,,,0,15,,3810,1,,,0,55,,3811,1,,,0,15,,3841,1,,,0,15,,3842,1,,,0,15,,3819,1,,,0,54,,3818,1,,,0,15,,3812,1,,,0,15,,3822,1,,,0,14,,3817,1,,,0,56,,3813,1,,,0,30,,3814,1,,,0,70,,3823,1,,,0,29,,3816,1,,,0,71,,3821,1,,,0,30,,3820,1,,,0,70,,3815,1,,,0,30,,3783,1,,,0
401,'Holiday21111111',1102,,4065,44,,,0,100,,4061,44,,,0,100,,4058,44,,,0,100,,4062,44,,,0,100,,4059,44,,,0,100,,4063,44,,,0,100,,4060,44,,,0,98,,4064,44,,,0
401,'Saturday',1002,,4066,44,,,0,100,,4071,44,,,0,100,,4067,44,,,0,100,,4072,44,,,0,100,,4068,44,,,0,100,,4073,44,,,0,100,,4069,44,,,0,100,,4074,44,,,0,98,,4070,44,,,0,100,,4075,44,,,0,100,,4076,44,,,0
401,'Sunday',1102,,4084,44,,,0,100,,4080,44,,,0,100,,4077,44,,,0,100,,4081,44,,,0,100,,4078,44,,,0,100,,4082,44,,,0,100,,4079,44,,,0,98,,4083,44,,,0
401,'Weekday',559,,4092,44,,,0,100,,4099,44,,,0,71,,4110,44,,,0,74,,4091,44,,,0,26,,4100,44,,,0,70,,4098,44,,,0,30,,4101,44,,,0,70,,4090,44,,,0,30,,4102,44,,,0,70,,4097,44,,,0,30,,4103,44,,,0,70,,4089,44,,,0,30,,4104,44,,,0,70,,4096,44,,,0,30,,4105,44,,,0,70,,4088,44,,,0,30,,4106,44,,,0,70,,4095,44,,,0,31,,4107,44,,,0,71,,4087,44,,,0,31,,4108,44,,,0,69,,4094,44,,,0,29,,4109,44,,,0,71,,4086,44,,,0,98,,4093,44,,,0,59,,4085,44,,,0
1001,'Holiday21111111',812,,4473,48,,,0,30,,4490,48,,,0,70,,4491,48,,,0,32,,4489,48,,,0,71,,4471,48,,,0,30,,4476,48,,,0,55,,4475,48,,,0,15,,4477,48,,,0,15,,4478,48,,,0,15,,4479,48,,,0,55,,4480,48,,,0,15,,4481,48,,,0,15,,4482,48,,,0,15,,4483,48,,,0,55,,4484,48,,,0,15,,4485,48,,,0,15,,4486,48,,,0,15,,4487,48,,,0,55,,4488,48,,,0,15,,4474,48,,,0,15,,4472,48,,,0,15,,4466,48,,,0,55,,4449,48,,,0,15,,4459,48,,,0,15,,4461,48,,,0,15,,4464,48,,,0,55,,4454,48,,,0,15,,4468,48,,,0,15,,4458,48,,,0,15,,4462,48,,,0,55,,4450,48,,,0,15,,4455,48,,,0,15,,4469,48,,,0,15,,4457,48,,,0,10,,4463,48,,,0,59,,4456,48,,,0,30,,4452,48,,,0,70,,4467,48,,,0,28,,4451,48,,,0,69,,4460,48,,,0,30,,4470,48,,,0,70,,4453,48,,,0,30,,4465,48,,,0
1001,'Saturday',742,,4534,48,,,0,70,,4535,48,,,0,30,,4536,48,,,0,70,,4537,48,,,0,32,,4538,48,,,0,56,,4540,48,,,0,15,,4539,48,,,0,15,,4541,48,,,0,15,,4525,48,,,0,55,,4533,48,,,0,15,,4510,48,,,0,15,,4517,48,,,0,15,,4498,48,,,0,55,,4526,48,,,0,15,,4507,48,,,0,15,,4511,48,,,0,15,,4518,48,,,0,55,,4499,48,,,0,15,,4527,48,,,0,15,,4522,48,,,0,15,,4512,48,,,0,55,,4519,48,,,0,15,,4500,48,,,0,15,,4528,48,,,0,15,,4521,48,,,0,55,,4513,48,,,0,15,,4506,48,,,0,15,,4501,48,,,0,15,,4529,48,,,0,55,,4508,48,,,0,15,,4514,48,,,0,15,,4505,48,,,0,15,,4502,48,,,0,55,,4530,48,,,0,15,,4523,48,,,0,15,,4515,48,,,0,15,,4520,48,,,0,55,,4503,48,,,0,15,,4531,48,,,0,14,,4524,48,,,0,15,,4516,48,,,0,15,,4509,48,,,0,55,,4504,48,,,0,28,,4532,48,,,0,69,,4492,48,,,0,30,,4496,48,,,0,70,,4494,48,,,0,30,,4493,48,,,0,70,,4497,48,,,0,30,,4495,48,,,0
1001,'Sunday',812,,4566,48,,,0,30,,4583,48,,,0,70,,4584,48,,,0,32,,4582,48,,,0,71,,4564,48,,,0,30,,4569,48,,,0,55,,4568,48,,,0,15,,4570,48,,,0,15,,4571,48,,,0,15,,4572,48,,,0,55,,4573,48,,,0,15,,4574,48,,,0,15,,4575,48,,,0,15,,4576,48,,,0,55,,4577,48,,,0,15,,4578,48,,,0,15,,4579,48,,,0,15,,4580,48,,,0,55,,4581,48,,,0,15,,4567,48,,,0,15,,4565,48,,,0,15,,4559,48,,,0,55,,4542,48,,,0,15,,4552,48,,,0,15,,4554,48,,,0,15,,4557,48,,,0,55,,4547,48,,,0,15,,4561,48,,,0,15,,4551,48,,,0,15,,4555,48,,,0,55,,4543,48,,,0,15,,4548,48,,,0,15,,4562,48,,,0,15,,4550,48,,,0,10,,4556,48,,,0,59,,4549,48,,,0,30,,4545,48,,,0,70,,4560,48,,,0,28,,4544,48,,,0,69,,4553,48,,,0,30,,4563,48,,,0,70,,4546,48,,,0,30,,4558,48,,,0
1001,'Weekday',540,,4585,48,,,0,70,,4586,48,,,0,30,,4587,48,,,0,15,,4620,48,,,0,55,,4588,48,,,0,17,,4621,48,,,0,15,,4589,48,,,0,15,,4622,48,,,0,55,,4590,48,,,0,15,,4623,48,,,0,18,,4591,48,,,0,55,,4624,48,,,0,15,,4592,48,,,0,16,,4625,48,,,0,15,,4593,48,,,0,55,,4626,48,,,0,15,,4594,48,,,0,15,,4627,48,,,0,15,,4595,48,,,0,55,,4628,48,,,0,15,,4596,48,,,0,15,,4629,48,,,0,15,,4597,48,,,0,55,,4630,48,,,0,15,,4598,48,,,0,15,,4631,48,,,0,15,,4599,48,,,0,55,,4632,48,,,0,15,,4600,48,,,0,15,,4633,48,,,0,15,,4601,48,,,0,55,,4634,48,,,0,15,,4602,48,,,0,17,,4635,48,,,0,15,,4603,48,,,0,55,,4636,48,,,0,15,,4604,48,,,0,15,,4637,48,,,0,12,,4605,48,,,0,55,,4638,48,,,0,15,,4606,48,,,0,15,,4639,48,,,0,15,,4607,48,,,0,55,,4640,48,,,0,12,,4608,48,,,0,15,,4641,48,,,0,15,,4609,48,,,0,16,,4642,48,,,0,56,,4610,48,,,0,13,,4643,48,,,0,15,,4611,48,,,0,15,,4644,48,,,0,58,,4612,48,,,0,30,,4613,48,,,0,70,,4614,48,,,0,30,,4615,48,,,0,70,,4616,48,,,0,28,,4617,48,,,0,70,,4618,48,,,0,30,,4619,48,,,0
