400,'Holiday21111111',1153,,1203,29,,,0,100,,1207,29,,,0,100,,1204,29,,,0,100,,1208,29,,,0,100,,1205,29,,,0,100,,1209,29,,,0,100,,1206,29,,,0
400,'Saturday',853,,1210,29,,,0,100,,1216,29,,,0,100,,1211,29,,,0,100,,1217,29,,,0,100,,1212,29,,,0,100,,1218,29,,,0,100,,1213,29,,,0,100,,1219,29,,,0,100,,1214,29,,,0,100,,1220,29,,,0,100,,1215,29,,,0,100,,1221,29,,,0,99,,1222,29,,,0
400,'Sunday',1153,,1223,29,,,0,100,,1227,29,,,0,100,,1224,29,,,0,100,,1228,29,,,0,100,,1225,29,,,0,100,,1229,29,,,0,100,,1226,29,,,0
400,'Weekday',555,,1245,29,,,0,100,,1237,29,,,0,100,,1244,29,,,0,67,,1246,29,,,0,35,,1236,29,,,0,69,,1247,29,,,0,30,,1243,29,,,0,70,,1248,29,,,0,30,,1235,29,,,0,70,,1249,29,,,0,30,,1242,29,,,0,70,,1250,29,,,0,30,,1234,29,,,0,70,,1251,29,,,0,30,,1241,29,,,0,71,,1252,29,,,0,30,,1233,29,,,0,70,,1253,29,,,0,30,,1240,29,,,0,69,,1254,29,,,0,30,,1232,29,,,0,71,,1255,29,,,0,31,,1239,29,,,0,100,,1231,29,,,0,97,,1238,29,,,0,100,,1230,29,,,0
1000,'Holiday21111111',815,,1490,16,,,0,30,,1484,16,,,0,70,,1489,16,,,0,27,,1481,16,,,0,70,,1483,16,,,0,30,,1461,16,,,0,15,,1449,16,,,0,55,,1452,16,,,0,15,,1471,16,,,0,15,,1469,16,,,0,15,,1462,16,,,0,55,,1468,16,,,0,15,,1453,16,,,0,15,,1472,16,,,0,15,,1460,16,,,0,55,,1463,16,,,0,15,,1478,16,,,0,15,,1454,16,,,0,15,,1473,16,,,0,55,,1467,16,,,0,15,,1464,16,,,0,15,,1458,16,,,0,15,,1455,16,,,0,55,,1474,16,,,0,15,,1451,16,,,0,15,,1465,16,,,0,15,,1477,16,,,0,55,,1456,16,,,0,15,,1475,16,,,0,15,,1470,16,,,0,15,,1466,16,,,0,55,,1450,16,,,0,15,,1457,16,,,0,15,,1476,16,,,0,15,,1459,16,,,0,55,,1448,16,,,0,30,,1479,16,,,0,69,,1485,16,,,0,30,,1480,16,,,0,70,,1486,16,,,0,30,,1482,16,,,0,70,,1487,16,,,0,30,,1488,16,,,0
1000,'Saturday',711,,1497,16,,,0,30,,1498,16,,,0,70,,1499,16,,,0,30,,1500,16,,,0,70,,1501,16,,,0,16,,1541,16,,,0,15,,1502,16,,,0,15,,1503,16,,,0,55,,1504,16,,,0,15,,1505,16,,,0,15,,1506,16,,,0,15,,1507,16,,,0,55,,1508,16,,,0,15,,1509,16,,,0,15,,1510,16,,,0,15,,1511,16,,,0,55,,1512,16,,,0,15,,1513,16,,,0,15,,1514,16,,,0,15,,1515,16,,,0,55,,1516,16,,,0,15,,1517,16,,,0,15,,1518,16,,,0,15,,1519,16,,,0,55,,1520,16,,,0,15,,1521,16,,,0,15,,1522,16,,,0,15,,1523,16,,,0,55,,1524,16,,,0,15,,1525,16,,,0,15,,1526,16,,,0,15,,1527,16,,,0,55,,1528,16,,,0,15,,1529,16,,,0,15,,1530,16,,,0,15,,1531,16,,,0,55,,1532,16,,,0,15,,1533,16,,,0,15,,1534,16,,,0,15,,1535,16,,,0,55,,1536,16,,,0,15,,1537,16,,,0,15,,1538,16,,,0,69,,1539,16,,,0,30,,1540,16,,,0,70,,1493,16,,,0,30,,1491,16,,,0,70,,1495,16,,,0,30,,1494,16,,,0,70,,1492,16,,,0,30,,1496,16,,,0
1000,'Sunday',815,,1584,16,,,0,30,,1578,16,,,0,70,,1583,16,,,0,27,,1575,16,,,0,70,,1577,16,,,0,30,,1555,16,,,0,15,,1543,16,,,0,55,,1546,16,,,0,15,,1565,16,,,0,15,,1563,16,,,0,15,,1556,16,,,0,55,,1562,16,,,0,15,,1547,16,,,0,15,,1566,16,,,0,15,,1554,16,,,0,55,,1557,16,,,0,15,,1572,16,,,0,15,,1548,16,,,0,15,,1567,16,,,0,55,,1561,16,,,0,15,,1558,16,,,0,15,,1552,16,,,0,15,,1549,16,,,0,55,,1568,16,,,0,15,,1545,16,,,0,15,,1559,16,,,0,15,,1571,16,,,0,55,,1550,16,,,0,15,,1569,16,,,0,15,,1564,16,,,0,15,,1560,16,,,0,55,,1544,16,,,0,15,,1551,16,,,0,15,,1570,16,,,0,15,,1553,16,,,0,55,,1542,16,,,0,30,,1573,16,,,0,69,,1579,16,,,0,30,,1574,16,,,0,70,,1580,16,,,0,30,,1576,16,,,0,70,,1581,16,,,0,30,,1582,16,,,0
1000,'Weekday',504,,1595,16,,,0,30,,1604,16,,,0,66,,1590,16,,,0,27,,1621,16,,,0,15,,1618,16,,,0,17,,1622,16,,,0,54,,1614,16,,,0,14,,1623,16,,,0,15,,1599,16,,,0,15,,1624,16,,,0,52,,1605,16,,,0,17,,1625,16,,,0,15,,1585,16,,,0,15,,1626,16,,,0,55,,1611,16,,,0,15,,1627,16,,,0,15,,1620,16,,,0,15,,1628,16,,,0,55,,1617,16,,,0,15,,1629,16,,,0,15,,1606,16,,,0,15,,1630,16,,,0,55,,1602,16,,,0,15,,1631,16,,,0,15,,1594,16,,,0,15,,1632,16,,,0,58,,1603,16,,,0,12,,1633,16,,,0,15,,1589,16,,,0,15,,1634,16,,,0,55,,1607,16,,,0,15,,1635,16,,,0,15,,1619,16,,,0,15,,1636,16,,,0,56,,1593,16,,,0,15,,1637,16,,,0,15,,1616,16,,,0,17,,1638,16,,,0,55,,1613,16,,,0,15,,1639,16,,,0,15,,1608,16,,,0,56,,1640,16,,,0,12,,1612,16,,,0,16,,1641,16,,,0,14,,1601,16,,,0,58,,1642,16,,,0,15,,1596,16,,,0,15,,1643,16,,,0,15,,1598,16,,,0,55,,1644,16,,,0,13,,1609,16,,,0,15,,1645,16,,,0,12,,1597,16,,,0,15,,1646,16,,,0,55,,1592,16,,,0,30,,1615,16,,,0,70,,1600,16,,,0,30,,1610,16,,,0,70,,1586,16,,,0,30,,1588,16,,,0,69,,1591,16,,,0,30,,1587,16,,,0
5000,'Saturday',2312,,2638,15,,,0,97,,2637,15,,,0,95,,2639,15,,,0
5000,'Weekday',2312,,2641,15,,,0,97,,2640,15,,,0,95,,2642,15,,,0
