400,'Holiday21111111',1224,,1203,81,,,0,100,,1207,81,,,0,100,,1204,81,,,0,100,,1208,81,,,0,100,,1205,81,,,0,100,,1209,81,,,0,100,,1206,81,,,0
400,'Saturday',924,,1210,81,,,0,100,,1216,81,,,0,100,,1211,81,,,0,100,,1217,81,,,0,100,,1212,81,,,0,100,,1218,81,,,0,100,,1213,81,,,0,100,,1219,81,,,0,100,,1214,81,,,0,100,,1220,81,,,0,100,,1215,81,,,0,100,,1221,81,,,0,98,,1222,81,,,0
400,'Sunday',1224,,1223,81,,,0,100,,1227,81,,,0,100,,1224,81,,,0,100,,1228,81,,,0,100,,1225,81,,,0,100,,1229,81,,,0,100,,1226,81,,,0
400,'Weekday',624,,1245,81,,,0,100,,1237,81,,,0,102,,1244,81,,,0,27,,1246,81,,,0,75,,1236,81,,,0,29,,1247,81,,,0,70,,1243,81,,,0,30,,1248,81,,,0,70,,1235,81,,,0,30,,1249,81,,,0,70,,1242,81,,,0,30,,1250,81,,,0,70,,1234,81,,,0,30,,1251,81,,,0,70,,1241,81,,,0,32,,1252,81,,,0,70,,1233,81,,,0,30,,1253,81,,,0,70,,1240,81,,,0,28,,1254,81,,,0,70,,1232,81,,,0,31,,1255,81,,,0,71,,1239,81,,,0,97,,1231,81,,,0,97,,1238,81,,,0,100,,1230,81,,,0
1000,'Holiday21111111',835,,1490,61,,,0,70,,1484,61,,,0,30,,1489,61,,,0,69,,1481,61,,,0,30,,1483,61,,,0,70,,1461,61,,,0,15,,1449,61,,,0,15,,1452,61,,,0,15,,1471,61,,,0,55,,1469,61,,,0,15,,1462,61,,,0,15,,1468,61,,,0,15,,1453,61,,,0,55,,1472,61,,,0,15,,1460,61,,,0,15,,1463,61,,,0,15,,1478,61,,,0,55,,1454,61,,,0,15,,1473,61,,,0,15,,1467,61,,,0,15,,1464,61,,,0,55,,1458,61,,,0,15,,1455,61,,,0,15,,1474,61,,,0,15,,1451,61,,,0,55,,1465,61,,,0,15,,1477,61,,,0,15,,1456,61,,,0,15,,1475,61,,,0,55,,1470,61,,,0,15,,1466,61,,,0,15,,1450,61,,,0,15,,1457,61,,,0,55,,1476,61,,,0,15,,1459,61,,,0,15,,1448,61,,,0,70,,1479,61,,,0,27,,1485,61,,,0,70,,1480,61,,,0,30,,1486,61,,,0,70,,1482,61,,,0,30,,1487,61,,,0,70,,1488,61,,,0
1000,'Saturday',731,,1497,61,,,0,70,,1498,61,,,0,30,,1499,61,,,0,70,,1500,61,,,0,30,,1501,61,,,0,18,,1541,61,,,0,55,,1502,61,,,0,15,,1503,61,,,0,15,,1504,61,,,0,15,,1505,61,,,0,55,,1506,61,,,0,15,,1507,61,,,0,15,,1508,61,,,0,15,,1509,61,,,0,55,,1510,61,,,0,15,,1511,61,,,0,15,,1512,61,,,0,15,,1513,61,,,0,55,,1514,61,,,0,15,,1515,61,,,0,15,,1516,61,,,0,15,,1517,61,,,0,55,,1518,61,,,0,15,,1519,61,,,0,15,,1520,61,,,0,15,,1521,61,,,0,55,,1522,61,,,0,15,,1523,61,,,0,15,,1524,61,,,0,15,,1525,61,,,0,55,,1526,61,,,0,15,,1527,61,,,0,15,,1528,61,,,0,15,,1529,61,,,0,55,,1530,61,,,0,15,,1531,61,,,0,15,,1532,61,,,0,15,,1533,61,,,0,55,,1534,61,,,0,15,,1535,61,,,0,15,,1536,61,,,0,15,,1537,61,,,0,55,,1538,61,,,0,27,,1539,61,,,0,70,,1540,61,,,0,30,,1493,61,,,0,70,,1491,61,,,0,30,,1495,61,,,0,70,,1494,61,,,0,30,,1492,61,,,0,70,,1496,61,,,0
1000,'Sunday',835,,1584,61,,,0,70,,1578,61,,,0,30,,1583,61,,,0,69,,1575,61,,,0,30,,1577,61,,,0,70,,1555,61,,,0,15,,1543,61,,,0,15,,1546,61,,,0,15,,1565,61,,,0,55,,1563,61,,,0,15,,1556,61,,,0,15,,1562,61,,,0,15,,1547,61,,,0,55,,1566,61,,,0,15,,1554,61,,,0,15,,1557,61,,,0,15,,1572,61,,,0,55,,1548,61,,,0,15,,1567,61,,,0,15,,1561,61,,,0,15,,1558,61,,,0,55,,1552,61,,,0,15,,1549,61,,,0,15,,1568,61,,,0,15,,1545,61,,,0,55,,1559,61,,,0,15,,1571,61,,,0,15,,1550,61,,,0,15,,1569,61,,,0,55,,1564,61,,,0,15,,1560,61,,,0,15,,1544,61,,,0,15,,1551,61,,,0,55,,1570,61,,,0,15,,1553,61,,,0,15,,1542,61,,,0,70,,1573,61,,,0,27,,1579,61,,,0,70,,1574,61,,,0,30,,1580,61,,,0,70,,1576,61,,,0,30,,1581,61,,,0,70,,1582,61,,,0
1000,'Weekday',525,,1595,61,,,0,30,,1604,61,,,0,66,,1590,61,,,0,27,,1621,61,,,0,55,,1618,61,,,0,17,,1622,61,,,0,16,,1614,61,,,0,14,,1623,61,,,0,56,,1599,61,,,0,15,,1624,61,,,0,12,,1605,61,,,0,17,,1625,61,,,0,55,,1585,61,,,0,15,,1626,61,,,0,14,,1611,61,,,0,15,,1627,61,,,0,55,,1620,61,,,0,15,,1628,61,,,0,15,,1617,61,,,0,15,,1629,61,,,0,55,,1606,61,,,0,15,,1630,61,,,0,15,,1602,61,,,0,15,,1631,61,,,0,55,,1594,61,,,0,15,,1632,61,,,0,18,,1603,61,,,0,12,,1633,61,,,0,55,,1589,61,,,0,15,,1634,61,,,0,15,,1607,61,,,0,15,,1635,61,,,0,55,,1619,61,,,0,15,,1636,61,,,0,17,,1593,61,,,0,15,,1637,61,,,0,55,,1616,61,,,0,17,,1638,61,,,0,15,,1613,61,,,0,15,,1639,61,,,0,55,,1608,61,,,0,16,,1640,61,,,0,11,,1612,61,,,0,16,,1641,61,,,0,54,,1601,61,,,0,18,,1642,61,,,0,15,,1596,61,,,0,15,,1643,61,,,0,55,,1598,61,,,0,15,,1644,61,,,0,12,,1609,61,,,0,15,,1645,61,,,0,52,,1597,61,,,0,15,,1646,61,,,0,15,,1592,61,,,0,70,,1615,61,,,0,30,,1600,61,,,0,70,,1610,61,,,0,30,,1586,61,,,0,70,,1588,61,,,0,28,,1591,61,,,0,70,,1587,61,,,0
2501,'Holiday21111111',800,,2510,27,,,0,30,,2499,27,,,0,70,,2511,27,,,0,30,,2500,27,,,0,70,,2512,27,,,0,30,,2501,27,,,0,70,,2513,27,,,0,30,,2502,27,,,0,70,,2514,27,,,0,30,,2503,27,,,0,70,,2515,27,,,0,30,,2504,27,,,0,70,,2516,27,,,0,30,,2505,27,,,0,70,,2517,27,,,0,30,,2506,27,,,0,70,,2518,27,,,0,30,,2507,27,,,0,70,,2519,27,,,0,30,,2508,27,,,0,70,,2520,27,,,0,30,,2509,27,,,0,70,,2521,27,,,0,30,,2522,27,,,0,70,,2523,27,,,0,30,,2524,27,,,0,70,,2525,27,,,0,30,,2526,27,,,0
2501,'Saturday',730,,2539,27,,,0,70,,2540,27,,,0,30,,2538,27,,,0,70,,2541,27,,,0,30,,2537,27,,,0,70,,2542,27,,,0,30,,2536,27,,,0,70,,2543,27,,,0,30,,2535,27,,,0,70,,2544,27,,,0,30,,2534,27,,,0,70,,2545,27,,,0,30,,2533,27,,,0,70,,2546,27,,,0,30,,2532,27,,,0,70,,2547,27,,,0,30,,2531,27,,,0,70,,2548,27,,,0,30,,2530,27,,,0,70,,2549,27,,,0,30,,2529,27,,,0,70,,2550,27,,,0,30,,2528,27,,,0,70,,2551,27,,,0,30,,2527,27,,,0,70,,2552,27,,,0,30,,2554,27,,,0,70,,2553,27,,,0,30,,2555,27,,,0,70,,2556,27,,,0
2501,'Sunday',800,,2568,27,,,0,30,,2557,27,,,0,70,,2569,27,,,0,30,,2558,27,,,0,70,,2570,27,,,0,30,,2559,27,,,0,70,,2571,27,,,0,30,,2560,27,,,0,70,,2572,27,,,0,30,,2561,27,,,0,70,,2573,27,,,0,30,,2562,27,,,0,70,,2574,27,,,0,30,,2563,27,,,0,70,,2575,27,,,0,30,,2564,27,,,0,70,,2576,27,,,0,30,,2565,27,,,0,70,,2577,27,,,0,30,,2566,27,,,0,70,,2578,27,,,0,30,,2567,27,,,0,70,,2579,27,,,0,30,,2580,27,,,0,70,,2581,27,,,0,30,,2582,27,,,0,70,,2583,27,,,0,30,,2584,27,,,0
2501,'Weekday',523,,2585,27,,,0,35,,2586,27,,,0,66,,2587,27,,,0,25,,2588,27,,,0,71,,2589,27,,,0,15,,2590,27,,,0,15,,2591,27,,,0,55,,2592,27,,,0,16,,2593,27,,,0,15,,2594,27,,,0,15,,2595,27,,,0,56,,2596,27,,,0,30,,2597,27,,,0,70,,2598,27,,,0,30,,2599,27,,,0,70,,2600,27,,,0,30,,2601,27,,,0,70,,2602,27,,,0,30,,2603,27,,,0,70,,2604,27,,,0,30,,2605,27,,,0,70,,2606,27,,,0,28,,2607,27,,,0,16,,2608,27,,,0,55,,2609,27,,,0,17,,2610,27,,,0,15,,2611,27,,,0,15,,2612,27,,,0,55,,2613,27,,,0,15,,2614,27,,,0,15,,2615,27,,,0,15,,2616,27,,,0,55,,2617,27,,,0,14,,2618,27,,,0,15,,2619,27,,,0,15,,2620,27,,,0,55,,2621,27,,,0,29,,2622,27,,,0,70,,2623,27,,,0,28,,2624,27,,,0,70,,2625,27,,,0,30,,2626,27,,,0,70,,2627,27,,,0,30,,2628,27,,,0,70,,2629,27,,,0,29,,2630,27,,,0,70,,2631,27,,,0,28,,2632,27,,,0
5001,'Saturday',2331,,2644,13,,,0,97,,2643,13,,,0
5001,'Weekday',2331,,2646,13,,,0,97,,2645,13,,,0
