201,'Holiday21111111',747,,6496,23,,,0,100,,6497,23,,,0,70,,6520,23,,,0,30,,6498,23,,,0,70,,6509,23,,,0,30,,6499,23,,,0,70,,6510,23,,,0,30,,6500,23,,,0,70,,6511,23,,,0,30,,6501,23,,,0,70,,6512,23,,,0,30,,6502,23,,,0,70,,6513,23,,,0,30,,6503,23,,,0,70,,6514,23,,,0,30,,6504,23,,,0,70,,6515,23,,,0,30,,6505,23,,,0,70,,6516,23,,,0,30,,6506,23,,,0,72,,6517,23,,,0,30,,6507,23,,,0,70,,6518,23,,,0,33,,6508,23,,,0,70,,6519,23,,,0,30,,6522,23,,,0,70,,6523,23,,,0,30,,6521,23,,,0
201,'Holiday3-505-1111111',647,,6524,23,,,0,100,,6525,23,,,0,100,,6526,23,,,0,70,,6554,23,,,0,30,,6527,23,,,0,71,,6541,23,,,0,20,,6528,23,,,0,20,,6555,23,,,0,60,,6542,23,,,0,20,,6529,23,,,0,20,,6556,23,,,0,65,,6543,23,,,0,20,,6530,23,,,0,60,,6557,23,,,0,20,,6544,23,,,0,20,,6531,23,,,0,60,,6558,23,,,0,20,,6545,23,,,0,20,,6532,23,,,0,65,,6559,23,,,0,20,,6546,23,,,0,20,,6533,23,,,0,60,,6560,23,,,0,20,,6547,23,,,0,20,,6534,23,,,0,60,,6561,23,,,0,20,,6548,23,,,0,20,,6535,23,,,0,69,,6549,23,,,0,30,,6536,23,,,0,70,,6550,23,,,0,30,,6537,23,,,0,70,,6551,23,,,0,30,,6538,23,,,0,70,,6552,23,,,0,30,,6539,23,,,0,70,,6553,23,,,0,30,,6540,23,,,0
201,'Saturday',647,,6562,23,,,0,100,,6563,23,,,0,100,,6564,23,,,0,70,,6592,23,,,0,30,,6565,23,,,0,71,,6579,23,,,0,20,,6566,23,,,0,20,,6593,23,,,0,60,,6580,23,,,0,20,,6567,23,,,0,20,,6594,23,,,0,65,,6581,23,,,0,20,,6568,23,,,0,60,,6595,23,,,0,20,,6582,23,,,0,20,,6569,23,,,0,60,,6596,23,,,0,20,,6583,23,,,0,20,,6570,23,,,0,65,,6597,23,,,0,20,,6584,23,,,0,20,,6571,23,,,0,60,,6598,23,,,0,20,,6585,23,,,0,20,,6572,23,,,0,60,,6599,23,,,0,20,,6586,23,,,0,20,,6573,23,,,0,69,,6587,23,,,0,30,,6574,23,,,0,70,,6588,23,,,0,30,,6575,23,,,0,70,,6589,23,,,0,30,,6576,23,,,0,70,,6590,23,,,0,30,,6577,23,,,0,70,,6591,23,,,0,30,,6578,23,,,0
201,'Sunday',747,,6600,23,,,0,100,,6601,23,,,0,70,,6624,23,,,0,30,,6602,23,,,0,71,,6613,23,,,0,20,,6603,23,,,0,20,,6633,23,,,0,60,,6614,23,,,0,20,,6604,23,,,0,20,,6634,23,,,0,65,,6615,23,,,0,20,,6605,23,,,0,60,,6632,23,,,0,20,,6616,23,,,0,20,,6606,23,,,0,60,,6630,23,,,0,20,,6617,23,,,0,20,,6607,23,,,0,65,,6628,23,,,0,20,,6618,23,,,0,20,,6608,23,,,0,60,,6629,23,,,0,20,,6619,23,,,0,20,,6609,23,,,0,60,,6631,23,,,0,20,,6620,23,,,0,20,,6610,23,,,0,69,,6621,23,,,0,30,,6611,23,,,0,70,,6622,23,,,0,30,,6612,23,,,0,70,,6623,23,,,0,30,,6625,23,,,0,70,,6626,23,,,0,30,,6627,23,,,0
201,'Weekday',515,,6659,23,,,0,27,,6660,23,,,0,70,,6661,23,,,0,15,,6662,23,,,0,15,,6636,23,,,0,15,,6663,23,,,0,55,,6664,23,,,0,16,,6637,23,,,0,15,,6665,23,,,0,15,,6638,23,,,0,55,,6639,23,,,0,15,,6666,23,,,0,15,,6667,23,,,0,15,,6668,23,,,0,55,,6640,23,,,0,15,,6669,23,,,0,15,,6641,23,,,0,60,,6670,23,,,0,15,,6671,23,,,0,15,,6672,23,,,0,15,,6673,23,,,0,55,,6642,23,,,0,15,,6674,23,,,0,15,,6675,23,,,0,15,,6643,23,,,0,55,,6676,23,,,0,15,,6677,23,,,0,15,,6644,23,,,0,15,,6678,23,,,0,55,,6645,23,,,0,15,,6679,23,,,0,15,,6646,23,,,0,15,,6647,23,,,0,55,,6680,23,,,0,15,,6681,23,,,0,15,,6648,23,,,0,15,,6682,23,,,0,55,,6683,23,,,0,17,,6684,23,,,0,15,,6685,23,,,0,15,,6649,23,,,0,55,,6686,23,,,0,15,,6650,23,,,0,15,,6687,23,,,0,15,,6651,23,,,0,55,,6688,23,,,0,15,,6689,23,,,0,15,,6690,23,,,0,15,,6691,23,,,0,55,,6692,23,,,0,13,,6652,23,,,0,17,,6693,23,,,0,16,,6653,23,,,0,70,,6655,23,,,0,30,,6657,23,,,0,70,,6694,23,,,0,30,,6656,23,,,0,70,,6654,23,,,0,30,,6658,23,,,0,69,,6695,23,,,0,30,,6635,23,,,0
1201,'Holiday21111111',816,,8381,28,,,0,100,,8382,28,,,0,30,,8380,28,,,0,70,,8383,28,,,0,33,,8379,28,,,0,67,,8384,28,,,0,30,,8378,28,,,0,70,,8385,28,,,0,30,,8377,28,,,0,70,,8386,28,,,0,30,,8376,28,,,0,70,,8387,28,,,0,33,,8375,28,,,0,67,,8388,28,,,0,30,,8374,28,,,0,70,,8389,28,,,0,30,,8373,28,,,0,70,,8390,28,,,0,30,,8372,28,,,0,73,,8397,28,,,0,30,,8398,28,,,0,70,,8394,28,,,0,30,,8393,28,,,0,69,,8392,28,,,0,30,,8391,28,,,0,70,,8396,28,,,0,30,,8395,28,,,0
1201,'Holiday3-505-1111111',744,,8413,28,,,0,70,,8416,28,,,0,30,,8412,28,,,0,70,,8417,28,,,0,30,,8411,28,,,0,70,,8418,28,,,0,35,,8410,28,,,0,65,,8419,28,,,0,30,,8409,28,,,0,70,,8420,28,,,0,30,,8408,28,,,0,70,,8421,28,,,0,30,,8407,28,,,0,70,,8422,28,,,0,35,,8406,28,,,0,65,,8423,28,,,0,30,,8405,28,,,0,70,,8424,28,,,0,30,,8404,28,,,0,70,,8425,28,,,0,30,,8403,28,,,0,70,,8426,28,,,0,30,,8402,28,,,0,70,,8427,28,,,0,30,,8401,28,,,0,69,,8415,28,,,0,30,,8400,28,,,0,70,,8414,28,,,0,30,,8399,28,,,0,70,,8428,28,,,0
1201,'Saturday',744,,8443,28,,,0,70,,8446,28,,,0,30,,8442,28,,,0,70,,8447,28,,,0,30,,8441,28,,,0,70,,8448,28,,,0,35,,8440,28,,,0,65,,8449,28,,,0,30,,8439,28,,,0,70,,8450,28,,,0,30,,8438,28,,,0,70,,8451,28,,,0,30,,8437,28,,,0,70,,8452,28,,,0,35,,8436,28,,,0,65,,8453,28,,,0,30,,8435,28,,,0,70,,8454,28,,,0,30,,8434,28,,,0,70,,8455,28,,,0,30,,8433,28,,,0,70,,8456,28,,,0,30,,8432,28,,,0,70,,8457,28,,,0,30,,8431,28,,,0,69,,8445,28,,,0,30,,8430,28,,,0,70,,8444,28,,,0,30,,8429,28,,,0,70,,8458,28,,,0
1201,'Sunday',814,,8468,28,,,0,100,,8469,28,,,0,30,,8467,28,,,0,70,,8470,28,,,0,35,,8466,28,,,0,65,,8471,28,,,0,30,,8465,28,,,0,70,,8472,28,,,0,30,,8464,28,,,0,70,,8473,28,,,0,30,,8463,28,,,0,70,,8474,28,,,0,35,,8462,28,,,0,65,,8475,28,,,0,30,,8461,28,,,0,70,,8476,28,,,0,30,,8460,28,,,0,70,,8477,28,,,0,30,,8459,28,,,0,70,,8478,28,,,0,35,,8479,28,,,0,70,,8480,28,,,0,30,,8481,28,,,0,69,,8482,28,,,0,30,,8483,28,,,0,70,,8484,28,,,0,30,,8485,28,,,0
1201,'Weekday',517,,8486,28,,,0,98,,8487,28,,,0,30,,8488,28,,,0,73,,8489,28,,,0,31,,8490,28,,,0,76,,8491,28,,,0,28,,8492,28,,,0,68,,8493,28,,,0,30,,8494,28,,,0,71,,8495,28,,,0,30,,8496,28,,,0,71,,8497,28,,,0,30,,8498,28,,,0,70,,8499,28,,,0,30,,8500,28,,,0,70,,8501,28,,,0,30,,8502,28,,,0,70,,8503,28,,,0,32,,8504,28,,,0,60,,8505,28,,,0,24,,8506,28,,,0,66,,8507,28,,,0,25,,8508,28,,,0,20,,8509,28,,,0,65,,8510,28,,,0,25,,8520,28,,,0,19,,8521,28,,,0,64,,8511,28,,,0,29,,8515,28,,,0,69,,8512,28,,,0,28,,8517,28,,,0,69,,8513,28,,,0,28,,8516,28,,,0,70,,8514,28,,,0,30,,8518,28,,,0,70,,8519,28,,,0
8700,'Weekday',608,,9010,16,,,0,45,,9011,16,,,0,85,,9012,16,,,0,86,,9013,16,,,0,85,,9014,16,,,0,601,,9015,16,,,0,45,,9016,16,,,0,85,,9017,16,,,0,85,,9018,16,,,0,85,,9019,16,,,0,44,,9020,16,,,0
