1000,'Holiday21111111',823,,1490,35,,,0,30,,1484,35,,,0,70,,1489,35,,,0,29,,1481,35,,,0,70,,1483,35,,,0,30,,1461,35,,,0,55,,1449,35,,,0,15,,1452,35,,,0,15,,1471,35,,,0,15,,1469,35,,,0,55,,1462,35,,,0,15,,1468,35,,,0,15,,1453,35,,,0,15,,1472,35,,,0,55,,1460,35,,,0,15,,1463,35,,,0,15,,1478,35,,,0,15,,1454,35,,,0,55,,1473,35,,,0,15,,1467,35,,,0,15,,1464,35,,,0,15,,1458,35,,,0,55,,1455,35,,,0,15,,1474,35,,,0,15,,1451,35,,,0,15,,1465,35,,,0,55,,1477,35,,,0,15,,1456,35,,,0,15,,1475,35,,,0,15,,1470,35,,,0,55,,1466,35,,,0,15,,1450,35,,,0,15,,1457,35,,,0,15,,1476,35,,,0,55,,1459,35,,,0,15,,1448,35,,,0,30,,1479,35,,,0,67,,1485,35,,,0,30,,1480,35,,,0,70,,1486,35,,,0,30,,1482,35,,,0,70,,1487,35,,,0,30,,1488,35,,,0
1000,'Saturday',719,,1497,35,,,0,30,,1498,35,,,0,70,,1499,35,,,0,30,,1500,35,,,0,70,,1501,35,,,0,18,,1541,35,,,0,15,,1502,35,,,0,55,,1503,35,,,0,15,,1504,35,,,0,15,,1505,35,,,0,15,,1506,35,,,0,55,,1507,35,,,0,15,,1508,35,,,0,15,,1509,35,,,0,15,,1510,35,,,0,55,,1511,35,,,0,15,,1512,35,,,0,15,,1513,35,,,0,15,,1514,35,,,0,55,,1515,35,,,0,15,,1516,35,,,0,15,,1517,35,,,0,15,,1518,35,,,0,55,,1519,35,,,0,15,,1520,35,,,0,15,,1521,35,,,0,15,,1522,35,,,0,55,,1523,35,,,0,15,,1524,35,,,0,15,,1525,35,,,0,15,,1526,35,,,0,55,,1527,35,,,0,15,,1528,35,,,0,15,,1529,35,,,0,15,,1530,35,,,0,55,,1531,35,,,0,15,,1532,35,,,0,15,,1533,35,,,0,15,,1534,35,,,0,55,,1535,35,,,0,15,,1536,35,,,0,15,,1537,35,,,0,15,,1538,35,,,0,67,,1539,35,,,0,30,,1540,35,,,0,70,,1493,35,,,0,30,,1491,35,,,0,70,,1495,35,,,0,30,,1494,35,,,0,70,,1492,35,,,0,30,,1496,35,,,0
1000,'Sunday',823,,1584,35,,,0,30,,1578,35,,,0,70,,1583,35,,,0,29,,1575,35,,,0,70,,1577,35,,,0,30,,1555,35,,,0,55,,1543,35,,,0,15,,1546,35,,,0,15,,1565,35,,,0,15,,1563,35,,,0,55,,1556,35,,,0,15,,1562,35,,,0,15,,1547,35,,,0,15,,1566,35,,,0,55,,1554,35,,,0,15,,1557,35,,,0,15,,1572,35,,,0,15,,1548,35,,,0,55,,1567,35,,,0,15,,1561,35,,,0,15,,1558,35,,,0,15,,1552,35,,,0,55,,1549,35,,,0,15,,1568,35,,,0,15,,1545,35,,,0,15,,1559,35,,,0,55,,1571,35,,,0,15,,1550,35,,,0,15,,1569,35,,,0,15,,1564,35,,,0,55,,1560,35,,,0,15,,1544,35,,,0,15,,1551,35,,,0,15,,1570,35,,,0,55,,1553,35,,,0,15,,1542,35,,,0,30,,1573,35,,,0,67,,1579,35,,,0,30,,1574,35,,,0,70,,1580,35,,,0,30,,1576,35,,,0,70,,1581,35,,,0,30,,1582,35,,,0
1000,'Weekday',513,,1595,35,,,0,30,,1604,35,,,0,66,,1590,35,,,0,27,,1621,35,,,0,15,,1618,35,,,0,57,,1622,35,,,0,15,,1614,35,,,0,14,,1623,35,,,0,16,,1599,35,,,0,55,,1624,35,,,0,12,,1605,35,,,0,17,,1625,35,,,0,15,,1585,35,,,0,55,,1626,35,,,0,14,,1611,35,,,0,15,,1627,35,,,0,15,,1620,35,,,0,55,,1628,35,,,0,15,,1617,35,,,0,15,,1629,35,,,0,15,,1606,35,,,0,55,,1630,35,,,0,15,,1602,35,,,0,15,,1631,35,,,0,15,,1594,35,,,0,55,,1632,35,,,0,18,,1603,35,,,0,12,,1633,35,,,0,15,,1589,35,,,0,55,,1634,35,,,0,15,,1607,35,,,0,15,,1635,35,,,0,15,,1619,35,,,0,55,,1636,35,,,0,17,,1593,35,,,0,15,,1637,35,,,0,15,,1616,35,,,0,57,,1638,35,,,0,15,,1613,35,,,0,15,,1639,35,,,0,15,,1608,35,,,0,56,,1640,35,,,0,11,,1612,35,,,0,16,,1641,35,,,0,14,,1601,35,,,0,58,,1642,35,,,0,15,,1596,35,,,0,15,,1643,35,,,0,15,,1598,35,,,0,55,,1644,35,,,0,12,,1609,35,,,0,15,,1645,35,,,0,12,,1597,35,,,0,55,,1646,35,,,0,15,,1592,35,,,0,30,,1615,35,,,0,70,,1600,35,,,0,30,,1610,35,,,0,70,,1586,35,,,0,30,,1588,35,,,0,69,,1591,35,,,0,30,,1587,35,,,0
2501,'Holiday21111111',758,,2510,24,,,0,70,,2499,24,,,0,30,,2511,24,,,0,70,,2500,24,,,0,30,,2512,24,,,0,70,,2501,24,,,0,30,,2513,24,,,0,70,,2502,24,,,0,30,,2514,24,,,0,70,,2503,24,,,0,30,,2515,24,,,0,70,,2504,24,,,0,30,,2516,24,,,0,70,,2505,24,,,0,30,,2517,24,,,0,70,,2506,24,,,0,30,,2518,24,,,0,70,,2507,24,,,0,30,,2519,24,,,0,70,,2508,24,,,0,30,,2520,24,,,0,70,,2509,24,,,0,30,,2521,24,,,0,70,,2522,24,,,0,30,,2523,24,,,0,70,,2524,24,,,0,30,,2525,24,,,0,70,,2526,24,,,0
2501,'Saturday',728,,2539,24,,,0,30,,2540,24,,,0,70,,2538,24,,,0,30,,2541,24,,,0,70,,2537,24,,,0,30,,2542,24,,,0,70,,2536,24,,,0,30,,2543,24,,,0,70,,2535,24,,,0,30,,2544,24,,,0,70,,2534,24,,,0,30,,2545,24,,,0,70,,2533,24,,,0,30,,2546,24,,,0,70,,2532,24,,,0,30,,2547,24,,,0,70,,2531,24,,,0,30,,2548,24,,,0,70,,2530,24,,,0,30,,2549,24,,,0,70,,2529,24,,,0,30,,2550,24,,,0,70,,2528,24,,,0,30,,2551,24,,,0,70,,2527,24,,,0,30,,2552,24,,,0,70,,2554,24,,,0,30,,2553,24,,,0,70,,2555,24,,,0,30,,2556,24,,,0
2501,'Sunday',758,,2568,24,,,0,70,,2557,24,,,0,30,,2569,24,,,0,70,,2558,24,,,0,30,,2570,24,,,0,70,,2559,24,,,0,30,,2571,24,,,0,70,,2560,24,,,0,30,,2572,24,,,0,70,,2561,24,,,0,30,,2573,24,,,0,70,,2562,24,,,0,30,,2574,24,,,0,70,,2563,24,,,0,30,,2575,24,,,0,70,,2564,24,,,0,30,,2576,24,,,0,70,,2565,24,,,0,30,,2577,24,,,0,70,,2566,24,,,0,30,,2578,24,,,0,70,,2567,24,,,0,30,,2579,24,,,0,70,,2580,24,,,0,30,,2581,24,,,0,70,,2582,24,,,0,30,,2583,24,,,0,70,,2584,24,,,0
2501,'Weekday',521,,2585,24,,,0,35,,2586,24,,,0,66,,2587,24,,,0,25,,2588,24,,,0,71,,2589,24,,,0,15,,2590,24,,,0,15,,2591,24,,,0,55,,2592,24,,,0,16,,2593,24,,,0,15,,2594,24,,,0,15,,2595,24,,,0,56,,2596,24,,,0,30,,2597,24,,,0,70,,2598,24,,,0,30,,2599,24,,,0,70,,2600,24,,,0,30,,2601,24,,,0,70,,2602,24,,,0,30,,2603,24,,,0,70,,2604,24,,,0,30,,2605,24,,,0,70,,2606,24,,,0,28,,2607,24,,,0,16,,2608,24,,,0,55,,2609,24,,,0,17,,2610,24,,,0,15,,2611,24,,,0,15,,2612,24,,,0,55,,2613,24,,,0,15,,2614,24,,,0,15,,2615,24,,,0,15,,2616,24,,,0,55,,2617,24,,,0,14,,2618,24,,,0,15,,2619,24,,,0,15,,2620,24,,,0,55,,2621,24,,,0,29,,2622,24,,,0,70,,2623,24,,,0,28,,2624,24,,,0,70,,2625,24,,,0,30,,2626,24,,,0,70,,2627,24,,,0,30,,2628,24,,,0,70,,2629,24,,,0,29,,2630,24,,,0,70,,2631,24,,,0,28,,2632,24,,,0
5000,'Saturday',2319,,2638,34,,,0,97,,2637,34,,,0,95,,2639,34,,,0
5000,'Weekday',2319,,2641,34,,,0,97,,2640,34,,,0,95,,2642,34,,,0
