400,'Holiday21111111',1226,,7084,82,,,0,100,,7088,82,,,0,100,,7085,82,,,0,100,,7089,82,,,0,100,,7086,82,,,0,100,,7090,82,,,0,100,,7087,82,,,0
400,'Holiday3-505-1111111',926,,7091,82,,,0,100,,7097,82,,,0,100,,7092,82,,,0,100,,7098,82,,,0,100,,7093,82,,,0,100,,7099,82,,,0,100,,7094,82,,,0,100,,7100,82,,,0,100,,7095,82,,,0,100,,7101,82,,,0,100,,7096,82,,,0,100,,7102,82,,,0,98,,7103,82,,,0
400,'Saturday',926,,7104,82,,,0,100,,7110,82,,,0,100,,7105,82,,,0,100,,7111,82,,,0,100,,7106,82,,,0,100,,7112,82,,,0,100,,7107,82,,,0,100,,7113,82,,,0,100,,7108,82,,,0,100,,7114,82,,,0,100,,7109,82,,,0,100,,7115,82,,,0,98,,7116,82,,,0
400,'Sunday',1226,,7117,82,,,0,100,,7121,82,,,0,100,,7118,82,,,0,100,,7122,82,,,0,100,,7119,82,,,0,100,,7123,82,,,0,100,,7120,82,,,0
400,'Weekday',625,,7124,82,,,0,101,,7125,82,,,0,105,,7126,82,,,0,23,,7127,82,,,0,77,,7128,82,,,0,69,,7129,82,,,0,30,,7130,82,,,0,70,,7131,82,,,0,30,,7132,82,,,0,70,,7133,82,,,0,30,,7134,82,,,0,70,,7135,82,,,0,30,,7136,82,,,0,70,,7137,82,,,0,30,,7138,82,,,0,70,,7139,82,,,0,34,,7140,82,,,0,71,,7141,82,,,0,26,,7142,82,,,0,70,,7143,82,,,0,30,,7144,82,,,0,70,,7145,82,,,0,32,,7146,82,,,0,67,,7150,82,,,0,30,,7147,82,,,0,96,,7148,82,,,0,99,,7149,82,,,0
1000,'Holiday21111111',837,,7427,63,,,0,70,,7421,63,,,0,30,,7426,63,,,0,69,,7418,63,,,0,30,,7420,63,,,0,70,,7398,63,,,0,15,,7386,63,,,0,15,,7389,63,,,0,15,,7408,63,,,0,55,,7406,63,,,0,15,,7399,63,,,0,15,,7405,63,,,0,15,,7390,63,,,0,55,,7409,63,,,0,15,,7397,63,,,0,15,,7400,63,,,0,15,,7415,63,,,0,55,,7391,63,,,0,15,,7410,63,,,0,15,,7404,63,,,0,15,,7401,63,,,0,55,,7395,63,,,0,15,,7392,63,,,0,15,,7411,63,,,0,15,,7388,63,,,0,55,,7402,63,,,0,15,,7414,63,,,0,15,,7393,63,,,0,15,,7412,63,,,0,55,,7407,63,,,0,15,,7403,63,,,0,15,,7387,63,,,0,15,,7394,63,,,0,55,,7413,63,,,0,15,,7396,63,,,0,15,,7385,63,,,0,70,,7416,63,,,0,27,,7422,63,,,0,70,,7417,63,,,0,30,,7423,63,,,0,70,,7419,63,,,0,30,,7424,63,,,0,70,,7425,63,,,0
1000,'Holiday3-505-1111111',732,,7434,63,,,0,70,,7435,63,,,0,31,,7436,63,,,0,70,,7437,63,,,0,30,,7438,63,,,0,18,,7478,63,,,0,55,,7439,63,,,0,15,,7440,63,,,0,15,,7441,63,,,0,15,,7442,63,,,0,55,,7443,63,,,0,15,,7444,63,,,0,15,,7445,63,,,0,15,,7446,63,,,0,55,,7447,63,,,0,15,,7448,63,,,0,15,,7449,63,,,0,15,,7450,63,,,0,55,,7451,63,,,0,15,,7452,63,,,0,15,,7453,63,,,0,15,,7454,63,,,0,55,,7455,63,,,0,15,,7456,63,,,0,15,,7457,63,,,0,15,,7458,63,,,0,55,,7459,63,,,0,15,,7460,63,,,0,15,,7461,63,,,0,15,,7462,63,,,0,55,,7463,63,,,0,15,,7464,63,,,0,15,,7465,63,,,0,15,,7466,63,,,0,55,,7467,63,,,0,15,,7468,63,,,0,15,,7469,63,,,0,15,,7470,63,,,0,55,,7471,63,,,0,15,,7472,63,,,0,15,,7473,63,,,0,15,,7474,63,,,0,55,,7475,63,,,0,27,,7476,63,,,0,70,,7477,63,,,0,30,,7430,63,,,0,70,,7428,63,,,0,30,,7432,63,,,0,70,,7431,63,,,0,30,,7429,63,,,0,70,,7433,63,,,0
1000,'Saturday',732,,7485,63,,,0,70,,7486,63,,,0,31,,7487,63,,,0,70,,7488,63,,,0,30,,7489,63,,,0,18,,7529,63,,,0,55,,7490,63,,,0,15,,7491,63,,,0,15,,7492,63,,,0,15,,7493,63,,,0,55,,7494,63,,,0,15,,7495,63,,,0,15,,7496,63,,,0,15,,7497,63,,,0,55,,7498,63,,,0,15,,7499,63,,,0,15,,7500,63,,,0,15,,7501,63,,,0,55,,7502,63,,,0,15,,7503,63,,,0,15,,7504,63,,,0,15,,7505,63,,,0,55,,7506,63,,,0,15,,7507,63,,,0,15,,7508,63,,,0,15,,7509,63,,,0,55,,7510,63,,,0,15,,7511,63,,,0,15,,7512,63,,,0,15,,7513,63,,,0,55,,7514,63,,,0,15,,7515,63,,,0,15,,7516,63,,,0,15,,7517,63,,,0,55,,7518,63,,,0,15,,7519,63,,,0,15,,7520,63,,,0,15,,7521,63,,,0,55,,7522,63,,,0,15,,7523,63,,,0,15,,7524,63,,,0,15,,7525,63,,,0,55,,7526,63,,,0,27,,7527,63,,,0,70,,7528,63,,,0,30,,7481,63,,,0,70,,7479,63,,,0,30,,7483,63,,,0,70,,7482,63,,,0,30,,7480,63,,,0,70,,7484,63,,,0
1000,'Sunday',837,,7572,63,,,0,70,,7566,63,,,0,30,,7571,63,,,0,69,,7563,63,,,0,30,,7565,63,,,0,70,,7543,63,,,0,15,,7531,63,,,0,15,,7534,63,,,0,15,,7553,63,,,0,55,,7551,63,,,0,15,,7544,63,,,0,15,,7550,63,,,0,15,,7535,63,,,0,55,,7554,63,,,0,15,,7542,63,,,0,15,,7545,63,,,0,15,,7560,63,,,0,55,,7536,63,,,0,15,,7555,63,,,0,15,,7549,63,,,0,15,,7546,63,,,0,55,,7540,63,,,0,15,,7537,63,,,0,15,,7556,63,,,0,15,,7533,63,,,0,55,,7547,63,,,0,15,,7559,63,,,0,15,,7538,63,,,0,15,,7557,63,,,0,55,,7552,63,,,0,15,,7548,63,,,0,15,,7532,63,,,0,15,,7539,63,,,0,55,,7558,63,,,0,15,,7541,63,,,0,15,,7530,63,,,0,70,,7561,63,,,0,27,,7567,63,,,0,70,,7562,63,,,0,30,,7568,63,,,0,70,,7564,63,,,0,30,,7569,63,,,0,70,,7570,63,,,0
1000,'Weekday',527,,7583,63,,,0,30,,7592,63,,,0,66,,7578,63,,,0,27,,7609,63,,,0,55,,7606,63,,,0,15,,7610,63,,,0,10,,7602,63,,,0,19,,7611,63,,,0,55,,7587,63,,,0,16,,7612,63,,,0,15,,7593,63,,,0,17,,7613,63,,,0,55,,7573,63,,,0,15,,7614,63,,,0,14,,7599,63,,,0,15,,7615,63,,,0,55,,7608,63,,,0,15,,7616,63,,,0,15,,7605,63,,,0,15,,7617,63,,,0,55,,7594,63,,,0,15,,7618,63,,,0,15,,7590,63,,,0,15,,7619,63,,,0,55,,7582,63,,,0,15,,7620,63,,,0,18,,7591,63,,,0,12,,7621,63,,,0,55,,7577,63,,,0,15,,7622,63,,,0,15,,7595,63,,,0,15,,7623,63,,,0,55,,7607,63,,,0,15,,7624,63,,,0,17,,7581,63,,,0,15,,7625,63,,,0,55,,7604,63,,,0,17,,7626,63,,,0,15,,7601,63,,,0,15,,7627,63,,,0,55,,7596,63,,,0,16,,7628,63,,,0,11,,7600,63,,,0,16,,7629,63,,,0,54,,7589,63,,,0,18,,7630,63,,,0,15,,7584,63,,,0,15,,7631,63,,,0,55,,7586,63,,,0,15,,7632,63,,,0,12,,7597,63,,,0,15,,7633,63,,,0,52,,7585,63,,,0,15,,7634,63,,,0,15,,7580,63,,,0,70,,7603,63,,,0,30,,7588,63,,,0,70,,7598,63,,,0,30,,7574,63,,,0,70,,7576,63,,,0,27,,7579,63,,,0,70,,7575,63,,,0
2501,'Holiday21111111',801,,8697,29,,,0,30,,8686,29,,,0,70,,8698,29,,,0,30,,8687,29,,,0,70,,8699,29,,,0,30,,8688,29,,,0,70,,8700,29,,,0,30,,8689,29,,,0,70,,8701,29,,,0,30,,8690,29,,,0,70,,8702,29,,,0,30,,8691,29,,,0,70,,8703,29,,,0,30,,8692,29,,,0,70,,8704,29,,,0,30,,8693,29,,,0,70,,8705,29,,,0,30,,8694,29,,,0,70,,8706,29,,,0,30,,8695,29,,,0,70,,8707,29,,,0,30,,8696,29,,,0,70,,8708,29,,,0,30,,8709,29,,,0,70,,8710,29,,,0,30,,8711,29,,,0,70,,8712,29,,,0,30,,8713,29,,,0
2501,'Holiday3-505-1111111',731,,8726,29,,,0,70,,8727,29,,,0,30,,8725,29,,,0,70,,8728,29,,,0,30,,8724,29,,,0,70,,8729,29,,,0,30,,8723,29,,,0,70,,8730,29,,,0,30,,8722,29,,,0,70,,8731,29,,,0,30,,8721,29,,,0,70,,8732,29,,,0,30,,8720,29,,,0,70,,8733,29,,,0,30,,8719,29,,,0,70,,8734,29,,,0,30,,8718,29,,,0,70,,8735,29,,,0,30,,8717,29,,,0,70,,8736,29,,,0,30,,8716,29,,,0,70,,8737,29,,,0,30,,8715,29,,,0,70,,8738,29,,,0,30,,8714,29,,,0,70,,8739,29,,,0,30,,8741,29,,,0,70,,8740,29,,,0,30,,8742,29,,,0,70,,8743,29,,,0
2501,'Saturday',731,,8756,29,,,0,70,,8757,29,,,0,30,,8755,29,,,0,70,,8758,29,,,0,30,,8754,29,,,0,70,,8759,29,,,0,30,,8753,29,,,0,70,,8760,29,,,0,30,,8752,29,,,0,70,,8761,29,,,0,30,,8751,29,,,0,70,,8762,29,,,0,30,,8750,29,,,0,70,,8763,29,,,0,30,,8749,29,,,0,70,,8764,29,,,0,30,,8748,29,,,0,70,,8765,29,,,0,30,,8747,29,,,0,70,,8766,29,,,0,30,,8746,29,,,0,70,,8767,29,,,0,30,,8745,29,,,0,70,,8768,29,,,0,30,,8744,29,,,0,70,,8769,29,,,0,30,,8771,29,,,0,70,,8770,29,,,0,30,,8772,29,,,0,70,,8773,29,,,0
2501,'Sunday',801,,8785,29,,,0,30,,8774,29,,,0,70,,8786,29,,,0,30,,8775,29,,,0,70,,8787,29,,,0,30,,8776,29,,,0,70,,8788,29,,,0,30,,8777,29,,,0,70,,8789,29,,,0,30,,8778,29,,,0,70,,8790,29,,,0,30,,8779,29,,,0,70,,8791,29,,,0,30,,8780,29,,,0,70,,8792,29,,,0,30,,8781,29,,,0,70,,8793,29,,,0,30,,8782,29,,,0,70,,8794,29,,,0,30,,8783,29,,,0,70,,8795,29,,,0,30,,8784,29,,,0,70,,8796,29,,,0,30,,8797,29,,,0,70,,8798,29,,,0,30,,8799,29,,,0,70,,8800,29,,,0,30,,8801,29,,,0
2501,'Weekday',524,,8802,29,,,0,35,,8803,29,,,0,65,,8804,29,,,0,25,,8805,29,,,0,71,,8806,29,,,0,16,,8807,29,,,0,15,,8808,29,,,0,55,,8809,29,,,0,17,,8810,29,,,0,15,,8811,29,,,0,14,,8812,29,,,0,55,,8813,29,,,0,28,,8814,29,,,0,70,,8815,29,,,0,30,,8816,29,,,0,71,,8817,29,,,0,30,,8818,29,,,0,70,,8819,29,,,0,30,,8820,29,,,0,70,,8821,29,,,0,31,,8822,29,,,0,69,,8823,29,,,0,30,,8824,29,,,0,20,,8825,29,,,0,53,,8826,29,,,0,17,,8827,29,,,0,15,,8828,29,,,0,15,,8829,29,,,0,55,,8830,29,,,0,16,,8831,29,,,0,15,,8832,29,,,0,15,,8833,29,,,0,55,,8834,29,,,0,15,,8835,29,,,0,15,,8836,29,,,0,13,,8837,29,,,0,55,,8838,29,,,0,28,,8839,29,,,0,70,,8840,29,,,0,28,,8841,29,,,0,70,,8842,29,,,0,30,,8843,29,,,0,69,,8844,29,,,0,30,,8845,29,,,0,69,,8846,29,,,0,30,,8847,29,,,0,69,,8848,29,,,0,30,,8849,29,,,0
5001,'Holiday3-505-1111111',2328,,8860,15,,,0,100,,8859,15,,,0
5001,'Saturday',2328,,8862,15,,,0,100,,8861,15,,,0
5001,'Weekday',2338,,8864,15,,,0,90,,8863,15,,,0
