200,'Holiday21111111',802,,6300,19,,,0,100,,6301,19,,,0,32,,6324,19,,,0,70,,6302,19,,,0,30,,6313,19,,,0,70,,6303,19,,,0,30,,6314,19,,,0,70,,6304,19,,,0,30,,6315,19,,,0,70,,6305,19,,,0,30,,6316,19,,,0,70,,6306,19,,,0,30,,6317,19,,,0,70,,6307,19,,,0,30,,6318,19,,,0,70,,6308,19,,,0,30,,6319,19,,,0,70,,6309,19,,,0,30,,6320,19,,,0,70,,6310,19,,,0,28,,6321,19,,,0,70,,6311,19,,,0,33,,6322,19,,,0,70,,6312,19,,,0,30,,6323,19,,,0,70,,6325,19,,,0,30,,6326,19,,,0
200,'Holiday3-505-1111111',632,,6327,19,,,0,100,,6328,19,,,0,100,,6329,19,,,0,101,,6330,19,,,0,70,,6343,19,,,0,20,,6331,19,,,0,20,,6357,19,,,0,60,,6344,19,,,0,20,,6332,19,,,0,20,,6358,19,,,0,60,,6345,19,,,0,19,,6333,19,,,0,20,,6359,19,,,0,65,,6346,19,,,0,20,,6334,19,,,0,20,,6360,19,,,0,60,,6347,19,,,0,20,,6335,19,,,0,20,,6361,19,,,0,60,,6348,19,,,0,25,,6336,19,,,0,20,,6362,19,,,0,60,,6349,19,,,0,20,,6337,19,,,0,20,,6363,19,,,0,60,,6350,19,,,0,21,,6338,19,,,0,70,,6351,19,,,0,30,,6339,19,,,0,70,,6352,19,,,0,29,,6340,19,,,0,70,,6353,19,,,0,30,,6341,19,,,0,70,,6354,19,,,0,30,,6342,19,,,0,70,,6355,19,,,0
200,'Saturday',632,,6364,19,,,0,100,,6365,19,,,0,100,,6366,19,,,0,101,,6367,19,,,0,70,,6380,19,,,0,20,,6368,19,,,0,20,,6394,19,,,0,60,,6381,19,,,0,20,,6369,19,,,0,20,,6395,19,,,0,60,,6382,19,,,0,19,,6370,19,,,0,20,,6396,19,,,0,65,,6383,19,,,0,20,,6371,19,,,0,20,,6397,19,,,0,60,,6384,19,,,0,20,,6372,19,,,0,20,,6398,19,,,0,60,,6385,19,,,0,25,,6373,19,,,0,20,,6399,19,,,0,60,,6386,19,,,0,20,,6374,19,,,0,20,,6400,19,,,0,60,,6387,19,,,0,21,,6375,19,,,0,70,,6388,19,,,0,30,,6376,19,,,0,70,,6389,19,,,0,29,,6377,19,,,0,70,,6390,19,,,0,30,,6378,19,,,0,70,,6391,19,,,0,30,,6379,19,,,0,70,,6392,19,,,0
200,'Sunday',802,,6401,19,,,0,100,,6402,19,,,0,101,,6403,19,,,0,20,,6414,19,,,0,20,,6427,19,,,0,60,,6404,19,,,0,20,,6415,19,,,0,20,,6428,19,,,0,60,,6405,19,,,0,19,,6416,19,,,0,20,,6429,19,,,0,65,,6406,19,,,0,20,,6417,19,,,0,20,,6430,19,,,0,60,,6407,19,,,0,20,,6418,19,,,0,20,,6431,19,,,0,60,,6408,19,,,0,25,,6419,19,,,0,20,,6432,19,,,0,60,,6409,19,,,0,20,,6420,19,,,0,20,,6433,19,,,0,60,,6410,19,,,0,21,,6421,19,,,0,70,,6411,19,,,0,30,,6422,19,,,0,70,,6412,19,,,0,29,,6423,19,,,0,70,,6413,19,,,0,30,,6424,19,,,0,70,,6425,19,,,0,30,,6426,19,,,0
200,'Weekday',457,,6434,19,,,0,66,,6436,19,,,0,30,,6438,19,,,0,72,,6467,19,,,0,15,,6440,19,,,0,15,,6441,19,,,0,55,,6468,19,,,0,15,,6442,19,,,0,15,,6443,19,,,0,15,,6444,19,,,0,55,,6445,19,,,0,15,,6446,19,,,0,15,,6469,19,,,0,15,,6447,19,,,0,57,,6470,19,,,0,15,,6448,19,,,0,15,,6449,19,,,0,15,,6471,19,,,0,57,,6472,19,,,0,15,,6473,19,,,0,15,,6450,19,,,0,15,,6474,19,,,0,55,,6475,19,,,0,16,,6451,19,,,0,15,,6476,19,,,0,55,,6452,19,,,0,15,,6453,19,,,0,15,,6477,19,,,0,15,,6478,19,,,0,55,,6454,19,,,0,15,,6455,19,,,0,15,,6479,19,,,0,15,,6480,19,,,0,55,,6456,19,,,0,15,,6481,19,,,0,15,,6482,19,,,0,15,,6457,19,,,0,55,,6483,19,,,0,15,,6484,19,,,0,15,,6485,19,,,0,15,,6458,19,,,0,55,,6459,19,,,0,15,,6460,19,,,0,15,,6486,19,,,0,15,,6487,19,,,0,55,,6488,19,,,0,16,,6489,19,,,0,15,,6461,19,,,0,15,,6490,19,,,0,13,,6462,19,,,0,55,,6491,19,,,0,14,,6463,19,,,0,15,,6492,19,,,0,59,,6493,19,,,0,30,,6494,19,,,0,70,,6466,19,,,0,30,,6464,19,,,0,70,,6435,19,,,0,30,,6465,19,,,0,70,,6437,19,,,0,30,,6439,19,,,0
1200,'Holiday21111111',831,,8232,8,,,0,70,,8231,8,,,0,30,,8233,8,,,0,73,,8230,8,,,0,27,,8234,8,,,0,70,,8229,8,,,0,30,,8235,8,,,0,70,,8228,8,,,0,30,,8236,8,,,0,70,,8227,8,,,0,30,,8237,8,,,0,73,,8226,8,,,0,27,,8238,8,,,0,70,,8225,8,,,0,30,,8239,8,,,0,70,,8224,8,,,0,30,,8240,8,,,0,70,,8223,8,,,0,30,,8241,8,,,0,73,,8222,8,,,0,30,,8242,8,,,0,70,,8243,8,,,0,30,,8244,8,,,0,70,,8245,8,,,0,30,,8246,8,,,0,70,,8247,8,,,0,30,,8248,8,,,0
1200,'Holiday3-505-1111111',759,,8263,8,,,0,70,,8264,8,,,0,30,,8262,8,,,0,70,,8265,8,,,0,75,,8261,8,,,0,25,,8266,8,,,0,30,,8260,8,,,0,70,,8267,8,,,0,30,,8259,8,,,0,70,,8268,8,,,0,30,,8258,8,,,0,70,,8269,8,,,0,75,,8257,8,,,0,25,,8270,8,,,0,30,,8256,8,,,0,70,,8271,8,,,0,30,,8255,8,,,0,70,,8272,8,,,0,30,,8254,8,,,0,70,,8273,8,,,0,30,,8253,8,,,0,70,,8274,8,,,0,30,,8252,8,,,0,70,,8275,8,,,0,30,,8251,8,,,0,70,,8276,8,,,0,30,,8250,8,,,0,70,,8277,8,,,0,30,,8249,8,,,0
1200,'Saturday',759,,8292,8,,,0,70,,8293,8,,,0,30,,8291,8,,,0,70,,8294,8,,,0,75,,8290,8,,,0,25,,8295,8,,,0,30,,8289,8,,,0,70,,8296,8,,,0,30,,8288,8,,,0,70,,8297,8,,,0,30,,8287,8,,,0,70,,8298,8,,,0,75,,8286,8,,,0,25,,8299,8,,,0,30,,8285,8,,,0,70,,8300,8,,,0,30,,8284,8,,,0,70,,8301,8,,,0,30,,8283,8,,,0,70,,8302,8,,,0,30,,8282,8,,,0,70,,8303,8,,,0,30,,8281,8,,,0,70,,8304,8,,,0,30,,8280,8,,,0,70,,8305,8,,,0,30,,8279,8,,,0,70,,8306,8,,,0,30,,8278,8,,,0
1200,'Sunday',829,,8317,8,,,0,30,,8316,8,,,0,70,,8318,8,,,0,75,,8315,8,,,0,25,,8319,8,,,0,30,,8314,8,,,0,70,,8320,8,,,0,30,,8313,8,,,0,70,,8321,8,,,0,30,,8312,8,,,0,70,,8322,8,,,0,75,,8311,8,,,0,25,,8323,8,,,0,30,,8310,8,,,0,70,,8324,8,,,0,30,,8309,8,,,0,70,,8325,8,,,0,30,,8308,8,,,0,70,,8326,8,,,0,75,,8307,8,,,0,30,,8327,8,,,0,70,,8328,8,,,0,30,,8329,8,,,0,70,,8330,8,,,0,30,,8331,8,,,0,70,,8332,8,,,0,30,,8333,8,,,0
1200,'Weekday',534,,8354,8,,,0,70,,8341,8,,,0,30,,8355,8,,,0,71,,8346,8,,,0,30,,8356,8,,,0,70,,8353,8,,,0,30,,8357,8,,,0,70,,8347,8,,,0,30,,8358,8,,,0,70,,8342,8,,,0,30,,8359,8,,,0,70,,8348,8,,,0,30,,8360,8,,,0,70,,8345,8,,,0,30,,8361,8,,,0,70,,8349,8,,,0,30,,8340,8,,,0,70,,8362,8,,,0,20,,8343,8,,,0,21,,8334,8,,,0,65,,8363,8,,,0,24,,8350,8,,,0,20,,8351,8,,,0,65,,8352,8,,,0,25,,8369,8,,,0,60,,8370,8,,,0,25,,8335,8,,,0,25,,8371,8,,,0,60,,8337,8,,,0,20,,8344,8,,,0,70,,8364,8,,,0,30,,8338,8,,,0,70,,8365,8,,,0,30,,8336,8,,,0,70,,8366,8,,,0,30,,8339,8,,,0,70,,8367,8,,,0,30,,8368,8,,,0
5200,'Holiday3-505-1111111',2304,,8884,7,,,0,99,,8885,7,,,0,100,,8883,7,,,0
5200,'Saturday',2304,,8887,7,,,0,99,,8888,7,,,0,100,,8886,7,,,0
5200,'Weekday',2314,,8891,7,,,0,89,,8890,7,,,0,100,,8889,7,,,0
