400,'Holiday21111111',1223,,7084,78,,,0,100,,7088,78,,,0,100,,7085,78,,,0,100,,7089,78,,,0,100,,7086,78,,,0,100,,7090,78,,,0,100,,7087,78,,,0
400,'Holiday3-505-1111111',923,,7091,78,,,0,100,,7097,78,,,0,100,,7092,78,,,0,100,,7098,78,,,0,100,,7093,78,,,0,100,,7099,78,,,0,100,,7094,78,,,0,100,,7100,78,,,0,100,,7095,78,,,0,100,,7101,78,,,0,100,,7096,78,,,0,100,,7102,78,,,0,98,,7103,78,,,0
400,'Saturday',923,,7104,78,,,0,100,,7110,78,,,0,100,,7105,78,,,0,100,,7111,78,,,0,100,,7106,78,,,0,100,,7112,78,,,0,100,,7107,78,,,0,100,,7113,78,,,0,100,,7108,78,,,0,100,,7114,78,,,0,100,,7109,78,,,0,100,,7115,78,,,0,98,,7116,78,,,0
400,'Sunday',1223,,7117,78,,,0,100,,7121,78,,,0,100,,7118,78,,,0,100,,7122,78,,,0,100,,7119,78,,,0,100,,7123,78,,,0,100,,7120,78,,,0
400,'Weekday',623,,7124,78,,,0,101,,7125,78,,,0,105,,7126,78,,,0,23,,7127,78,,,0,77,,7128,78,,,0,29,,7129,78,,,0,70,,7130,78,,,0,30,,7131,78,,,0,70,,7132,78,,,0,30,,7133,78,,,0,70,,7134,78,,,0,30,,7135,78,,,0,70,,7136,78,,,0,30,,7137,78,,,0,70,,7138,78,,,0,30,,7139,78,,,0,73,,7140,78,,,0,71,,7141,78,,,0,27,,7142,78,,,0,30,,7143,78,,,0,70,,7144,78,,,0,30,,7145,78,,,0,72,,7146,78,,,0,27,,7150,78,,,0,70,,7147,78,,,0,96,,7148,78,,,0,99,,7149,78,,,0
1001,'Holiday21111111',802,,7659,26,,,0,30,,7676,26,,,0,70,,7677,26,,,0,30,,7675,26,,,0,71,,7657,26,,,0,30,,7662,26,,,0,15,,7661,26,,,0,55,,7663,26,,,0,15,,7664,26,,,0,15,,7665,26,,,0,15,,7666,26,,,0,55,,7667,26,,,0,15,,7668,26,,,0,15,,7669,26,,,0,15,,7670,26,,,0,55,,7671,26,,,0,15,,7672,26,,,0,15,,7673,26,,,0,15,,7674,26,,,0,55,,7660,26,,,0,15,,7658,26,,,0,15,,7652,26,,,0,15,,7635,26,,,0,55,,7645,26,,,0,15,,7647,26,,,0,15,,7650,26,,,0,15,,7640,26,,,0,55,,7654,26,,,0,15,,7644,26,,,0,15,,7648,26,,,0,15,,7636,26,,,0,55,,7641,26,,,0,15,,7655,26,,,0,15,,7643,26,,,0,10,,7649,26,,,0,59,,7642,26,,,0,31,,7638,26,,,0,70,,7653,26,,,0,29,,7637,26,,,0,70,,7646,26,,,0,30,,7656,26,,,0,70,,7639,26,,,0,30,,7651,26,,,0
1001,'Holiday3-505-1111111',732,,7720,26,,,0,70,,7721,26,,,0,30,,7722,26,,,0,70,,7723,26,,,0,30,,7724,26,,,0,16,,7726,26,,,0,55,,7725,26,,,0,15,,7727,26,,,0,15,,7711,26,,,0,15,,7719,26,,,0,55,,7696,26,,,0,15,,7703,26,,,0,15,,7684,26,,,0,15,,7712,26,,,0,55,,7693,26,,,0,15,,7697,26,,,0,15,,7704,26,,,0,15,,7685,26,,,0,55,,7713,26,,,0,15,,7708,26,,,0,15,,7698,26,,,0,15,,7705,26,,,0,55,,7686,26,,,0,15,,7714,26,,,0,15,,7707,26,,,0,15,,7699,26,,,0,55,,7692,26,,,0,15,,7687,26,,,0,15,,7715,26,,,0,15,,7694,26,,,0,55,,7700,26,,,0,15,,7691,26,,,0,15,,7688,26,,,0,15,,7716,26,,,0,55,,7709,26,,,0,15,,7701,26,,,0,15,,7706,26,,,0,15,,7689,26,,,0,55,,7717,26,,,0,15,,7710,26,,,0,15,,7702,26,,,0,15,,7695,26,,,0,55,,7690,26,,,0,29,,7718,26,,,0,70,,7678,26,,,0,30,,7682,26,,,0,70,,7680,26,,,0,30,,7679,26,,,0,70,,7683,26,,,0,30,,7681,26,,,0
1001,'Saturday',732,,7770,26,,,0,70,,7771,26,,,0,30,,7772,26,,,0,70,,7773,26,,,0,30,,7774,26,,,0,16,,7776,26,,,0,55,,7775,26,,,0,15,,7777,26,,,0,15,,7761,26,,,0,15,,7769,26,,,0,55,,7746,26,,,0,15,,7753,26,,,0,15,,7734,26,,,0,15,,7762,26,,,0,55,,7743,26,,,0,15,,7747,26,,,0,15,,7754,26,,,0,15,,7735,26,,,0,55,,7763,26,,,0,15,,7758,26,,,0,15,,7748,26,,,0,15,,7755,26,,,0,55,,7736,26,,,0,15,,7764,26,,,0,15,,7757,26,,,0,15,,7749,26,,,0,55,,7742,26,,,0,15,,7737,26,,,0,15,,7765,26,,,0,15,,7744,26,,,0,55,,7750,26,,,0,15,,7741,26,,,0,15,,7738,26,,,0,15,,7766,26,,,0,55,,7759,26,,,0,15,,7751,26,,,0,15,,7756,26,,,0,15,,7739,26,,,0,55,,7767,26,,,0,15,,7760,26,,,0,15,,7752,26,,,0,15,,7745,26,,,0,55,,7740,26,,,0,29,,7768,26,,,0,70,,7728,26,,,0,30,,7732,26,,,0,70,,7730,26,,,0,30,,7729,26,,,0,70,,7733,26,,,0,30,,7731,26,,,0
1001,'Sunday',802,,7802,26,,,0,30,,7819,26,,,0,70,,7820,26,,,0,30,,7818,26,,,0,71,,7800,26,,,0,30,,7805,26,,,0,15,,7804,26,,,0,55,,7806,26,,,0,15,,7807,26,,,0,15,,7808,26,,,0,15,,7809,26,,,0,55,,7810,26,,,0,15,,7811,26,,,0,15,,7812,26,,,0,15,,7813,26,,,0,55,,7814,26,,,0,15,,7815,26,,,0,15,,7816,26,,,0,15,,7817,26,,,0,55,,7803,26,,,0,15,,7801,26,,,0,15,,7795,26,,,0,15,,7778,26,,,0,55,,7788,26,,,0,15,,7790,26,,,0,15,,7793,26,,,0,15,,7783,26,,,0,55,,7797,26,,,0,15,,7787,26,,,0,15,,7791,26,,,0,15,,7779,26,,,0,55,,7784,26,,,0,15,,7798,26,,,0,15,,7786,26,,,0,10,,7792,26,,,0,59,,7785,26,,,0,31,,7781,26,,,0,70,,7796,26,,,0,29,,7780,26,,,0,70,,7789,26,,,0,30,,7799,26,,,0,70,,7782,26,,,0,30,,7794,26,,,0
1001,'Weekday',529,,7821,26,,,0,28,,7822,26,,,0,70,,7823,26,,,0,15,,7856,26,,,0,15,,7824,26,,,0,55,,7857,26,,,0,16,,7825,26,,,0,15,,7858,26,,,0,15,,7826,26,,,0,60,,7859,26,,,0,15,,7827,26,,,0,15,,7860,26,,,0,55,,7828,26,,,0,15,,7861,26,,,0,15,,7829,26,,,0,15,,7862,26,,,0,55,,7830,26,,,0,15,,7863,26,,,0,15,,7831,26,,,0,15,,7864,26,,,0,55,,7832,26,,,0,15,,7865,26,,,0,15,,7833,26,,,0,15,,7866,26,,,0,55,,7834,26,,,0,15,,7867,26,,,0,15,,7835,26,,,0,15,,7868,26,,,0,55,,7836,26,,,0,15,,7869,26,,,0,15,,7837,26,,,0,15,,7870,26,,,0,55,,7838,26,,,0,16,,7871,26,,,0,15,,7839,26,,,0,15,,7872,26,,,0,55,,7840,26,,,0,15,,7873,26,,,0,12,,7841,26,,,0,15,,7874,26,,,0,55,,7842,26,,,0,15,,7875,26,,,0,15,,7843,26,,,0,15,,7876,26,,,0,12,,7844,26,,,0,55,,7877,26,,,0,15,,7845,26,,,0,18,,7878,26,,,0,55,,7846,26,,,0,14,,7879,26,,,0,18,,7847,26,,,0,15,,7880,26,,,0,55,,7848,26,,,0,30,,7849,26,,,0,70,,7850,26,,,0,30,,7851,26,,,0,70,,7852,26,,,0,30,,7853,26,,,0,70,,7854,26,,,0,30,,7855,26,,,0
