601,'Holiday21111111',824,,7300,15,,,0,100,,7301,15,,,0,113,,7302,15,,,0,100,,7303,15,,,0,100,,7304,15,,,0,100,,7305,15,,,0,104,,7306,15,,,0,100,,7307,15,,,0,100,,7308,15,,,0,100,,7309,15,,,0,100,,7310,15,,,0,100,,7311,15,,,0
601,'Holiday3-505-1111111',724,,7326,15,,,0,100,,7325,15,,,0,100,,7324,15,,,0,110,,7323,15,,,0,100,,7322,15,,,0,100,,7321,15,,,0,100,,7320,15,,,0,100,,7319,15,,,0,100,,7318,15,,,0,100,,7317,15,,,0,100,,7316,15,,,0,100,,7315,15,,,0,100,,7314,15,,,0,100,,7313,15,,,0,100,,7312,15,,,0
601,'Saturday',724,,7341,15,,,0,100,,7340,15,,,0,100,,7339,15,,,0,110,,7338,15,,,0,100,,7337,15,,,0,100,,7336,15,,,0,100,,7335,15,,,0,100,,7334,15,,,0,100,,7333,15,,,0,100,,7332,15,,,0,100,,7331,15,,,0,100,,7330,15,,,0,100,,7329,15,,,0,100,,7328,15,,,0,100,,7327,15,,,0
601,'Sunday',824,,7342,15,,,0,100,,7343,15,,,0,113,,7344,15,,,0,100,,7345,15,,,0,100,,7346,15,,,0,100,,7347,15,,,0,104,,7348,15,,,0,100,,7349,15,,,0,100,,7350,15,,,0,100,,7351,15,,,0,100,,7352,15,,,0,100,,7353,15,,,0
601,'Weekday',533,,7354,15,,,0,101,,7355,15,,,0,70,,7356,15,,,0,30,,7357,15,,,0,75,,7358,15,,,0,30,,7359,15,,,0,70,,7360,15,,,0,30,,7361,15,,,0,65,,7362,15,,,0,30,,7363,15,,,0,70,,7364,15,,,0,30,,7365,15,,,0,70,,7366,15,,,0,30,,7367,15,,,0,70,,7368,15,,,0,30,,7369,15,,,0,70,,7370,15,,,0,32,,7371,15,,,0,69,,7372,15,,,0,30,,7373,15,,,0,80,,7382,15,,,0,36,,7377,15,,,0,72,,7384,15,,,0,26,,7380,15,,,0,64,,7379,15,,,0,28,,7376,15,,,0,70,,7381,15,,,0,28,,7378,15,,,0,100,,7374,15,,,0,100,,7375,15,,,0,100,,7383,15,,,0
1200,'Holiday21111111',841,,8232,22,,,0,70,,8231,22,,,0,30,,8233,22,,,0,73,,8230,22,,,0,27,,8234,22,,,0,70,,8229,22,,,0,30,,8235,22,,,0,70,,8228,22,,,0,30,,8236,22,,,0,70,,8227,22,,,0,30,,8237,22,,,0,73,,8226,22,,,0,27,,8238,22,,,0,70,,8225,22,,,0,30,,8239,22,,,0,70,,8224,22,,,0,30,,8240,22,,,0,70,,8223,22,,,0,30,,8241,22,,,0,73,,8222,22,,,0,30,,8242,22,,,0,70,,8243,22,,,0,30,,8244,22,,,0,70,,8245,22,,,0,30,,8246,22,,,0,70,,8247,22,,,0,30,,8248,22,,,0
1200,'Holiday3-505-1111111',809,,8263,22,,,0,30,,8264,22,,,0,70,,8262,22,,,0,30,,8265,22,,,0,75,,8261,22,,,0,25,,8266,22,,,0,70,,8260,22,,,0,30,,8267,22,,,0,70,,8259,22,,,0,30,,8268,22,,,0,70,,8258,22,,,0,30,,8269,22,,,0,75,,8257,22,,,0,25,,8270,22,,,0,70,,8256,22,,,0,30,,8271,22,,,0,70,,8255,22,,,0,30,,8272,22,,,0,70,,8254,22,,,0,30,,8273,22,,,0,70,,8253,22,,,0,30,,8274,22,,,0,70,,8252,22,,,0,30,,8275,22,,,0,70,,8251,22,,,0,30,,8276,22,,,0,70,,8250,22,,,0,30,,8277,22,,,0,70,,8249,22,,,0
1200,'Saturday',809,,8292,22,,,0,30,,8293,22,,,0,70,,8291,22,,,0,30,,8294,22,,,0,75,,8290,22,,,0,25,,8295,22,,,0,70,,8289,22,,,0,30,,8296,22,,,0,70,,8288,22,,,0,30,,8297,22,,,0,70,,8287,22,,,0,30,,8298,22,,,0,75,,8286,22,,,0,25,,8299,22,,,0,70,,8285,22,,,0,30,,8300,22,,,0,70,,8284,22,,,0,30,,8301,22,,,0,70,,8283,22,,,0,30,,8302,22,,,0,70,,8282,22,,,0,30,,8303,22,,,0,70,,8281,22,,,0,30,,8304,22,,,0,70,,8280,22,,,0,30,,8305,22,,,0,70,,8279,22,,,0,30,,8306,22,,,0,70,,8278,22,,,0
1200,'Sunday',839,,8317,22,,,0,70,,8316,22,,,0,30,,8318,22,,,0,75,,8315,22,,,0,25,,8319,22,,,0,70,,8314,22,,,0,30,,8320,22,,,0,70,,8313,22,,,0,30,,8321,22,,,0,70,,8312,22,,,0,30,,8322,22,,,0,75,,8311,22,,,0,25,,8323,22,,,0,70,,8310,22,,,0,30,,8324,22,,,0,70,,8309,22,,,0,30,,8325,22,,,0,70,,8308,22,,,0,30,,8326,22,,,0,75,,8307,22,,,0,30,,8327,22,,,0,70,,8328,22,,,0,30,,8329,22,,,0,70,,8330,22,,,0,30,,8331,22,,,0,70,,8332,22,,,0,30,,8333,22,,,0
1200,'Weekday',544,,8354,22,,,0,70,,8341,22,,,0,30,,8355,22,,,0,71,,8346,22,,,0,30,,8356,22,,,0,72,,8353,22,,,0,30,,8357,22,,,0,69,,8347,22,,,0,30,,8358,22,,,0,70,,8342,22,,,0,30,,8359,22,,,0,70,,8348,22,,,0,30,,8360,22,,,0,70,,8345,22,,,0,30,,8361,22,,,0,70,,8349,22,,,0,30,,8340,22,,,0,70,,8362,22,,,0,20,,8343,22,,,0,22,,8334,22,,,0,65,,8363,22,,,0,24,,8350,22,,,0,60,,8351,22,,,0,25,,8352,22,,,0,25,,8369,22,,,0,60,,8370,22,,,0,25,,8335,22,,,0,65,,8371,22,,,0,19,,8337,22,,,0,20,,8344,22,,,0,69,,8364,22,,,0,29,,8338,22,,,0,70,,8365,22,,,0,30,,8336,22,,,0,70,,8366,22,,,0,30,,8339,22,,,0,70,,8367,22,,,0,30,,8368,22,,,0
