300,'Holiday21111111',814,,6696,16,,,0,100,,6697,16,,,0,30,,6709,16,,,0,71,,6698,16,,,0,30,,6710,16,,,0,70,,6699,16,,,0,30,,6711,16,,,0,70,,6700,16,,,0,30,,6712,16,,,0,70,,6701,16,,,0,30,,6713,16,,,0,70,,6702,16,,,0,30,,6714,16,,,0,70,,6703,16,,,0,30,,6715,16,,,0,70,,6704,16,,,0,30,,6716,16,,,0,70,,6705,16,,,0,30,,6717,16,,,0,69,,6706,16,,,0,32,,6718,16,,,0,71,,6707,16,,,0,29,,6719,16,,,0,73,,6708,16,,,0,30,,6720,16,,,0,69,,6721,16,,,0
300,'Holiday3-505-1111111',714,,6722,16,,,0,100,,6723,16,,,0,100,,6724,16,,,0,30,,6738,16,,,0,71,,6725,16,,,0,30,,6739,16,,,0,60,,6726,16,,,0,20,,6751,16,,,0,20,,6740,16,,,0,60,,6727,16,,,0,20,,6752,16,,,0,25,,6741,16,,,0,60,,6728,16,,,0,20,,6753,16,,,0,20,,6742,16,,,0,60,,6729,16,,,0,20,,6754,16,,,0,20,,6743,16,,,0,60,,6730,16,,,0,25,,6755,16,,,0,20,,6744,16,,,0,60,,6731,16,,,0,20,,6756,16,,,0,20,,6745,16,,,0,60,,6732,16,,,0,30,,6746,16,,,0,69,,6733,16,,,0,30,,6747,16,,,0,70,,6734,16,,,0,30,,6748,16,,,0,70,,6735,16,,,0,30,,6749,16,,,0,69,,6736,16,,,0,30,,6750,16,,,0,70,,6737,16,,,0
300,'Saturday',714,,6757,16,,,0,100,,6758,16,,,0,100,,6759,16,,,0,30,,6773,16,,,0,71,,6760,16,,,0,30,,6774,16,,,0,60,,6761,16,,,0,20,,6786,16,,,0,20,,6775,16,,,0,60,,6762,16,,,0,20,,6787,16,,,0,25,,6776,16,,,0,60,,6763,16,,,0,20,,6788,16,,,0,20,,6777,16,,,0,60,,6764,16,,,0,20,,6789,16,,,0,20,,6778,16,,,0,60,,6765,16,,,0,25,,6790,16,,,0,20,,6779,16,,,0,60,,6766,16,,,0,20,,6791,16,,,0,20,,6780,16,,,0,60,,6767,16,,,0,30,,6781,16,,,0,69,,6768,16,,,0,30,,6782,16,,,0,70,,6769,16,,,0,30,,6783,16,,,0,70,,6770,16,,,0,30,,6784,16,,,0,69,,6771,16,,,0,30,,6785,16,,,0,70,,6772,16,,,0
300,'Sunday',814,,6792,16,,,0,100,,6793,16,,,0,30,,6805,16,,,0,71,,6794,16,,,0,30,,6806,16,,,0,60,,6795,16,,,0,20,,6818,16,,,0,20,,6807,16,,,0,60,,6796,16,,,0,20,,6819,16,,,0,25,,6808,16,,,0,60,,6797,16,,,0,20,,6820,16,,,0,20,,6809,16,,,0,60,,6798,16,,,0,20,,6823,16,,,0,20,,6810,16,,,0,60,,6799,16,,,0,25,,6821,16,,,0,20,,6811,16,,,0,60,,6800,16,,,0,20,,6822,16,,,0,20,,6812,16,,,0,60,,6801,16,,,0,30,,6813,16,,,0,69,,6802,16,,,0,30,,6814,16,,,0,70,,6803,16,,,0,30,,6815,16,,,0,70,,6804,16,,,0,30,,6816,16,,,0,69,,6817,16,,,0
300,'Weekday',539,,6824,16,,,0,68,,6866,16,,,0,15,,6867,16,,,0,15,,6826,16,,,0,15,,6827,16,,,0,55,,6828,16,,,0,15,,6868,16,,,0,15,,6869,16,,,0,15,,6829,16,,,0,55,,6830,16,,,0,17,,6831,16,,,0,15,,6832,16,,,0,15,,6833,16,,,0,55,,6870,16,,,0,15,,6834,16,,,0,15,,6871,16,,,0,15,,6835,16,,,0,60,,6836,16,,,0,19,,6837,16,,,0,16,,6838,16,,,0,55,,6872,16,,,0,15,,6839,16,,,0,15,,6840,16,,,0,15,,6841,16,,,0,55,,6873,16,,,0,15,,6842,16,,,0,15,,6874,16,,,0,15,,6843,16,,,0,55,,6844,16,,,0,15,,6875,16,,,0,15,,6876,16,,,0,15,,6877,16,,,0,55,,6878,16,,,0,15,,6879,16,,,0,15,,6845,16,,,0,15,,6846,16,,,0,55,,6847,16,,,0,15,,6848,16,,,0,15,,6849,16,,,0,15,,6880,16,,,0,55,,6850,16,,,0,15,,6881,16,,,0,15,,6882,16,,,0,15,,6851,16,,,0,55,,6852,16,,,0,15,,6853,16,,,0,15,,6883,16,,,0,13,,6884,16,,,0,55,,6861,16,,,0,15,,6860,16,,,0,15,,6854,16,,,0,15,,6864,16,,,0,55,,6859,16,,,0,17,,6855,16,,,0,30,,6856,16,,,0,70,,6865,16,,,0,30,,6858,16,,,0,70,,6863,16,,,0,30,,6862,16,,,0,69,,6857,16,,,0,30,,6825,16,,,0
600,'Holiday21111111',853,,7215,6,,,0,106,,7216,6,,,0,100,,7217,6,,,0,100,,7218,6,,,0,100,,7219,6,,,0,100,,7220,6,,,0,142,,7221,6,,,0,100,,7222,6,,,0,100,,7223,6,,,0,100,,7224,6,,,0,101,,7225,6,,,0,103,,7226,6,,,0
600,'Holiday3-505-1111111',753,,7241,6,,,0,100,,7240,6,,,0,106,,7239,6,,,0,100,,7238,6,,,0,100,,7237,6,,,0,100,,7236,6,,,0,100,,7235,6,,,0,100,,7234,6,,,0,100,,7233,6,,,0,100,,7232,6,,,0,100,,7231,6,,,0,100,,7230,6,,,0,100,,7229,6,,,0,100,,7228,6,,,0,100,,7227,6,,,0
600,'Saturday',753,,7256,6,,,0,100,,7255,6,,,0,106,,7254,6,,,0,100,,7253,6,,,0,100,,7252,6,,,0,100,,7251,6,,,0,100,,7250,6,,,0,100,,7249,6,,,0,100,,7248,6,,,0,100,,7247,6,,,0,100,,7246,6,,,0,100,,7245,6,,,0,100,,7244,6,,,0,100,,7243,6,,,0,100,,7242,6,,,0
600,'Sunday',853,,7257,6,,,0,106,,7258,6,,,0,100,,7259,6,,,0,100,,7260,6,,,0,100,,7261,6,,,0,100,,7262,6,,,0,142,,7263,6,,,0,100,,7264,6,,,0,100,,7265,6,,,0,100,,7266,6,,,0,100,,7267,6,,,0,100,,7268,6,,,0
600,'Weekday',559,,7269,6,,,0,71,,7270,6,,,0,70,,7271,6,,,0,30,,7272,6,,,0,26,,7273,6,,,0,75,,7274,6,,,0,70,,7275,6,,,0,29,,7276,6,,,0,70,,7277,6,,,0,30,,7278,6,,,0,70,,7279,6,,,0,30,,7280,6,,,0,70,,7281,6,,,0,30,,7282,6,,,0,70,,7283,6,,,0,30,,7284,6,,,0,70,,7285,6,,,0,26,,7286,6,,,0,33,,7287,6,,,0,73,,7288,6,,,0,79,,7298,6,,,0,33,,7296,6,,,0,66,,7295,6,,,0,26,,7293,6,,,0,70,,7299,6,,,0,29,,7297,6,,,0,70,,7294,6,,,0,30,,7289,6,,,0,69,,7290,6,,,0,100,,7291,6,,,0,100,,7292,6,,,0
8100,'Weekday',542,,8960,6,,,0,70,,8965,6,,,0,31,,8961,6,,,0,70,,8966,6,,,0,31,,8962,6,,,0,73,,8967,6,,,0,33,,8963,6,,,0,72,,8968,6,,,0,30,,8964,6,,,0,69,,8971,6,,,0,30,,8972,6,,,0,70,,8973,6,,,0,25,,8974,6,,,0,71,,8975,6,,,0,30,,8976,6,,,0,70,,8977,6,,,0,30,,8978,6,,,0,67,,8979,6,,,0,30,,8980,6,,,0,70,,8969,6,,,0,29,,8970,6,,,0,66,,8954,6,,,0,29,,8958,6,,,0,71,,8956,6,,,0,34,,8955,6,,,0,71,,8959,6,,,0,30,,8957,6,,,0
