400,'Holiday21111111',1158,,7084,34,,,0,100,,7088,34,,,0,100,,7085,34,,,0,100,,7089,34,,,0,100,,7086,34,,,0,100,,7090,34,,,0,100,,7087,34,,,0
400,'Holiday3-505-1111111',858,,7091,34,,,0,100,,7097,34,,,0,100,,7092,34,,,0,100,,7098,34,,,0,100,,7093,34,,,0,100,,7099,34,,,0,100,,7094,34,,,0,100,,7100,34,,,0,100,,7095,34,,,0,100,,7101,34,,,0,100,,7096,34,,,0,100,,7102,34,,,0,98,,7103,34,,,0
400,'Saturday',858,,7104,34,,,0,100,,7110,34,,,0,100,,7105,34,,,0,100,,7111,34,,,0,100,,7106,34,,,0,100,,7112,34,,,0,100,,7107,34,,,0,100,,7113,34,,,0,100,,7108,34,,,0,100,,7114,34,,,0,100,,7109,34,,,0,100,,7115,34,,,0,98,,7116,34,,,0
400,'Sunday',1158,,7117,34,,,0,100,,7121,34,,,0,100,,7118,34,,,0,100,,7122,34,,,0,100,,7119,34,,,0,100,,7123,34,,,0,100,,7120,34,,,0
400,'Weekday',600,,7124,34,,,0,101,,7125,34,,,0,102,,7126,34,,,0,23,,7127,34,,,0,77,,7128,34,,,0,29,,7129,34,,,0,70,,7130,34,,,0,30,,7131,34,,,0,70,,7132,34,,,0,30,,7133,34,,,0,70,,7134,34,,,0,30,,7135,34,,,0,70,,7136,34,,,0,30,,7137,34,,,0,70,,7138,34,,,0,30,,7139,34,,,0,70,,7140,34,,,0,31,,7141,34,,,0,69,,7142,34,,,0,30,,7143,34,,,0,70,,7144,34,,,0,30,,7145,34,,,0,73,,7146,34,,,0,28,,7150,34,,,0,70,,7147,34,,,0,97,,7148,34,,,0,100,,7149,34,,,0
1000,'Holiday21111111',817,,7427,21,,,0,30,,7421,21,,,0,70,,7426,21,,,0,29,,7418,21,,,0,70,,7420,21,,,0,30,,7398,21,,,0,55,,7386,21,,,0,15,,7389,21,,,0,15,,7408,21,,,0,15,,7406,21,,,0,55,,7399,21,,,0,15,,7405,21,,,0,15,,7390,21,,,0,15,,7409,21,,,0,55,,7397,21,,,0,15,,7400,21,,,0,15,,7415,21,,,0,15,,7391,21,,,0,55,,7410,21,,,0,15,,7404,21,,,0,15,,7401,21,,,0,15,,7395,21,,,0,55,,7392,21,,,0,15,,7411,21,,,0,15,,7388,21,,,0,15,,7402,21,,,0,55,,7414,21,,,0,15,,7393,21,,,0,15,,7412,21,,,0,15,,7407,21,,,0,55,,7403,21,,,0,15,,7387,21,,,0,15,,7394,21,,,0,15,,7413,21,,,0,55,,7396,21,,,0,15,,7385,21,,,0,30,,7416,21,,,0,67,,7422,21,,,0,30,,7417,21,,,0,70,,7423,21,,,0,30,,7419,21,,,0,70,,7424,21,,,0,30,,7425,21,,,0
1000,'Holiday3-505-1111111',713,,7434,21,,,0,30,,7435,21,,,0,70,,7436,21,,,0,30,,7437,21,,,0,70,,7438,21,,,0,18,,7478,21,,,0,15,,7439,21,,,0,55,,7440,21,,,0,15,,7441,21,,,0,15,,7442,21,,,0,15,,7443,21,,,0,55,,7444,21,,,0,15,,7445,21,,,0,15,,7446,21,,,0,15,,7447,21,,,0,55,,7448,21,,,0,15,,7449,21,,,0,15,,7450,21,,,0,15,,7451,21,,,0,55,,7452,21,,,0,15,,7453,21,,,0,15,,7454,21,,,0,15,,7455,21,,,0,55,,7456,21,,,0,15,,7457,21,,,0,15,,7458,21,,,0,15,,7459,21,,,0,55,,7460,21,,,0,15,,7461,21,,,0,15,,7462,21,,,0,15,,7463,21,,,0,55,,7464,21,,,0,15,,7465,21,,,0,15,,7466,21,,,0,15,,7467,21,,,0,55,,7468,21,,,0,15,,7469,21,,,0,15,,7470,21,,,0,15,,7471,21,,,0,55,,7472,21,,,0,15,,7473,21,,,0,15,,7474,21,,,0,15,,7475,21,,,0,67,,7476,21,,,0,30,,7477,21,,,0,70,,7430,21,,,0,30,,7428,21,,,0,70,,7432,21,,,0,30,,7431,21,,,0,70,,7429,21,,,0,30,,7433,21,,,0
1000,'Saturday',713,,7485,21,,,0,30,,7486,21,,,0,70,,7487,21,,,0,30,,7488,21,,,0,70,,7489,21,,,0,18,,7529,21,,,0,15,,7490,21,,,0,55,,7491,21,,,0,15,,7492,21,,,0,15,,7493,21,,,0,15,,7494,21,,,0,55,,7495,21,,,0,15,,7496,21,,,0,15,,7497,21,,,0,15,,7498,21,,,0,55,,7499,21,,,0,15,,7500,21,,,0,15,,7501,21,,,0,15,,7502,21,,,0,55,,7503,21,,,0,15,,7504,21,,,0,15,,7505,21,,,0,15,,7506,21,,,0,55,,7507,21,,,0,15,,7508,21,,,0,15,,7509,21,,,0,15,,7510,21,,,0,55,,7511,21,,,0,15,,7512,21,,,0,15,,7513,21,,,0,15,,7514,21,,,0,55,,7515,21,,,0,15,,7516,21,,,0,15,,7517,21,,,0,15,,7518,21,,,0,55,,7519,21,,,0,15,,7520,21,,,0,15,,7521,21,,,0,15,,7522,21,,,0,55,,7523,21,,,0,15,,7524,21,,,0,15,,7525,21,,,0,15,,7526,21,,,0,67,,7527,21,,,0,30,,7528,21,,,0,70,,7481,21,,,0,30,,7479,21,,,0,70,,7483,21,,,0,30,,7482,21,,,0,70,,7480,21,,,0,30,,7484,21,,,0
1000,'Sunday',817,,7572,21,,,0,30,,7566,21,,,0,70,,7571,21,,,0,29,,7563,21,,,0,70,,7565,21,,,0,30,,7543,21,,,0,55,,7531,21,,,0,15,,7534,21,,,0,15,,7553,21,,,0,15,,7551,21,,,0,55,,7544,21,,,0,15,,7550,21,,,0,15,,7535,21,,,0,15,,7554,21,,,0,55,,7542,21,,,0,15,,7545,21,,,0,15,,7560,21,,,0,15,,7536,21,,,0,55,,7555,21,,,0,15,,7549,21,,,0,15,,7546,21,,,0,15,,7540,21,,,0,55,,7537,21,,,0,15,,7556,21,,,0,15,,7533,21,,,0,15,,7547,21,,,0,55,,7559,21,,,0,15,,7538,21,,,0,15,,7557,21,,,0,15,,7552,21,,,0,55,,7548,21,,,0,15,,7532,21,,,0,15,,7539,21,,,0,15,,7558,21,,,0,55,,7541,21,,,0,15,,7530,21,,,0,30,,7561,21,,,0,67,,7567,21,,,0,30,,7562,21,,,0,70,,7568,21,,,0,30,,7564,21,,,0,70,,7569,21,,,0,30,,7570,21,,,0
1000,'Weekday',507,,7583,21,,,0,30,,7592,21,,,0,66,,7578,21,,,0,27,,7609,21,,,0,15,,7606,21,,,0,55,,7610,21,,,0,10,,7602,21,,,0,18,,7611,21,,,0,15,,7587,21,,,0,15,,7612,21,,,0,55,,7593,21,,,0,17,,7613,21,,,0,15,,7573,21,,,0,55,,7614,21,,,0,15,,7599,21,,,0,15,,7615,21,,,0,15,,7608,21,,,0,55,,7616,21,,,0,15,,7605,21,,,0,15,,7617,21,,,0,15,,7594,21,,,0,55,,7618,21,,,0,15,,7590,21,,,0,15,,7619,21,,,0,15,,7582,21,,,0,55,,7620,21,,,0,18,,7591,21,,,0,12,,7621,21,,,0,15,,7577,21,,,0,55,,7622,21,,,0,15,,7595,21,,,0,15,,7623,21,,,0,15,,7607,21,,,0,55,,7624,21,,,0,16,,7581,21,,,0,15,,7625,21,,,0,15,,7604,21,,,0,57,,7626,21,,,0,15,,7601,21,,,0,15,,7627,21,,,0,15,,7596,21,,,0,56,,7628,21,,,0,12,,7600,21,,,0,16,,7629,21,,,0,14,,7589,21,,,0,58,,7630,21,,,0,15,,7584,21,,,0,15,,7631,21,,,0,15,,7586,21,,,0,55,,7632,21,,,0,12,,7597,21,,,0,15,,7633,21,,,0,12,,7585,21,,,0,15,,7634,21,,,0,55,,7580,21,,,0,30,,7603,21,,,0,70,,7588,21,,,0,30,,7598,21,,,0,70,,7574,21,,,0,30,,7576,21,,,0,69,,7579,21,,,0,30,,7575,21,,,0
5000,'Holiday3-505-1111111',2310,,8851,20,,,0,100,,8850,20,,,0,100,,8852,20,0,8 4 9 10,0
5000,'Saturday',2310,,8854,20,,,0,100,,8853,20,,,0,100,,8855,20,0,8 4 9 10,0
5000,'Weekday',2320,,8857,20,,,0,90,,8856,20,,,0,100,,8858,20,0,8 4 9 10,0
