600,'Holiday21111111',900,,7215,20,,,0,106,,7216,20,,,0,100,,7217,20,,,0,100,,7218,20,,,0,100,,7219,20,,,0,100,,7220,20,,,0,102,,7221,20,,,0,100,,7222,20,,,0,100,,7223,20,,,0,100,,7224,20,,,0,101,,7225,20,,,0,103,,7226,20,,,0
600,'Holiday3-505-1111111',800,,7241,20,,,0,100,,7240,20,,,0,106,,7239,20,,,0,100,,7238,20,,,0,100,,7237,20,,,0,100,,7236,20,,,0,100,,7235,20,,,0,100,,7234,20,,,0,100,,7233,20,,,0,100,,7232,20,,,0,100,,7231,20,,,0,100,,7230,20,,,0,100,,7229,20,,,0,100,,7228,20,,,0,100,,7227,20,,,0
600,'Saturday',800,,7256,20,,,0,100,,7255,20,,,0,106,,7254,20,,,0,100,,7253,20,,,0,100,,7252,20,,,0,100,,7251,20,,,0,100,,7250,20,,,0,100,,7249,20,,,0,100,,7248,20,,,0,100,,7247,20,,,0,100,,7246,20,,,0,100,,7245,20,,,0,100,,7244,20,,,0,100,,7243,20,,,0,100,,7242,20,,,0
600,'Sunday',900,,7257,20,,,0,106,,7258,20,,,0,100,,7259,20,,,0,100,,7260,20,,,0,100,,7261,20,,,0,100,,7262,20,,,0,102,,7263,20,,,0,100,,7264,20,,,0,100,,7265,20,,,0,100,,7266,20,,,0,100,,7267,20,,,0,100,,7268,20,,,0
600,'Weekday',606,,7269,20,,,0,32,,7270,20,,,0,70,,7271,20,,,0,31,,7272,20,,,0,66,,7273,20,,,0,35,,7274,20,,,0,70,,7275,20,,,0,28,,7276,20,,,0,70,,7277,20,,,0,30,,7278,20,,,0,70,,7279,20,,,0,30,,7280,20,,,0,70,,7281,20,,,0,30,,7282,20,,,0,70,,7283,20,,,0,30,,7284,20,,,0,70,,7285,20,,,0,26,,7286,20,,,0,73,,7287,20,,,0,34,,7288,20,,,0,79,,7298,20,,,0,33,,7296,20,,,0,66,,7295,20,,,0,26,,7293,20,,,0,69,,7299,20,,,0,29,,7297,20,,,0,69,,7294,20,,,0,30,,7289,20,,,0,69,,7290,20,,,0,100,,7291,20,,,0,100,,7292,20,,,0
1201,'Holiday21111111',803,,8381,14,,,0,100,,8382,14,,,0,30,,8380,14,,,0,70,,8383,14,,,0,33,,8379,14,,,0,67,,8384,14,,,0,30,,8378,14,,,0,70,,8385,14,,,0,30,,8377,14,,,0,70,,8386,14,,,0,30,,8376,14,,,0,70,,8387,14,,,0,33,,8375,14,,,0,67,,8388,14,,,0,30,,8374,14,,,0,70,,8389,14,,,0,30,,8373,14,,,0,70,,8390,14,,,0,30,,8372,14,,,0,73,,8397,14,,,0,30,,8398,14,,,0,70,,8394,14,,,0,30,,8393,14,,,0,70,,8392,14,,,0,30,,8391,14,,,0,70,,8396,14,,,0,30,,8395,14,,,0
1201,'Holiday3-505-1111111',731,,8413,14,,,0,70,,8416,14,,,0,30,,8412,14,,,0,70,,8417,14,,,0,30,,8411,14,,,0,70,,8418,14,,,0,35,,8410,14,,,0,65,,8419,14,,,0,30,,8409,14,,,0,70,,8420,14,,,0,30,,8408,14,,,0,70,,8421,14,,,0,30,,8407,14,,,0,70,,8422,14,,,0,35,,8406,14,,,0,65,,8423,14,,,0,30,,8405,14,,,0,70,,8424,14,,,0,30,,8404,14,,,0,70,,8425,14,,,0,30,,8403,14,,,0,70,,8426,14,,,0,30,,8402,14,,,0,70,,8427,14,,,0,30,,8401,14,,,0,70,,8415,14,,,0,30,,8400,14,,,0,70,,8414,14,,,0,30,,8399,14,,,0,70,,8428,14,,,0
1201,'Saturday',731,,8443,14,,,0,70,,8446,14,,,0,30,,8442,14,,,0,70,,8447,14,,,0,30,,8441,14,,,0,70,,8448,14,,,0,35,,8440,14,,,0,65,,8449,14,,,0,30,,8439,14,,,0,70,,8450,14,,,0,30,,8438,14,,,0,70,,8451,14,,,0,30,,8437,14,,,0,70,,8452,14,,,0,35,,8436,14,,,0,65,,8453,14,,,0,30,,8435,14,,,0,70,,8454,14,,,0,30,,8434,14,,,0,70,,8455,14,,,0,30,,8433,14,,,0,70,,8456,14,,,0,30,,8432,14,,,0,70,,8457,14,,,0,30,,8431,14,,,0,70,,8445,14,,,0,30,,8430,14,,,0,70,,8444,14,,,0,30,,8429,14,,,0,70,,8458,14,,,0
1201,'Sunday',801,,8468,14,,,0,100,,8469,14,,,0,30,,8467,14,,,0,70,,8470,14,,,0,35,,8466,14,,,0,65,,8471,14,,,0,30,,8465,14,,,0,70,,8472,14,,,0,30,,8464,14,,,0,70,,8473,14,,,0,30,,8463,14,,,0,70,,8474,14,,,0,35,,8462,14,,,0,65,,8475,14,,,0,30,,8461,14,,,0,70,,8476,14,,,0,30,,8460,14,,,0,70,,8477,14,,,0,30,,8459,14,,,0,70,,8478,14,,,0,35,,8479,14,,,0,70,,8480,14,,,0,30,,8481,14,,,0,70,,8482,14,,,0,30,,8483,14,,,0,70,,8484,14,,,0,30,,8485,14,,,0
1201,'Weekday',506,,8486,14,,,0,98,,8487,14,,,0,30,,8488,14,,,0,72,,8489,14,,,0,31,,8490,14,,,0,75,,8491,14,,,0,28,,8492,14,,,0,70,,8493,14,,,0,30,,8494,14,,,0,70,,8495,14,,,0,30,,8496,14,,,0,71,,8497,14,,,0,30,,8498,14,,,0,70,,8499,14,,,0,30,,8500,14,,,0,70,,8501,14,,,0,30,,8502,14,,,0,70,,8503,14,,,0,31,,8504,14,,,0,60,,8505,14,,,0,24,,8506,14,,,0,26,,8507,14,,,0,65,,8508,14,,,0,20,,8509,14,,,0,65,,8510,14,,,0,25,,8520,14,,,0,19,,8521,14,,,0,65,,8511,14,,,0,30,,8515,14,,,0,69,,8512,14,,,0,28,,8517,14,,,0,69,,8513,14,,,0,28,,8516,14,,,0,70,,8514,14,,,0,30,,8518,14,,,0,70,,8519,14,,,0
