101,'Holiday21111111',644,,288,18,,,0,15,,289,18,,,0,55,,290,18,,,0,15,,291,18,,,0,15,,292,18,,,0,15,,293,18,,,0,55,,294,18,,,0,15,,295,18,,,0,10,,296,18,,,0,15,,297,18,,,0,56,,298,18,,,0,15,,299,18,,,0,15,,300,18,,,0,15,,301,18,,,0,55,,302,18,,,0,15,,303,18,,,0,15,,304,18,,,0,15,,305,18,,,0,55,,306,18,,,0,15,,307,18,,,0,15,,308,18,,,0,15,,309,18,,,0,55,,310,18,,,0,15,,311,18,,,0,15,,312,18,,,0,15,,313,18,,,0,55,,314,18,,,0,15,,315,18,,,0,15,,316,18,,,0,15,,317,18,,,0,55,,318,18,,,0,15,,319,18,,,0,15,,320,18,,,0,15,,321,18,,,0,55,,322,18,,,0,15,,323,18,,,0,15,,324,18,,,0,15,,325,18,,,0,55,,326,18,,,0,15,,327,18,,,0,15,,328,18,,,0,15,,329,18,,,0,55,,330,18,,,0,15,,331,18,,,0,15,,332,18,,,0,15,,333,18,,,0,54,,334,18,,,0,18,,335,18,,,0,15,,336,18,,,0,15,,337,18,,,0,55,,338,18,,,0,15,,283,18,,,0,30,,285,18,,,0,70,,287,18,,,0,30,,284,18,,,0,70,,286,18,,,0,30,,340,18,,,0,70,,339,18,,,0
101,'Saturday',644,,352,18,,,0,15,,353,18,,,0,55,,354,18,,,0,10,,355,18,,,0,15,,356,18,,,0,15,,357,18,,,0,55,,358,18,,,0,15,,359,18,,,0,15,,360,18,,,0,15,,361,18,,,0,56,,362,18,,,0,15,,363,18,,,0,15,,364,18,,,0,15,,365,18,,,0,55,,366,18,,,0,14,,367,18,,,0,11,,404,18,,,0,14,,368,18,,,0,54,,369,18,,,0,14,,370,18,,,0,14,,371,18,,,0,14,,372,18,,,0,14,,373,18,,,0,54,,403,18,,,0,14,,374,18,,,0,14,,375,18,,,0,14,,376,18,,,0,54,,377,18,,,0,13,,378,18,,,0,14,,379,18,,,0,14,,401,18,,,0,54,,380,18,,,0,14,,381,18,,,0,14,,382,18,,,0,14,,383,18,,,0,54,,384,18,,,0,14,,385,18,,,0,14,,402,18,,,0,14,,386,18,,,0,14,,387,18,,,0,54,,388,18,,,0,14,,389,18,,,0,14,,390,18,,,0,14,,391,18,,,0,54,,392,18,,,0,15,,393,18,,,0,15,,394,18,,,0,15,,395,18,,,0,55,,396,18,,,0,17,,397,18,,,0,18,,398,18,,,0,15,,399,18,,,0,55,,400,18,,,0,18,,344,18,,,0,30,,347,18,,,0,70,,341,18,,,0,30,,345,18,,,0,69,,348,18,,,0,30,,342,18,,,0,70,,346,18,,,0,30,,349,18,,,0,70,,343,18,,,0,30,,350,18,,,0,69,,351,18,,,0
101,'Sunday',644,,412,18,,,0,15,,413,18,,,0,55,,414,18,,,0,10,,415,18,,,0,15,,416,18,,,0,15,,417,18,,,0,55,,418,18,,,0,15,,419,18,,,0,15,,420,18,,,0,15,,421,18,,,0,56,,422,18,,,0,15,,423,18,,,0,15,,424,18,,,0,15,,425,18,,,0,55,,426,18,,,0,14,,427,18,,,0,11,,464,18,,,0,14,,428,18,,,0,54,,429,18,,,0,14,,430,18,,,0,14,,431,18,,,0,14,,432,18,,,0,14,,433,18,,,0,54,,463,18,,,0,14,,434,18,,,0,14,,435,18,,,0,14,,436,18,,,0,54,,437,18,,,0,13,,438,18,,,0,14,,439,18,,,0,14,,461,18,,,0,54,,440,18,,,0,14,,441,18,,,0,14,,442,18,,,0,14,,443,18,,,0,54,,444,18,,,0,14,,445,18,,,0,14,,462,18,,,0,14,,446,18,,,0,14,,447,18,,,0,54,,448,18,,,0,14,,449,18,,,0,14,,450,18,,,0,14,,451,18,,,0,54,,452,18,,,0,15,,453,18,,,0,15,,454,18,,,0,15,,455,18,,,0,55,,456,18,,,0,17,,457,18,,,0,18,,458,18,,,0,15,,459,18,,,0,55,,460,18,,,0,18,,407,18,,,0,30,,410,18,,,0,70,,405,18,,,0,30,,408,18,,,0,69,,411,18,,,0,30,,406,18,,,0,70,,409,18,,,0
101,'Weekday',500,,554,18,,,0,15,,555,18,,,0,12,,556,18,,,0,12,,557,18,,,0,12,,558,18,,,0,52,,559,18,,,0,14,,563,18,,,0,12,,562,18,,,0,12,,560,18,,,0,15,,547,18,,,0,54,,550,18,,,0,12,,551,18,,,0,12,,548,18,,,0,12,,552,18,,,0,12,,553,18,,,0,52,,507,18,,,0,12,,494,18,,,0,12,,495,18,,,0,12,,496,18,,,0,12,,497,18,,,0,53,,498,18,,,0,12,,499,18,,,0,12,,500,18,,,0,12,,501,18,,,0,12,,502,18,,,0,52,,503,18,,,0,12,,504,18,,,0,12,,505,18,,,0,12,,506,18,,,0,12,,482,18,,,0,52,,487,18,,,0,12,,488,18,,,0,12,,486,18,,,0,12,,493,18,,,0,12,,484,18,,,0,52,,480,18,,,0,12,,481,18,,,0,12,,483,18,,,0,12,,492,18,,,0,12,,489,18,,,0,51,,564,18,,,0,9,,491,18,,,0,11,,490,18,,,0,11,,542,18,,,0,10,,485,18,,,0,50,,543,18,,,0,9,,565,18,,,0,10,,544,18,,,0,9,,545,18,,,0,9,,546,18,,,0,10,,516,18,,,0,9,,518,18,,,0,50,,511,18,,,0,11,,514,18,,,0,9,,527,18,,,0,11,,520,18,,,0,11,,534,18,,,0,9,,549,18,,,0,50,,525,18,,,0,11,,530,18,,,0,11,,533,18,,,0,11,,528,18,,,0,11,,522,18,,,0,51,,526,18,,,0,9,,523,18,,,0,10,,515,18,,,0,10,,532,18,,,0,10,,535,18,,,0,10,,529,18,,,0,50,,513,18,,,0,11,,531,18,,,0,13,,519,18,,,0,11,,524,18,,,0,12,,512,18,,,0,10,,521,18,,,0,50,,510,18,,,0,9,,517,18,,,0,10,,508,18,,,0,10,,509,18,,,0,10,,536,18,,,0,10,,537,18,,,0,51,,538,18,,,0,12,,539,18,,,0,12,,540,18,,,0,12,,541,18,,,0,11,,465,18,,,0,55,,466,18,,,0,15,,468,18,,,0,15,,467,18,,,0,15,,470,18,,,0,59,,469,18,,,0,20,,475,18,,,0,15,,471,18,,,0,55,,476,18,,,0,15,,472,18,,,0,15,,477,18,,,0,15,,473,18,,,0,55,,478,18,,,0,14,,474,18,,,0,15,,479,18,,,0,15,,561,18,,,0
601,'Holiday21111111',835,,1379,32,,,0,100,,1380,32,,,0,113,,1381,32,,,0,100,,1382,32,,,0,100,,1383,32,,,0,100,,1384,32,,,0,104,,1385,32,,,0,100,,1386,32,,,0,100,,1387,32,,,0,100,,1388,32,,,0,100,,1389,32,,,0,100,,1390,32,,,0
601,'Saturday',735,,1405,32,,,0,100,,1404,32,,,0,100,,1403,32,,,0,110,,1402,32,,,0,100,,1401,32,,,0,100,,1400,32,,,0,100,,1399,32,,,0,100,,1398,32,,,0,100,,1397,32,,,0,100,,1396,32,,,0,100,,1395,32,,,0,100,,1394,32,,,0,100,,1393,32,,,0,100,,1392,32,,,0,100,,1391,32,,,0
601,'Sunday',835,,1406,32,,,0,100,,1407,32,,,0,113,,1408,32,,,0,100,,1409,32,,,0,100,,1410,32,,,0,100,,1411,32,,,0,104,,1412,32,,,0,100,,1413,32,,,0,100,,1414,32,,,0,100,,1415,32,,,0,100,,1416,32,,,0,100,,1417,32,,,0
601,'Weekday',543,,1418,32,,,0,102,,1419,32,,,0,70,,1420,32,,,0,30,,1421,32,,,0,75,,1422,32,,,0,30,,1423,32,,,0,69,,1424,32,,,0,30,,1425,32,,,0,65,,1426,32,,,0,30,,1427,32,,,0,70,,1428,32,,,0,30,,1429,32,,,0,70,,1430,32,,,0,30,,1431,32,,,0,70,,1432,32,,,0,31,,1433,32,,,0,70,,1434,32,,,0,32,,1435,32,,,0,73,,1436,32,,,0,33,,1437,32,,,0,70,,1438,32,,,0,30,,1439,32,,,0,70,,1440,32,,,0,31,,1441,32,,,0,67,,1442,32,,,0,30,,1443,32,,,0,70,,1444,32,,,0,26,,1445,32,,,0,100,,1446,32,,,0,100,,1447,32,,,0
5001,'Saturday',2344,,2644,36,,,0,97,,2643,36,,,0
5001,'Weekday',2344,,2646,36,,,0,97,,2645,36,,,0
5101,'Saturday',2345,,2654,32,,,0,97,,2653,32,,,0
5101,'Weekday',2345,,2657,32,,,0,97,,2656,32,,,0
8001,'Weekday',524,,2697,4,,,0,30,,2703,23,,,0,71,,2698,23,,,0,30,,2704,23,,,0,73,,2699,23,,,0,30,,2705,23,,,0,76,,2700,23,,,0,70,,2706,23,,,0,30,,2701,23,,,0,70,,2707,23,,,0,29,,2702,23,,,0,70,,2708,23,,,0,30,,2717,23,,,0,70,,2709,23,,,0,26,,2718,23,,,0,30,,2710,23,,,0,70,,2719,23,,,0,30,,2711,23,,,0,73,,2720,23,,,0,70,,2712,23,,,0,29,,2724,23,,,0,21,,2725,23,,,0,60,,2713,23,,,0,22,,2721,23,,,0,70,,2714,23,,,0,28,,2722,23,,,0,70,,2715,23,,,0,26,,2723,23,,,0,30,,2716,23,,,0
8101,'Weekday',609,,2758,42,,,0,31,,2763,42,,,0,70,,2759,42,,,0,33,,2764,42,,,0,70,,2760,42,,,0,37,,2765,42,,,0,70,,2761,42,,,0,28,,2766,42,,,0,70,,2762,42,,,0,30,,2769,42,,,0,70,,2770,42,,,0,30,,2771,42,,,0,70,,2772,42,,,0,25,,2773,42,,,0,70,,2774,42,,,0,30,,2775,42,,,0,70,,2776,42,,,0,32,,2777,42,,,0,70,,2778,42,,,0,36,,2767,42,,,0,70,,2779,42,,,0,32,,2768,42,,,0,70,,2756,42,,,0,21,,2754,42,,,0,70,,2755,42,,,0,29,,2780,42,,,0,70,,2757,42,,,0
