400,'Holiday21111111',1133,,7084,1,,,0,100,,7088,1,,,0,100,,7085,1,,,0,100,,7089,1,,,0,100,,7086,1,,,0,100,,7090,1,,,0,100,,7087,1,,,0
400,'Holiday3-505-1111111',833,,7091,1,,,0,100,,7097,1,,,0,100,,7092,1,,,0,100,,7098,1,,,0,100,,7093,1,,,0,100,,7099,1,,,0,100,,7094,1,,,0,100,,7100,1,,,0,100,,7095,1,,,0,100,,7101,1,,,0,100,,7096,1,,,0,100,,7102,1,,,0,100,,7103,1,,,0
400,'Saturday',833,,7104,1,,,0,100,,7110,1,,,0,100,,7105,1,,,0,100,,7111,1,,,0,100,,7106,1,,,0,100,,7112,1,,,0,100,,7107,1,,,0,100,,7113,1,,,0,100,,7108,1,,,0,100,,7114,1,,,0,100,,7109,1,,,0,100,,7115,1,,,0,100,,7116,1,,,0
400,'Sunday',1133,,7117,1,,,0,100,,7121,1,,,0,100,,7118,1,,,0,100,,7122,1,,,0,100,,7119,1,,,0,100,,7123,1,,,0,100,,7120,1,,,0
400,'Weekday',535,,7124,1,,,0,100,,7125,1,,,0,100,,7126,1,,,0,23,,7127,1,,,0,77,,7128,1,,,0,70,,7129,1,,,0,30,,7130,1,,,0,70,,7131,1,,,0,30,,7132,1,,,0,70,,7133,1,,,0,30,,7134,1,,,0,70,,7135,1,,,0,30,,7136,1,,,0,70,,7137,1,,,0,30,,7138,1,,,0,70,,7139,1,,,0,30,,7140,1,,,0,70,,7141,1,,,0,30,,7142,1,,,0,70,,7143,1,,,0,30,,7144,1,,,0,70,,7145,1,,,0,33,,7146,1,,,0,70,,7150,1,,,0,30,,7147,1,,,0,97,,7148,1,,,0,100,,7149,1,,,0
401,'Holiday21111111',1126,,7158,74,4,,0,100,,7154,74,4,,0,100,,7151,74,4,,0,100,,7155,74,4,,0,100,,7152,74,4,,0,100,,7156,74,4,,0,100,,7153,74,4,,0,99,,7157,74,4,,0
401,'Holiday3-505-1111111',1026,,7159,74,4,,0,100,,7164,74,4,,0,100,,7160,74,4,,0,100,,7165,74,4,,0,100,,7161,74,4,,0,100,,7166,74,4,,0,100,,7162,74,4,,0,100,,7167,74,4,,0,99,,7163,74,4,,0,100,,7168,74,4,,0,100,,7169,74,4,,0
401,'Saturday',1026,,7170,74,4,,0,100,,7175,74,4,,0,100,,7171,74,4,,0,100,,7176,74,4,,0,100,,7172,74,4,,0,100,,7177,74,4,,0,100,,7173,74,4,,0,100,,7178,74,4,,0,99,,7174,74,4,,0,100,,7179,74,4,,0,100,,7180,74,4,,0
401,'Sunday',1126,,7188,74,4,,0,100,,7184,74,4,,0,100,,7181,74,4,,0,100,,7185,74,4,,0,100,,7182,74,4,,0,100,,7186,74,4,,0,100,,7183,74,4,,0,99,,7187,74,4,,0
401,'Weekday',624,,7189,74,4,,0,101,,7190,74,4,,0,31,,7191,74,4,,0,70,,7192,74,4,,0,31,,7193,74,4,,0,70,,7194,74,4,,0,29,,7195,74,4,,0,70,,7196,74,4,,0,30,,7197,74,4,,0,70,,7198,74,4,,0,30,,7199,74,4,,0,70,,7200,74,4,,0,30,,7201,74,4,,0,70,,7202,74,4,,0,30,,7203,74,4,,0,70,,7204,74,4,,0,33,,7205,74,4,,0,70,,7206,74,4,,0,30,,7207,74,4,,0,74,,7208,74,4,,0,70,,7209,74,4,,0,26,,7210,74,4,,0,27,,7211,74,4,,0,70,,7212,74,4,,0,100,,7213,74,4,,0,99,,7214,74,4,,0
8700,'Weekday',552,,9010,1,,,0,85,,9011,1,,,0,85,,9012,1,,,0,85,,9013,1,,,0,45,,9014,1,,,0,600,,9015,1,,,0,85,,9016,1,,,0,85,,9017,1,,,0,85,,9018,1,,,0,45,,9019,1,,,0,85,,9020,1,,,0
8701,'Weekday',543,,9021,14,4,,0,85,,9022,14,4,,0,85,,9023,14,4,,0,87,,9024,14,4,,0,45,,9025,14,4,,0,601,,9026,14,4,,0,85,,9027,14,4,,0,85,,9028,14,4,,0,85,,9029,14,4,,0,45,,9030,14,4,,0,83,,9031,14,4,,0
