200,'Holiday21111111',758,5,566,12,,,0,100,5,567,12,,,0,71,5,590,12,,,0,30,5,568,12,,,0,70,5,579,12,,,0,30,5,569,12,,,0,70,5,580,12,,,0,30,5,570,12,,,0,70,5,581,12,,,0,30,5,571,12,,,0,70,5,582,12,,,0,30,5,572,12,,,0,70,5,583,12,,,0,30,5,573,12,,,0,70,5,584,12,,,0,30,5,574,12,,,0,70,5,585,12,,,0,30,5,575,12,,,0,70,5,586,12,,,0,30,5,576,12,,,0,69,5,587,12,,,0,30,5,577,12,,,0,73,5,588,12,,,0,70,45,578,12,,,0,30,5,589,12,,,0,70,45,591,12,,,0,30,5,592,12,,,0
200,'Saturday',628,5,593,12,,,0,100,5,594,12,,,0,100,5,595,12,,,0,100,4,596,12,,,0,30,4,609,12,,,0,60,4,597,12,,,0,20,4,623,12,,,0,20,4,610,12,,,0,60,4,598,12,,,0,20,4,624,12,,,0,20,4,611,12,,,0,59,3,599,12,,,0,20,3,625,12,,,0,65,43,612,12,,,0,20,3,600,12,,,0,20,3,626,12,,,0,60,43,613,12,,,0,20,3,601,12,,,0,20,3,627,12,,,0,60,43,614,12,,,0,25,3,602,12,,,0,20,3,628,12,,,0,60,3,615,12,,,0,20,3,603,12,,,0,20,3,629,12,,,0,60,3,616,12,,,0,21,4,604,12,,,0,30,4,617,12,,,0,70,4,605,12,,,0,30,4,618,12,,,0,70,5,606,12,,,0,30,5,619,12,,,0,70,5,607,12,,,0,30,5,620,12,,,0,70,5,608,12,,,0,30,5,621,12,,,0,94,,622,12,4,,0
200,'Sunday',758,5,630,12,,,0,100,5,631,12,,,0,100,4,632,12,,,0,60,4,643,12,,,0,20,4,656,12,,,0,20,4,633,12,,,0,60,4,644,12,,,0,20,4,657,12,,,0,20,4,634,12,,,0,59,3,645,12,,,0,20,3,658,12,,,0,65,43,635,12,,,0,20,3,646,12,,,0,20,3,659,12,,,0,60,43,636,12,,,0,20,3,647,12,,,0,20,3,660,12,,,0,60,43,637,12,,,0,25,3,648,12,,,0,20,3,661,12,,,0,60,3,638,12,,,0,20,3,649,12,,,0,20,3,662,12,,,0,60,3,639,12,,,0,21,4,650,12,,,0,30,4,640,12,,,0,70,4,651,12,,,0,30,4,641,12,,,0,70,5,652,12,,,0,30,5,642,12,,,0,70,5,653,12,,,0,30,5,654,12,,,0,70,5,655,12,,,0
200,'Weekday',454,5,663,12,,,0,70,5,665,12,,,0,30,5,667,12,,,0,68,5,696,12,,,0,15,5,669,12,,,0,15,5,670,12,,,0,55,5,697,12,,,0,16,5,671,12,,,0,15,5,672,12,,,0,15,5,673,12,,,0,56,5,674,12,,,0,15,5,675,12,,,0,15,5,698,12,,,0,15,5,676,12,,,0,55,5,699,12,,,0,15,5,677,12,,,0,16,5,678,12,,,0,14,5,700,12,,,0,55,5,701,12,,,0,15,5,702,12,,,0,15,5,679,12,,,0,15,5,703,12,,,0,55,5,704,12,,,0,16,5,680,12,,,0,15,5,705,12,,,0,15,5,681,12,,,0,55,5,682,12,,,0,15,5,706,12,,,0,15,5,707,12,,,0,15,5,683,12,,,0,55,5,684,12,,,0,15,5,708,12,,,0,15,5,709,12,,,0,15,5,685,12,,,0,55,5,710,12,,,0,15,5,711,12,,,0,15,5,686,12,,,0,15,5,712,12,,,0,55,5,713,12,,,0,15,5,714,12,,,0,15,5,687,12,,,0,15,5,688,12,,,0,55,5,689,12,,,0,15,5,715,12,,,0,15,5,716,12,,,0,15,5,717,12,,,0,55,5,718,12,,,0,15,5,690,12,,,0,15,5,719,12,,,0,16,5,691,12,,,0,55,5,720,12,,,0,13,5,692,12,,,0,15,5,721,12,,,0,19,5,722,12,,,0,70,5,723,12,,,0,30,5,695,12,,,0,70,5,693,12,,,0,30,5,664,12,,,0,70,5,694,12,,,0,72,45,666,12,,,0,29,5,668,12,,,0,27,5,724,12,4,,0
201,'Holiday21111111',755,5,725,27,,,0,100,5,726,27,,,0,70,5,749,27,,,0,30,5,727,27,,,0,70,5,738,27,,,0,30,5,728,27,,,0,70,5,739,27,,,0,30,5,729,27,,,0,70,5,740,27,,,0,30,5,730,27,,,0,70,5,741,27,,,0,30,5,731,27,,,0,70,5,742,27,,,0,30,5,732,27,,,0,70,5,743,27,,,0,30,5,733,27,,,0,70,5,744,27,,,0,30,5,734,27,,,0,70,5,745,27,,,0,30,5,735,27,,,0,72,5,746,27,,,0,30,5,736,27,,,0,70,5,747,27,,,0,73,45,737,27,,,0,30,5,748,27,,,0,70,45,751,27,,,0,30,5,752,27,,,0,70,45,750,27,,,0
201,'Saturday',655,5,753,27,,,0,100,5,754,27,,,0,100,5,755,27,,,0,70,5,783,27,,,0,30,5,756,27,,,0,70,3,770,27,,,0,20,3,757,27,,,0,60,3,784,27,,,0,20,3,771,27,,,0,20,3,758,27,,,0,60,3,785,27,,,0,25,3,772,27,,,0,20,3,759,27,,,0,60,3,786,27,,,0,19,2,773,27,,,0,20,2,760,27,,,0,60,2,787,27,,,0,20,2,774,27,,,0,20,2,761,27,,,0,65,2,788,27,,,0,20,2,775,27,,,0,20,2,762,27,,,0,60,2,789,27,,,0,21,3,776,27,,,0,20,3,763,27,,,0,60,3,790,27,,,0,20,3,777,27,,,0,20,3,764,27,,,0,70,5,778,27,,,0,30,5,765,27,,,0,70,5,779,27,,,0,30,5,766,27,,,0,70,5,780,27,,,0,30,5,767,27,,,0,70,5,781,27,,,0,30,5,768,27,,,0,70,5,782,27,,,0,25,,769,27,4,,0
201,'Sunday',755,5,791,27,,,0,100,5,792,27,,,0,70,5,815,27,,,0,30,5,793,27,,,0,70,3,804,27,,,0,20,3,794,27,,,0,60,3,824,27,,,0,20,3,805,27,,,0,20,3,795,27,,,0,60,3,825,27,,,0,25,3,806,27,,,0,20,3,796,27,,,0,60,3,823,27,,,0,19,2,807,27,,,0,20,2,797,27,,,0,60,2,821,27,,,0,20,2,808,27,,,0,20,2,798,27,,,0,65,2,819,27,,,0,20,2,809,27,,,0,20,2,799,27,,,0,60,2,820,27,,,0,21,3,810,27,,,0,20,3,800,27,,,0,60,3,822,27,,,0,20,3,811,27,,,0,20,3,801,27,,,0,70,5,812,27,,,0,30,5,802,27,,,0,70,5,813,27,,,0,30,5,803,27,,,0,70,5,814,27,,,0,30,5,816,27,,,0,70,5,817,27,,,0,30,5,818,27,,,0
201,'Weekday',524,5,850,27,,,0,29,5,851,27,,,0,68,5,852,27,,,0,15,5,853,27,,,0,15,5,827,27,,,0,55,5,854,27,,,0,15,5,855,27,,,0,15,5,828,27,,,0,15,5,856,27,,,0,55,5,829,27,,,0,15,5,830,27,,,0,16,5,857,27,,,0,15,5,858,27,,,0,55,5,859,27,,,0,15,5,831,27,,,0,15,5,860,27,,,0,18,5,832,27,,,0,55,5,861,27,,,0,15,5,862,27,,,0,15,5,863,27,,,0,15,5,864,27,,,0,55,5,833,27,,,0,16,5,865,27,,,0,17,5,866,27,,,0,15,5,834,27,,,0,55,5,867,27,,,0,15,5,868,27,,,0,15,5,835,27,,,0,15,5,869,27,,,0,55,5,836,27,,,0,15,5,870,27,,,0,15,5,837,27,,,0,15,5,838,27,,,0,53,5,871,27,,,0,16,5,872,27,,,0,15,5,839,27,,,0,15,5,873,27,,,0,57,5,874,27,,,0,18,5,875,27,,,0,15,5,876,27,,,0,55,45,840,27,,,0,15,5,877,27,,,0,13,5,841,27,,,0,15,5,878,27,,,0,55,45,842,27,,,0,15,5,879,27,,,0,16,5,880,27,,,0,14,5,881,27,,,0,14,5,882,27,,,0,55,5,883,27,,,0,12,5,843,27,,,0,15,5,884,27,,,0,18,5,844,27,,,0,70,5,846,27,,,0,30,5,848,27,,,0,70,5,885,27,,,0,30,5,847,27,,,0,70,5,845,27,,,0,30,5,849,27,,,0,70,5,886,27,,,0,30,5,826,27,,,0
600,'Holiday21111111',848,,1309,1,,,0,106,,1310,1,,,0,100,,1311,1,,,0,100,,1312,1,,,0,100,,1313,1,,,0,100,,1314,1,,,0,102,,1315,1,,,0,100,,1316,1,,,0,100,,1317,1,,,0,100,,1318,1,,,0,101,,1319,1,,,0,143,,1320,1,,,0
600,'Saturday',748,,1335,1,,,0,100,,1334,1,,,0,106,,1333,1,,,0,100,,1332,1,,,0,100,,1331,1,,,0,100,,1330,1,,,0,100,,1329,1,,,0,100,,1328,1,,,0,100,,1327,1,,,0,100,,1326,1,,,0,100,,1325,1,,,0,100,,1324,1,,,0,100,,1323,1,,,0,100,,1322,1,,,0,100,,1321,1,,,0
600,'Sunday',848,,1336,1,,,0,106,,1337,1,,,0,100,,1338,1,,,0,100,,1339,1,,,0,100,,1340,1,,,0,100,,1341,1,,,0,102,,1342,1,,,0,100,,1343,1,,,0,100,,1344,1,,,0,100,,1345,1,,,0,100,,1346,1,,,0,100,,1347,1,,,0
600,'Weekday',555,,1348,1,,,0,70,,1349,1,,,0,30,,1350,1,,,0,70,,1351,1,,,0,25,,1352,1,,,0,75,,1353,1,,,0,30,,1354,1,,,0,70,,1355,1,,,0,30,,1356,1,,,0,70,,1357,1,,,0,30,,1358,1,,,0,70,,1359,1,,,0,30,,1360,1,,,0,70,,1361,1,,,0,30,,1362,1,,,0,70,,1363,1,,,0,30,,1364,1,,,0,65,,1365,1,,,0,35,,1366,1,,,0,70,,1367,1,,,0,31,,1368,1,,,0,70,,1369,1,,,0,74,,1370,1,,,0,30,,1371,1,,,0,70,,1372,1,,,0,30,,1373,1,,,0,26,,1374,1,,,0,70,,1375,1,,,0,30,,1376,1,,,0,100,,1377,1,,,0,100,,1378,1,,,0
601,'Holiday21111111',836,,1379,33,4,,0,100,,1380,33,4,,0,113,,1381,33,4,,0,100,,1382,33,4,,0,100,,1383,33,4,,0,100,,1384,33,4,,0,104,,1385,33,4,,0,100,,1386,33,4,,0,100,,1387,33,4,,0,100,,1388,33,4,,0,100,,1389,33,4,,0,100,,1390,33,4,,0
601,'Saturday',736,,1405,33,4,,0,100,,1404,33,4,,0,100,,1403,33,4,,0,110,,1402,33,4,,0,100,,1401,33,4,,0,100,,1400,33,4,,0,100,,1399,33,4,,0,100,,1398,33,4,,0,100,,1397,33,4,,0,100,,1396,33,4,,0,100,,1395,33,4,,0,100,,1394,33,4,,0,100,,1393,33,4,,0,100,,1392,33,4,,0,100,,1391,33,4,,0
601,'Sunday',836,,1406,33,4,,0,100,,1407,33,4,,0,113,,1408,33,4,,0,100,,1409,33,4,,0,100,,1410,33,4,,0,100,,1411,33,4,,0,104,,1412,33,4,,0,100,,1413,33,4,,0,100,,1414,33,4,,0,100,,1415,33,4,,0,100,,1416,33,4,,0,100,,1417,33,4,,0
601,'Weekday',544,,1418,33,4,,0,102,,1419,33,4,,0,70,,1420,33,4,,0,30,,1421,33,4,,0,75,,1422,33,4,,0,30,,1423,33,4,,0,69,,1424,33,4,,0,30,,1425,33,4,,0,65,,1426,33,4,,0,30,,1427,33,4,,0,70,,1428,33,4,,0,30,,1429,33,4,,0,70,,1430,33,4,,0,30,,1431,33,4,,0,70,,1432,33,4,,0,31,,1433,33,4,,0,70,,1434,33,4,,0,32,,1435,33,4,,0,73,,1436,33,4,,0,34,,1437,33,4,,0,70,,1438,33,4,,0,30,,1439,33,4,,0,70,,1440,33,4,,0,30,,1441,33,4,,0,67,,1442,33,4,,0,30,,1443,33,4,,0,70,,1444,33,4,,0,26,,1445,33,4,,0,100,,1446,33,4,,0,100,,1447,33,4,,0
1000,'Holiday21111111',806,,1490,1,,,0,30,,1484,1,,,0,70,,1489,1,,,0,26,,1481,1,,,0,70,,1483,1,,,0,30,,1461,1,,,0,15,,1449,1,,,0,55,,1452,1,,,0,15,,1471,1,,,0,15,,1469,1,,,0,15,,1462,1,,,0,55,,1468,1,,,0,15,,1453,1,,,0,15,,1472,1,,,0,15,,1460,1,,,0,55,,1463,1,,,0,15,,1478,1,,,0,15,,1454,1,,,0,15,,1473,1,,,0,55,,1467,1,,,0,15,,1464,1,,,0,15,,1458,1,,,0,15,,1455,1,,,0,55,,1474,1,,,0,15,,1451,1,,,0,15,,1465,1,,,0,15,,1477,1,,,0,55,,1456,1,,,0,15,,1475,1,,,0,15,,1470,1,,,0,15,,1466,1,,,0,55,,1450,1,,,0,15,,1457,1,,,0,15,,1476,1,,,0,15,,1459,1,,,0,55,,1448,1,,,0,30,,1479,1,,,0,70,,1485,1,,,0,30,,1480,1,,,0,70,,1486,1,,,0,30,,1482,1,,,0,70,,1487,1,,,0,30,,1488,1,,,0
1000,'Saturday',702,,1497,1,,,0,30,,1498,1,,,0,70,,1499,1,,,0,30,,1500,1,,,0,70,,1501,1,,,0,15,,1541,1,,,0,15,,1502,1,,,0,15,,1503,1,,,0,55,,1504,1,,,0,15,,1505,1,,,0,15,,1506,1,,,0,15,,1507,1,,,0,55,,1508,1,,,0,15,,1509,1,,,0,15,,1510,1,,,0,15,,1511,1,,,0,55,,1512,1,,,0,15,,1513,1,,,0,15,,1514,1,,,0,15,,1515,1,,,0,55,,1516,1,,,0,15,,1517,1,,,0,15,,1518,1,,,0,15,,1519,1,,,0,55,,1520,1,,,0,15,,1521,1,,,0,15,,1522,1,,,0,15,,1523,1,,,0,55,,1524,1,,,0,15,,1525,1,,,0,15,,1526,1,,,0,15,,1527,1,,,0,55,,1528,1,,,0,15,,1529,1,,,0,15,,1530,1,,,0,15,,1531,1,,,0,55,,1532,1,,,0,15,,1533,1,,,0,15,,1534,1,,,0,15,,1535,1,,,0,55,,1536,1,,,0,15,,1537,1,,,0,15,,1538,1,,,0,70,,1539,1,,,0,30,,1540,1,,,0,70,,1493,1,,,0,30,,1491,1,,,0,70,,1495,1,,,0,30,,1494,1,,,0,70,,1492,1,,,0,30,,1496,1,,,0
1000,'Sunday',806,,1584,1,,,0,30,,1578,1,,,0,70,,1583,1,,,0,26,,1575,1,,,0,70,,1577,1,,,0,30,,1555,1,,,0,15,,1543,1,,,0,55,,1546,1,,,0,15,,1565,1,,,0,15,,1563,1,,,0,15,,1556,1,,,0,55,,1562,1,,,0,15,,1547,1,,,0,15,,1566,1,,,0,15,,1554,1,,,0,55,,1557,1,,,0,15,,1572,1,,,0,15,,1548,1,,,0,15,,1567,1,,,0,55,,1561,1,,,0,15,,1558,1,,,0,15,,1552,1,,,0,15,,1549,1,,,0,55,,1568,1,,,0,15,,1545,1,,,0,15,,1559,1,,,0,15,,1571,1,,,0,55,,1550,1,,,0,15,,1569,1,,,0,15,,1564,1,,,0,15,,1560,1,,,0,55,,1544,1,,,0,15,,1551,1,,,0,15,,1570,1,,,0,15,,1553,1,,,0,55,,1542,1,,,0,30,,1573,1,,,0,70,,1579,1,,,0,30,,1574,1,,,0,70,,1580,1,,,0,30,,1576,1,,,0,70,,1581,1,,,0,30,,1582,1,,,0
1000,'Weekday',455,,1595,1,,,0,70,,1604,1,,,0,26,,1590,1,,,0,67,,1621,1,,,0,15,,1618,1,,,0,17,,1622,1,,,0,52,,1614,1,,,0,14,,1623,1,,,0,15,,1599,1,,,0,15,,1624,1,,,0,12,,1605,1,,,0,57,,1625,1,,,0,15,,1585,1,,,0,15,,1626,1,,,0,55,,1611,1,,,0,15,,1627,1,,,0,15,,1620,1,,,0,15,,1628,1,,,0,55,,1617,1,,,0,15,,1629,1,,,0,15,,1606,1,,,0,15,,1630,1,,,0,55,,1602,1,,,0,15,,1631,1,,,0,15,,1594,1,,,0,15,,1632,1,,,0,58,,1603,1,,,0,12,,1633,1,,,0,15,,1589,1,,,0,15,,1634,1,,,0,55,,1607,1,,,0,15,,1635,1,,,0,15,,1619,1,,,0,15,,1636,1,,,0,55,,1593,1,,,0,15,,1637,1,,,0,15,,1616,1,,,0,17,,1638,1,,,0,55,,1613,1,,,0,15,,1639,1,,,0,15,,1608,1,,,0,16,,1640,1,,,0,52,,1612,1,,,0,16,,1641,1,,,0,14,,1601,1,,,0,18,,1642,1,,,0,55,,1596,1,,,0,15,,1643,1,,,0,15,,1598,1,,,0,15,,1644,1,,,0,55,,1609,1,,,0,15,,1645,1,,,0,12,,1597,1,,,0,15,,1646,1,,,0,55,,1592,1,,,0,30,,1615,1,,,0,70,,1600,1,,,0,30,,1610,1,,,0,70,,1586,1,,,0,30,,1588,1,,,0,70,,1591,1,,,0,30,,1587,1,,,0
1001,'Holiday21111111',822,,1671,63,4,,0,30,,1688,63,4,,0,70,,1689,63,4,,0,32,,1687,63,4,,0,72,,1669,63,4,,0,30,,1674,63,4,,0,55,,1673,63,4,,0,15,,1675,63,4,,0,15,,1676,63,4,,0,15,,1677,63,4,,0,55,,1678,63,4,,0,15,,1679,63,4,,0,15,,1680,63,4,,0,15,,1681,63,4,,0,55,,1682,63,4,,0,15,,1683,63,4,,0,15,,1684,63,4,,0,15,,1685,63,4,,0,55,,1686,63,4,,0,15,,1672,63,4,,0,15,,1670,63,4,,0,15,,1664,63,4,,0,55,,1647,63,4,,0,15,,1657,63,4,,0,15,,1659,63,4,,0,15,,1662,63,4,,0,55,,1652,63,4,,0,15,,1666,63,4,,0,15,,1656,63,4,,0,15,,1660,63,4,,0,55,,1648,63,4,,0,15,,1653,63,4,,0,15,,1667,63,4,,0,15,,1655,63,4,,0,50,,1661,63,4,,0,19,,1654,63,4,,0,30,,1650,63,4,,0,70,,1665,63,4,,0,28,,1649,63,4,,0,68,,1658,63,4,,0,30,,1668,63,4,,0,70,,1651,63,4,,0,30,,1663,63,4,,0
1001,'Saturday',752,,1732,63,4,,0,70,,1733,63,4,,0,30,,1734,63,4,,0,70,,1735,63,4,,0,32,,1736,63,4,,0,57,,1738,63,4,,0,15,,1737,63,4,,0,15,,1739,63,4,,0,15,,1723,63,4,,0,55,,1731,63,4,,0,15,,1708,63,4,,0,15,,1715,63,4,,0,15,,1696,63,4,,0,55,,1724,63,4,,0,15,,1705,63,4,,0,15,,1709,63,4,,0,15,,1716,63,4,,0,55,,1697,63,4,,0,15,,1725,63,4,,0,15,,1720,63,4,,0,15,,1710,63,4,,0,55,,1717,63,4,,0,15,,1698,63,4,,0,15,,1726,63,4,,0,15,,1719,63,4,,0,55,,1711,63,4,,0,15,,1704,63,4,,0,15,,1699,63,4,,0,15,,1727,63,4,,0,55,,1706,63,4,,0,15,,1712,63,4,,0,15,,1703,63,4,,0,15,,1700,63,4,,0,55,,1728,63,4,,0,15,,1721,63,4,,0,15,,1713,63,4,,0,15,,1718,63,4,,0,55,,1701,63,4,,0,15,,1729,63,4,,0,14,,1722,63,4,,0,15,,1714,63,4,,0,55,,1707,63,4,,0,15,,1702,63,4,,0,28,,1730,63,4,,0,68,,1690,63,4,,0,30,,1694,63,4,,0,70,,1692,63,4,,0,30,,1691,63,4,,0,70,,1695,63,4,,0,30,,1693,63,4,,0
1001,'Sunday',822,,1764,63,4,,0,30,,1781,63,4,,0,70,,1782,63,4,,0,32,,1780,63,4,,0,72,,1762,63,4,,0,30,,1767,63,4,,0,55,,1766,63,4,,0,15,,1768,63,4,,0,15,,1769,63,4,,0,15,,1770,63,4,,0,55,,1771,63,4,,0,15,,1772,63,4,,0,15,,1773,63,4,,0,15,,1774,63,4,,0,55,,1775,63,4,,0,15,,1776,63,4,,0,15,,1777,63,4,,0,15,,1778,63,4,,0,55,,1779,63,4,,0,15,,1765,63,4,,0,15,,1763,63,4,,0,15,,1757,63,4,,0,55,,1740,63,4,,0,15,,1750,63,4,,0,15,,1752,63,4,,0,15,,1755,63,4,,0,55,,1745,63,4,,0,15,,1759,63,4,,0,15,,1749,63,4,,0,15,,1753,63,4,,0,55,,1741,63,4,,0,15,,1746,63,4,,0,15,,1760,63,4,,0,15,,1748,63,4,,0,50,,1754,63,4,,0,19,,1747,63,4,,0,30,,1743,63,4,,0,70,,1758,63,4,,0,28,,1742,63,4,,0,68,,1751,63,4,,0,30,,1761,63,4,,0,70,,1744,63,4,,0,30,,1756,63,4,,0
1001,'Weekday',549,,1783,63,4,,0,70,,1784,63,4,,0,30,,1785,63,4,,0,55,,1818,63,4,,0,15,,1786,63,4,,0,19,,1819,63,4,,0,15,,1787,63,4,,0,55,,1820,63,4,,0,15,,1788,63,4,,0,15,,1821,63,4,,0,18,,1789,63,4,,0,55,,1822,63,4,,0,15,,1790,63,4,,0,16,,1823,63,4,,0,15,,1791,63,4,,0,55,,1824,63,4,,0,15,,1792,63,4,,0,15,,1825,63,4,,0,15,,1793,63,4,,0,55,,1826,63,4,,0,15,,1794,63,4,,0,15,,1827,63,4,,0,15,,1795,63,4,,0,55,,1828,63,4,,0,15,,1796,63,4,,0,15,,1829,63,4,,0,15,,1797,63,4,,0,55,,1830,63,4,,0,15,,1798,63,4,,0,15,,1831,63,4,,0,15,,1799,63,4,,0,55,,1832,63,4,,0,15,,1800,63,4,,0,18,,1833,63,4,,0,55,,1801,63,4,,0,15,,1834,63,4,,0,15,,1802,63,4,,0,17,,1835,63,4,,0,12,,1803,63,4,,0,55,,1836,63,4,,0,15,,1804,63,4,,0,15,,1837,63,4,,0,15,,1805,63,4,,0,55,,1838,63,4,,0,12,,1806,63,4,,0,15,,1839,63,4,,0,13,,1807,63,4,,0,56,,1840,63,4,,0,16,,1808,63,4,,0,12,,1841,63,4,,0,15,,1809,63,4,,0,55,,1842,63,4,,0,18,,1810,63,4,,0,30,,1811,63,4,,0,70,,1812,63,4,,0,30,,1813,63,4,,0,70,,1814,63,4,,0,26,,1815,63,4,,0,70,,1816,63,4,,0,30,,1817,63,4,,0
1200,'Holiday21111111',827,,2135,1,,,0,30,,2134,1,,,0,70,,2136,1,,,0,73,,2133,1,,,0,27,,2137,1,,,0,30,,2132,1,,,0,70,,2138,1,,,0,30,,2131,1,,,0,70,,2139,1,,,0,30,,2130,1,,,0,70,,2140,1,,,0,73,,2129,1,,,0,27,,2141,1,,,0,30,,2128,1,,,0,70,,2142,1,,,0,30,,2127,1,,,0,70,,2143,1,,,0,30,,2126,1,,,0,70,,2144,1,,,0,73,,2125,1,,,0,30,,2145,1,,,0,70,,2146,1,,,0,30,,2147,1,,,0,70,,2148,1,,,0,30,,2149,1,,,0,70,,2150,1,,,0,30,,2151,1,,,0
1200,'Saturday',755,,2166,1,,,0,70,,2167,1,,,0,30,,2165,1,,,0,70,,2168,1,,,0,75,,2164,1,,,0,25,,2169,1,,,0,30,,2163,1,,,0,70,,2170,1,,,0,30,,2162,1,,,0,70,,2171,1,,,0,30,,2161,1,,,0,70,,2172,1,,,0,75,,2160,1,,,0,25,,2173,1,,,0,30,,2159,1,,,0,70,,2174,1,,,0,30,,2158,1,,,0,70,,2175,1,,,0,30,,2157,1,,,0,70,,2176,1,,,0,30,,2156,1,,,0,70,,2177,1,,,0,30,,2155,1,,,0,70,,2178,1,,,0,30,,2154,1,,,0,70,,2179,1,,,0,30,,2153,1,,,0,70,,2180,1,,,0,30,,2152,1,,,0
1200,'Sunday',825,,2191,1,,,0,30,,2190,1,,,0,70,,2192,1,,,0,75,,2189,1,,,0,25,,2193,1,,,0,30,,2188,1,,,0,70,,2194,1,,,0,30,,2187,1,,,0,70,,2195,1,,,0,30,,2186,1,,,0,70,,2196,1,,,0,75,,2185,1,,,0,25,,2197,1,,,0,30,,2184,1,,,0,70,,2198,1,,,0,30,,2183,1,,,0,70,,2199,1,,,0,30,,2182,1,,,0,70,,2200,1,,,0,75,,2181,1,,,0,30,,2201,1,,,0,70,,2202,1,,,0,30,,2203,1,,,0,70,,2204,1,,,0,30,,2205,1,,,0,70,,2206,1,,,0,30,,2207,1,,,0
1200,'Weekday',530,,2228,1,,,0,70,,2215,1,,,0,30,,2229,1,,,0,70,,2220,1,,,0,30,,2230,1,,,0,70,,2227,1,,,0,30,,2231,1,,,0,70,,2221,1,,,0,30,,2232,1,,,0,70,,2216,1,,,0,30,,2233,1,,,0,70,,2222,1,,,0,30,,2234,1,,,0,70,,2219,1,,,0,30,,2235,1,,,0,70,,2223,1,,,0,30,,2214,1,,,0,70,,2236,1,,,0,20,,2217,1,,,0,20,,2208,1,,,0,65,,2237,1,,,0,25,,2224,1,,,0,20,,2225,1,,,0,65,,2226,1,,,0,25,,2243,1,,,0,60,,2244,1,,,0,30,,2209,1,,,0,70,,2211,1,,,0,30,,2218,1,,,0,27,,2238,1,,,0,70,,2212,1,,,0,30,,2239,1,,,0,70,,2210,1,,,0,30,,2240,1,,,0,70,,2213,1,,,0,30,,2241,1,,,0,70,,2242,1,,,0
1201,'Holiday21111111',820,,2254,32,4,,0,100,,2255,32,4,,0,30,,2253,32,4,,0,70,,2256,32,4,,0,33,,2252,32,4,,0,67,,2257,32,4,,0,30,,2251,32,4,,0,70,,2258,32,4,,0,30,,2250,32,4,,0,70,,2259,32,4,,0,30,,2249,32,4,,0,70,,2260,32,4,,0,33,,2248,32,4,,0,67,,2261,32,4,,0,30,,2247,32,4,,0,70,,2262,32,4,,0,30,,2246,32,4,,0,70,,2263,32,4,,0,30,,2245,32,4,,0,73,,2270,32,4,,0,30,,2271,32,4,,0,70,,2267,32,4,,0,30,,2266,32,4,,0,68,,2265,32,4,,0,30,,2264,32,4,,0,70,,2269,32,4,,0,30,,2268,32,4,,0
1201,'Saturday',748,,2286,32,4,,0,70,,2289,32,4,,0,30,,2285,32,4,,0,70,,2290,32,4,,0,30,,2284,32,4,,0,70,,2291,32,4,,0,35,,2283,32,4,,0,65,,2292,32,4,,0,30,,2282,32,4,,0,70,,2293,32,4,,0,30,,2281,32,4,,0,70,,2294,32,4,,0,30,,2280,32,4,,0,70,,2295,32,4,,0,35,,2279,32,4,,0,65,,2296,32,4,,0,30,,2278,32,4,,0,70,,2297,32,4,,0,30,,2277,32,4,,0,70,,2298,32,4,,0,30,,2276,32,4,,0,70,,2299,32,4,,0,30,,2275,32,4,,0,70,,2300,32,4,,0,30,,2274,32,4,,0,68,,2288,32,4,,0,30,,2273,32,4,,0,70,,2287,32,4,,0,30,,2272,32,4,,0,70,,2301,32,4,,0
1201,'Sunday',818,,2311,32,4,,0,100,,2312,32,4,,0,30,,2310,32,4,,0,70,,2313,32,4,,0,35,,2309,32,4,,0,65,,2314,32,4,,0,30,,2308,32,4,,0,70,,2315,32,4,,0,30,,2307,32,4,,0,70,,2316,32,4,,0,30,,2306,32,4,,0,70,,2317,32,4,,0,35,,2305,32,4,,0,65,,2318,32,4,,0,30,,2304,32,4,,0,70,,2319,32,4,,0,30,,2303,32,4,,0,70,,2320,32,4,,0,30,,2302,32,4,,0,70,,2321,32,4,,0,35,,2322,32,4,,0,70,,2323,32,4,,0,30,,2324,32,4,,0,68,,2325,32,4,,0,30,,2326,32,4,,0,70,,2327,32,4,,0,30,,2328,32,4,,0
1201,'Weekday',520,,2329,32,4,,0,100,,2330,32,4,,0,30,,2331,32,4,,0,72,,2332,32,4,,0,30,,2333,32,4,,0,73,,2334,32,4,,0,30,,2335,32,4,,0,70,,2336,32,4,,0,30,,2337,32,4,,0,70,,2338,32,4,,0,30,,2339,32,4,,0,71,,2340,32,4,,0,30,,2341,32,4,,0,70,,2342,32,4,,0,30,,2343,32,4,,0,70,,2344,32,4,,0,30,,2345,32,4,,0,72,,2346,32,4,,0,31,,2347,32,4,,0,60,,2348,32,4,,0,20,,2349,32,4,,0,67,,2350,32,4,,0,25,,2351,32,4,,0,20,,2352,32,4,,0,65,,2353,32,4,,0,25,,2363,32,4,,0,18,,2364,32,4,,0,68,,2354,32,4,,0,26,,2358,32,4,,0,70,,2355,32,4,,0,27,,2360,32,4,,0,70,,2356,32,4,,0,29,,2359,32,4,,0,68,,2357,32,4,,0,30,,2361,32,4,,0,70,,2362,32,4,,0
5000,'Saturday',2304,,2638,1,,,0,97,,2637,1,,,0,55,,2639,1,,,0
5000,'Weekday',2304,,2641,1,,,0,97,,2640,1,,,0,55,,2642,1,,,0
5001,'Saturday',2345,,2644,37,4,,0,97,,2643,37,4,,0
5001,'Weekday',2345,,2646,37,4,,0,97,,2645,37,4,,0
5100,'Saturday',2303,,2649,1,,,0,97,,2648,1,,,0,55,,2647,1,,,0
5100,'Weekday',2303,,2652,1,,,0,97,,2651,1,,,0,55,,2650,1,,,0
5101,'Saturday',2346,,2654,33,4,,0,97,,2653,33,4,,0
5101,'Weekday',2346,,2657,33,4,,0,97,,2656,33,4,,0
5200,'Saturday',2304,,2660,1,,,0,97,,2661,1,,,0,55,,2659,1,,,0
5200,'Weekday',2304,,2664,1,,,0,97,,2663,1,,,0,55,,2662,1,,,0
5201,'Saturday',2348,,2666,31,4,,0,97,,2665,31,4,,0
5201,'Weekday',2348,,2668,31,4,,0,97,,2667,31,4,,0
8000,'Weekday',553,,2691,1,,,0,70,,2687,1,,,0,30,,2692,1,,,0,70,,2688,1,,,0,30,,2693,1,,,0,70,,2689,1,,,0,31,,2694,1,,,0,70,,2690,1,,,0,30,,2695,1,,,0,70,,2669,1,,,0,30,,2678,1,,,0,70,,2670,1,,,0,34,,2679,1,,,0,68,,2671,1,,,0,30,,2680,1,,,0,70,,2672,1,,,0,30,,2681,1,,,0,70,,2673,1,,,0,30,,2682,1,,,0,71,,2674,1,,,0,30,,2683,1,,,0,68,,2675,1,,,0,29,,2684,1,,,0,73,,2676,1,,,0,29,,2685,1,,,0,73,,2677,1,,,0,29,,2686,1,,,0
8001,'Weekday',526,,2697,5,4,,0,30,,2703,24,4,,0,71,,2698,24,4,,0,30,,2704,24,4,,0,73,,2699,24,4,,0,70,,2705,24,4,,0,36,,2700,24,4,,0,70,,2706,24,4,,0,30,,2701,24,4,,0,70,,2707,24,4,,0,29,,2702,24,4,,0,70,,2708,24,4,,0,30,,2717,24,4,,0,70,,2709,24,4,,0,26,,2718,24,4,,0,70,,2710,24,4,,0,30,,2719,24,4,,0,70,,2711,24,4,,0,33,,2720,24,4,,0,70,,2712,24,4,,0,29,,2724,24,4,,0,21,,2725,24,4,,0,60,,2713,24,4,,0,22,,2721,24,4,,0,70,,2714,24,4,,0,28,,2722,24,4,,0,70,,2715,24,4,,0,26,,2723,24,4,,0,70,,2716,24,4,,0
8100,'Weekday',536,,2732,1,,,0,70,,2737,1,,,0,31,,2733,1,,,0,70,,2738,1,,,0,30,,2734,1,,,0,73,,2739,1,,,0,33,,2735,1,,,0,72,,2740,1,,,0,30,,2736,1,,,0,70,,2743,1,,,0,30,,2744,1,,,0,70,,2745,1,,,0,30,,2746,1,,,0,69,,2747,1,,,0,30,,2748,1,,,0,70,,2749,1,,,0,30,,2750,1,,,0,66,,2751,1,,,0,30,,2752,1,,,0,66,,2741,1,,,0,30,,2742,1,,,0,67,,2726,1,,,0,29,,2730,1,,,0,76,,2728,1,,,0,29,,2727,1,,,0,76,,2731,1,,,0,29,,2729,1,,,0
8101,'Weekday',610,,2758,43,4,,0,31,,2763,43,4,,0,70,,2759,43,4,,0,33,,2764,43,4,,0,70,,2760,43,4,,0,37,,2765,43,4,,0,70,,2761,43,4,,0,28,,2766,43,4,,0,70,,2762,43,4,,0,30,,2769,43,4,,0,70,,2770,43,4,,0,30,,2771,43,4,,0,70,,2772,43,4,,0,25,,2773,43,4,,0,70,,2774,43,4,,0,30,,2775,43,4,,0,70,,2776,43,4,,0,32,,2777,43,4,,0,70,,2778,43,4,,0,37,,2767,43,4,,0,70,,2779,43,4,,0,32,,2768,43,4,,0,70,,2756,43,4,,0,21,,2754,43,4,,0,70,,2755,43,4,,0,28,,2780,43,4,,0,70,,2757,43,4,,0
8700,'Weekday',611,,2781,20,4,,0,45,,2782,20,4,,0,85,,2783,20,4,,0,86,,2784,20,4,,0,85,,2785,20,4,,0,602,,2786,20,4,,0,45,,2787,20,4,,0,85,,2788,20,4,,0,85,,2789,20,4,,0,85,,2790,20,4,,0,43,,2791,20,4,,0
8701,'Weekday',530,,2792,1,,,0,85,,2793,1,,,0,85,,2794,1,,,0,43,,2795,1,,,0,87,,2796,1,,,0,600,,2797,1,,,0,85,,2798,1,,,0,85,,2799,1,,,0,45,,2800,1,,,0,85,,2801,1,,,0,85,,2802,1,,,0
