401,'Holiday21111111',1058,,1263,40,,,0,100,,1259,40,,,0,100,,1256,40,,,0,100,,1260,40,,,0,100,,1257,40,,,0,100,,1261,40,,,0,100,,1258,40,,,0,99,,1262,40,,,0
401,'Saturday',958,,1264,40,,,0,100,,1269,40,,,0,100,,1265,40,,,0,100,,1270,40,,,0,100,,1266,40,,,0,100,,1271,40,,,0,100,,1267,40,,,0,100,,1272,40,,,0,99,,1268,40,,,0,100,,1273,40,,,0,100,,1274,40,,,0
401,'Sunday',1058,,1282,40,,,0,100,,1278,40,,,0,100,,1275,40,,,0,100,,1279,40,,,0,100,,1276,40,,,0,100,,1280,40,,,0,100,,1277,40,,,0,99,,1281,40,,,0
401,'Weekday',556,,1290,40,,,0,100,,1297,40,,,0,71,,1308,40,,,0,74,,1289,40,,,0,26,,1298,40,,,0,30,,1296,40,,,0,70,,1299,40,,,0,30,,1288,40,,,0,70,,1300,40,,,0,30,,1295,40,,,0,70,,1301,40,,,0,30,,1287,40,,,0,70,,1302,40,,,0,30,,1294,40,,,0,70,,1303,40,,,0,30,,1286,40,,,0,70,,1304,40,,,0,30,,1293,40,,,0,71,,1305,40,,,0,31,,1285,40,,,0,70,,1306,40,,,0,29,,1292,40,,,0,69,,1307,40,,,0,31,,1284,40,,,0,99,,1291,40,,,0,99,,1283,40,,,0
1001,'Holiday21111111',810,,1671,44,,,0,30,,1688,44,,,0,70,,1689,44,,,0,31,,1687,44,,,0,71,,1669,44,,,0,30,,1674,44,,,0,15,,1673,44,,,0,55,,1675,44,,,0,15,,1676,44,,,0,15,,1677,44,,,0,15,,1678,44,,,0,55,,1679,44,,,0,15,,1680,44,,,0,15,,1681,44,,,0,15,,1682,44,,,0,55,,1683,44,,,0,15,,1684,44,,,0,15,,1685,44,,,0,15,,1686,44,,,0,55,,1672,44,,,0,15,,1670,44,,,0,15,,1664,44,,,0,15,,1647,44,,,0,55,,1657,44,,,0,15,,1659,44,,,0,15,,1662,44,,,0,15,,1652,44,,,0,55,,1666,44,,,0,15,,1656,44,,,0,15,,1660,44,,,0,15,,1648,44,,,0,55,,1653,44,,,0,15,,1667,44,,,0,15,,1655,44,,,0,10,,1661,44,,,0,59,,1654,44,,,0,30,,1650,44,,,0,70,,1665,44,,,0,28,,1649,44,,,0,70,,1658,44,,,0,30,,1668,44,,,0,70,,1651,44,,,0,30,,1663,44,,,0
1001,'Saturday',740,,1732,44,,,0,70,,1733,44,,,0,30,,1734,44,,,0,70,,1735,44,,,0,31,,1736,44,,,0,16,,1738,44,,,0,55,,1737,44,,,0,15,,1739,44,,,0,15,,1723,44,,,0,15,,1731,44,,,0,55,,1708,44,,,0,15,,1715,44,,,0,15,,1696,44,,,0,15,,1724,44,,,0,55,,1705,44,,,0,15,,1709,44,,,0,15,,1716,44,,,0,15,,1697,44,,,0,55,,1725,44,,,0,15,,1720,44,,,0,15,,1710,44,,,0,15,,1717,44,,,0,55,,1698,44,,,0,15,,1726,44,,,0,15,,1719,44,,,0,15,,1711,44,,,0,55,,1704,44,,,0,15,,1699,44,,,0,15,,1727,44,,,0,15,,1706,44,,,0,55,,1712,44,,,0,15,,1703,44,,,0,15,,1700,44,,,0,15,,1728,44,,,0,55,,1721,44,,,0,15,,1713,44,,,0,15,,1718,44,,,0,15,,1701,44,,,0,55,,1729,44,,,0,14,,1722,44,,,0,15,,1714,44,,,0,15,,1707,44,,,0,55,,1702,44,,,0,28,,1730,44,,,0,70,,1690,44,,,0,30,,1694,44,,,0,70,,1692,44,,,0,30,,1691,44,,,0,70,,1695,44,,,0,30,,1693,44,,,0
1001,'Sunday',810,,1764,44,,,0,30,,1781,44,,,0,70,,1782,44,,,0,31,,1780,44,,,0,71,,1762,44,,,0,30,,1767,44,,,0,15,,1766,44,,,0,55,,1768,44,,,0,15,,1769,44,,,0,15,,1770,44,,,0,15,,1771,44,,,0,55,,1772,44,,,0,15,,1773,44,,,0,15,,1774,44,,,0,15,,1775,44,,,0,55,,1776,44,,,0,15,,1777,44,,,0,15,,1778,44,,,0,15,,1779,44,,,0,55,,1765,44,,,0,15,,1763,44,,,0,15,,1757,44,,,0,15,,1740,44,,,0,55,,1750,44,,,0,15,,1752,44,,,0,15,,1755,44,,,0,15,,1745,44,,,0,55,,1759,44,,,0,15,,1749,44,,,0,15,,1753,44,,,0,15,,1741,44,,,0,55,,1746,44,,,0,15,,1760,44,,,0,15,,1748,44,,,0,10,,1754,44,,,0,59,,1747,44,,,0,30,,1743,44,,,0,70,,1758,44,,,0,28,,1742,44,,,0,70,,1751,44,,,0,30,,1761,44,,,0,70,,1744,44,,,0,30,,1756,44,,,0
1001,'Weekday',537,,1783,44,,,0,70,,1784,44,,,0,30,,1785,44,,,0,15,,1818,44,,,0,55,,1786,44,,,0,17,,1819,44,,,0,15,,1787,44,,,0,15,,1820,44,,,0,55,,1788,44,,,0,15,,1821,44,,,0,18,,1789,44,,,0,15,,1822,44,,,0,55,,1790,44,,,0,16,,1823,44,,,0,15,,1791,44,,,0,15,,1824,44,,,0,55,,1792,44,,,0,15,,1825,44,,,0,15,,1793,44,,,0,15,,1826,44,,,0,55,,1794,44,,,0,15,,1827,44,,,0,15,,1795,44,,,0,15,,1828,44,,,0,55,,1796,44,,,0,15,,1829,44,,,0,15,,1797,44,,,0,15,,1830,44,,,0,55,,1798,44,,,0,15,,1831,44,,,0,15,,1799,44,,,0,15,,1832,44,,,0,55,,1800,44,,,0,16,,1833,44,,,0,15,,1801,44,,,0,15,,1834,44,,,0,55,,1802,44,,,0,15,,1835,44,,,0,12,,1803,44,,,0,15,,1836,44,,,0,55,,1804,44,,,0,15,,1837,44,,,0,15,,1805,44,,,0,15,,1838,44,,,0,52,,1806,44,,,0,15,,1839,44,,,0,15,,1807,44,,,0,16,,1840,44,,,0,56,,1808,44,,,0,14,,1841,44,,,0,15,,1809,44,,,0,15,,1842,44,,,0,58,,1810,44,,,0,30,,1811,44,,,0,70,,1812,44,,,0,30,,1813,44,,,0,70,,1814,44,,,0,29,,1815,44,,,0,70,,1816,44,,,0,30,,1817,44,,,0
5201,'Saturday',2338,,2666,16,,,0,97,,2665,16,,,0
5201,'Weekday',2338,,2668,16,,,0,97,,2667,16,,,0
