400,'Holiday21111111',1157,,7084,32,,,0,100,,7088,32,,,0,100,,7085,32,,,0,100,,7089,32,,,0,100,,7086,32,,,0,100,,7090,32,,,0,100,,7087,32,,,0
400,'Holiday3-505-1111111',857,,7091,32,,,0,100,,7097,32,,,0,100,,7092,32,,,0,100,,7098,32,,,0,100,,7093,32,,,0,100,,7099,32,,,0,100,,7094,32,,,0,100,,7100,32,,,0,100,,7095,32,,,0,100,,7101,32,,,0,100,,7096,32,,,0,100,,7102,32,,,0,98,,7103,32,,,0
400,'Saturday',857,,7104,32,,,0,100,,7110,32,,,0,100,,7105,32,,,0,100,,7111,32,,,0,100,,7106,32,,,0,100,,7112,32,,,0,100,,7107,32,,,0,100,,7113,32,,,0,100,,7108,32,,,0,100,,7114,32,,,0,100,,7109,32,,,0,100,,7115,32,,,0,98,,7116,32,,,0
400,'Sunday',1157,,7117,32,,,0,100,,7121,32,,,0,100,,7118,32,,,0,100,,7122,32,,,0,100,,7119,32,,,0,100,,7123,32,,,0,100,,7120,32,,,0
400,'Weekday',559,,7124,32,,,0,141,,7125,32,,,0,102,,7126,32,,,0,23,,7127,32,,,0,77,,7128,32,,,0,29,,7129,32,,,0,70,,7130,32,,,0,30,,7131,32,,,0,70,,7132,32,,,0,30,,7133,32,,,0,70,,7134,32,,,0,30,,7135,32,,,0,70,,7136,32,,,0,30,,7137,32,,,0,70,,7138,32,,,0,30,,7139,32,,,0,70,,7140,32,,,0,31,,7141,32,,,0,69,,7142,32,,,0,30,,7143,32,,,0,70,,7144,32,,,0,30,,7145,32,,,0,73,,7146,32,,,0,28,,7150,32,,,0,70,,7147,32,,,0,57,,7148,32,,,0,100,,7149,32,,,0
1000,'Holiday21111111',817,,7427,19,,,0,30,,7421,19,,,0,70,,7426,19,,,0,28,,7418,19,,,0,70,,7420,19,,,0,30,,7398,19,,,0,55,,7386,19,,,0,15,,7389,19,,,0,15,,7408,19,,,0,15,,7406,19,,,0,55,,7399,19,,,0,15,,7405,19,,,0,15,,7390,19,,,0,15,,7409,19,,,0,55,,7397,19,,,0,15,,7400,19,,,0,15,,7415,19,,,0,15,,7391,19,,,0,55,,7410,19,,,0,15,,7404,19,,,0,15,,7401,19,,,0,15,,7395,19,,,0,55,,7392,19,,,0,15,,7411,19,,,0,15,,7388,19,,,0,15,,7402,19,,,0,55,,7414,19,,,0,15,,7393,19,,,0,15,,7412,19,,,0,15,,7407,19,,,0,55,,7403,19,,,0,15,,7387,19,,,0,15,,7394,19,,,0,15,,7413,19,,,0,55,,7396,19,,,0,15,,7385,19,,,0,30,,7416,19,,,0,68,,7422,19,,,0,30,,7417,19,,,0,70,,7423,19,,,0,30,,7419,19,,,0,70,,7424,19,,,0,30,,7425,19,,,0
1000,'Holiday3-505-1111111',713,,7434,19,,,0,30,,7435,19,,,0,70,,7436,19,,,0,30,,7437,19,,,0,70,,7438,19,,,0,17,,7478,19,,,0,15,,7439,19,,,0,55,,7440,19,,,0,15,,7441,19,,,0,15,,7442,19,,,0,15,,7443,19,,,0,55,,7444,19,,,0,15,,7445,19,,,0,15,,7446,19,,,0,15,,7447,19,,,0,55,,7448,19,,,0,15,,7449,19,,,0,15,,7450,19,,,0,15,,7451,19,,,0,55,,7452,19,,,0,15,,7453,19,,,0,15,,7454,19,,,0,15,,7455,19,,,0,55,,7456,19,,,0,15,,7457,19,,,0,15,,7458,19,,,0,15,,7459,19,,,0,55,,7460,19,,,0,15,,7461,19,,,0,15,,7462,19,,,0,15,,7463,19,,,0,55,,7464,19,,,0,15,,7465,19,,,0,15,,7466,19,,,0,15,,7467,19,,,0,55,,7468,19,,,0,15,,7469,19,,,0,15,,7470,19,,,0,15,,7471,19,,,0,55,,7472,19,,,0,15,,7473,19,,,0,15,,7474,19,,,0,15,,7475,19,,,0,68,,7476,19,,,0,30,,7477,19,,,0,70,,7430,19,,,0,30,,7428,19,,,0,70,,7432,19,,,0,30,,7431,19,,,0,70,,7429,19,,,0,30,,7433,19,,,0
1000,'Saturday',713,,7485,19,,,0,30,,7486,19,,,0,70,,7487,19,,,0,30,,7488,19,,,0,70,,7489,19,,,0,17,,7529,19,,,0,15,,7490,19,,,0,55,,7491,19,,,0,15,,7492,19,,,0,15,,7493,19,,,0,15,,7494,19,,,0,55,,7495,19,,,0,15,,7496,19,,,0,15,,7497,19,,,0,15,,7498,19,,,0,55,,7499,19,,,0,15,,7500,19,,,0,15,,7501,19,,,0,15,,7502,19,,,0,55,,7503,19,,,0,15,,7504,19,,,0,15,,7505,19,,,0,15,,7506,19,,,0,55,,7507,19,,,0,15,,7508,19,,,0,15,,7509,19,,,0,15,,7510,19,,,0,55,,7511,19,,,0,15,,7512,19,,,0,15,,7513,19,,,0,15,,7514,19,,,0,55,,7515,19,,,0,15,,7516,19,,,0,15,,7517,19,,,0,15,,7518,19,,,0,55,,7519,19,,,0,15,,7520,19,,,0,15,,7521,19,,,0,15,,7522,19,,,0,55,,7523,19,,,0,15,,7524,19,,,0,15,,7525,19,,,0,15,,7526,19,,,0,68,,7527,19,,,0,30,,7528,19,,,0,70,,7481,19,,,0,30,,7479,19,,,0,70,,7483,19,,,0,30,,7482,19,,,0,70,,7480,19,,,0,30,,7484,19,,,0
1000,'Sunday',817,,7572,19,,,0,30,,7566,19,,,0,70,,7571,19,,,0,28,,7563,19,,,0,70,,7565,19,,,0,30,,7543,19,,,0,55,,7531,19,,,0,15,,7534,19,,,0,15,,7553,19,,,0,15,,7551,19,,,0,55,,7544,19,,,0,15,,7550,19,,,0,15,,7535,19,,,0,15,,7554,19,,,0,55,,7542,19,,,0,15,,7545,19,,,0,15,,7560,19,,,0,15,,7536,19,,,0,55,,7555,19,,,0,15,,7549,19,,,0,15,,7546,19,,,0,15,,7540,19,,,0,55,,7537,19,,,0,15,,7556,19,,,0,15,,7533,19,,,0,15,,7547,19,,,0,55,,7559,19,,,0,15,,7538,19,,,0,15,,7557,19,,,0,15,,7552,19,,,0,55,,7548,19,,,0,15,,7532,19,,,0,15,,7539,19,,,0,15,,7558,19,,,0,55,,7541,19,,,0,15,,7530,19,,,0,30,,7561,19,,,0,68,,7567,19,,,0,30,,7562,19,,,0,70,,7568,19,,,0,30,,7564,19,,,0,70,,7569,19,,,0,30,,7570,19,,,0
1000,'Weekday',507,,7583,19,,,0,30,,7592,19,,,0,66,,7578,19,,,0,27,,7609,19,,,0,15,,7606,19,,,0,55,,7610,19,,,0,10,,7602,19,,,0,17,,7611,19,,,0,15,,7587,19,,,0,15,,7612,19,,,0,55,,7593,19,,,0,17,,7613,19,,,0,15,,7573,19,,,0,15,,7614,19,,,0,55,,7599,19,,,0,15,,7615,19,,,0,15,,7608,19,,,0,15,,7616,19,,,0,55,,7605,19,,,0,15,,7617,19,,,0,15,,7594,19,,,0,15,,7618,19,,,0,55,,7590,19,,,0,15,,7619,19,,,0,15,,7582,19,,,0,15,,7620,19,,,0,58,,7591,19,,,0,12,,7621,19,,,0,15,,7577,19,,,0,15,,7622,19,,,0,55,,7595,19,,,0,15,,7623,19,,,0,15,,7607,19,,,0,15,,7624,19,,,0,56,,7581,19,,,0,15,,7625,19,,,0,15,,7604,19,,,0,57,,7626,19,,,0,15,,7601,19,,,0,15,,7627,19,,,0,15,,7596,19,,,0,56,,7628,19,,,0,12,,7600,19,,,0,16,,7629,19,,,0,14,,7589,19,,,0,58,,7630,19,,,0,15,,7584,19,,,0,15,,7631,19,,,0,15,,7586,19,,,0,55,,7632,19,,,0,13,,7597,19,,,0,15,,7633,19,,,0,12,,7585,19,,,0,15,,7634,19,,,0,55,,7580,19,,,0,30,,7603,19,,,0,70,,7588,19,,,0,30,,7598,19,,,0,70,,7574,19,,,0,30,,7576,19,,,0,69,,7579,19,,,0,30,,7575,19,,,0
5000,'Holiday3-505-1111111',2309,,8851,18,,,0,100,,8850,18,,,0,100,,8852,18,0,8 4 9 10,0
5000,'Saturday',2309,,8854,18,,,0,100,,8853,18,,,0,100,,8855,18,0,8 4 9 10,0
5000,'Weekday',2319,,8857,18,,,0,90,,8856,18,,,0,100,,8858,18,0,8 4 9 10,0
