401,'Holiday21111111',1045,,7158,20,,,0,100,,7154,20,,,0,100,,7151,20,,,0,100,,7155,20,,,0,100,,7152,20,,,0,100,,7156,20,,,0,100,,7153,20,,,0,100,,7157,20,,,0
401,'Holiday3-505-1111111',945,,7159,20,,,0,100,,7164,20,,,0,100,,7160,20,,,0,100,,7165,20,,,0,100,,7161,20,,,0,100,,7166,20,,,0,100,,7162,20,,,0,100,,7167,20,,,0,100,,7163,20,,,0,100,,7168,20,,,0,100,,7169,20,,,0
401,'Saturday',945,,7170,20,,,0,100,,7175,20,,,0,100,,7171,20,,,0,100,,7176,20,,,0,100,,7172,20,,,0,100,,7177,20,,,0,100,,7173,20,,,0,100,,7178,20,,,0,100,,7174,20,,,0,100,,7179,20,,,0,100,,7180,20,,,0
401,'Sunday',1045,,7188,20,,,0,100,,7184,20,,,0,100,,7181,20,,,0,100,,7185,20,,,0,100,,7182,20,,,0,100,,7186,20,,,0,100,,7183,20,,,0,100,,7187,20,,,0
401,'Weekday',544,,7189,20,,,0,100,,7190,20,,,0,73,,7191,20,,,0,28,,7192,20,,,0,70,,7193,20,,,0,30,,7194,20,,,0,70,,7195,20,,,0,30,,7196,20,,,0,70,,7197,20,,,0,30,,7198,20,,,0,70,,7199,20,,,0,30,,7200,20,,,0,70,,7201,20,,,0,30,,7202,20,,,0,70,,7203,20,,,0,30,,7204,20,,,0,70,,7205,20,,,0,30,,7206,20,,,0,70,,7207,20,,,0,34,,7208,20,,,0,70,,7209,20,,,0,26,,7210,20,,,0,70,,7211,20,,,0,30,,7212,20,,,0,102,,7213,20,,,0,99,,7214,20,,,0
1001,'Holiday21111111',805,,7659,33,,,0,30,,7676,33,,,0,70,,7677,33,,,0,30,,7675,33,,,0,71,,7657,33,,,0,30,,7662,33,,,0,15,,7661,33,,,0,55,,7663,33,,,0,15,,7664,33,,,0,15,,7665,33,,,0,15,,7666,33,,,0,55,,7667,33,,,0,15,,7668,33,,,0,15,,7669,33,,,0,15,,7670,33,,,0,55,,7671,33,,,0,15,,7672,33,,,0,15,,7673,33,,,0,15,,7674,33,,,0,55,,7660,33,,,0,15,,7658,33,,,0,15,,7652,33,,,0,15,,7635,33,,,0,55,,7645,33,,,0,15,,7647,33,,,0,15,,7650,33,,,0,15,,7640,33,,,0,55,,7654,33,,,0,15,,7644,33,,,0,15,,7648,33,,,0,15,,7636,33,,,0,55,,7641,33,,,0,15,,7655,33,,,0,15,,7643,33,,,0,10,,7649,33,,,0,59,,7642,33,,,0,30,,7638,33,,,0,70,,7653,33,,,0,29,,7637,33,,,0,70,,7646,33,,,0,30,,7656,33,,,0,70,,7639,33,,,0,30,,7651,33,,,0
1001,'Holiday3-505-1111111',735,,7720,33,,,0,70,,7721,33,,,0,30,,7722,33,,,0,70,,7723,33,,,0,30,,7724,33,,,0,16,,7726,33,,,0,55,,7725,33,,,0,15,,7727,33,,,0,15,,7711,33,,,0,15,,7719,33,,,0,55,,7696,33,,,0,15,,7703,33,,,0,15,,7684,33,,,0,15,,7712,33,,,0,55,,7693,33,,,0,15,,7697,33,,,0,15,,7704,33,,,0,15,,7685,33,,,0,55,,7713,33,,,0,15,,7708,33,,,0,15,,7698,33,,,0,15,,7705,33,,,0,55,,7686,33,,,0,15,,7714,33,,,0,15,,7707,33,,,0,15,,7699,33,,,0,55,,7692,33,,,0,15,,7687,33,,,0,15,,7715,33,,,0,15,,7694,33,,,0,55,,7700,33,,,0,15,,7691,33,,,0,15,,7688,33,,,0,15,,7716,33,,,0,55,,7709,33,,,0,15,,7701,33,,,0,15,,7706,33,,,0,15,,7689,33,,,0,55,,7717,33,,,0,14,,7710,33,,,0,15,,7702,33,,,0,15,,7695,33,,,0,55,,7690,33,,,0,29,,7718,33,,,0,70,,7678,33,,,0,30,,7682,33,,,0,70,,7680,33,,,0,30,,7679,33,,,0,70,,7683,33,,,0,30,,7681,33,,,0
1001,'Saturday',735,,7770,33,,,0,70,,7771,33,,,0,30,,7772,33,,,0,70,,7773,33,,,0,30,,7774,33,,,0,16,,7776,33,,,0,55,,7775,33,,,0,15,,7777,33,,,0,15,,7761,33,,,0,15,,7769,33,,,0,55,,7746,33,,,0,15,,7753,33,,,0,15,,7734,33,,,0,15,,7762,33,,,0,55,,7743,33,,,0,15,,7747,33,,,0,15,,7754,33,,,0,15,,7735,33,,,0,55,,7763,33,,,0,15,,7758,33,,,0,15,,7748,33,,,0,15,,7755,33,,,0,55,,7736,33,,,0,15,,7764,33,,,0,15,,7757,33,,,0,15,,7749,33,,,0,55,,7742,33,,,0,15,,7737,33,,,0,15,,7765,33,,,0,15,,7744,33,,,0,55,,7750,33,,,0,15,,7741,33,,,0,15,,7738,33,,,0,15,,7766,33,,,0,55,,7759,33,,,0,15,,7751,33,,,0,15,,7756,33,,,0,15,,7739,33,,,0,55,,7767,33,,,0,14,,7760,33,,,0,15,,7752,33,,,0,15,,7745,33,,,0,55,,7740,33,,,0,29,,7768,33,,,0,70,,7728,33,,,0,30,,7732,33,,,0,70,,7730,33,,,0,30,,7729,33,,,0,70,,7733,33,,,0,30,,7731,33,,,0
1001,'Sunday',805,,7802,33,,,0,30,,7819,33,,,0,70,,7820,33,,,0,30,,7818,33,,,0,71,,7800,33,,,0,30,,7805,33,,,0,15,,7804,33,,,0,55,,7806,33,,,0,15,,7807,33,,,0,15,,7808,33,,,0,15,,7809,33,,,0,55,,7810,33,,,0,15,,7811,33,,,0,15,,7812,33,,,0,15,,7813,33,,,0,55,,7814,33,,,0,15,,7815,33,,,0,15,,7816,33,,,0,15,,7817,33,,,0,55,,7803,33,,,0,15,,7801,33,,,0,15,,7795,33,,,0,15,,7778,33,,,0,55,,7788,33,,,0,15,,7790,33,,,0,15,,7793,33,,,0,15,,7783,33,,,0,55,,7797,33,,,0,15,,7787,33,,,0,15,,7791,33,,,0,15,,7779,33,,,0,55,,7784,33,,,0,15,,7798,33,,,0,15,,7786,33,,,0,10,,7792,33,,,0,59,,7785,33,,,0,30,,7781,33,,,0,70,,7796,33,,,0,29,,7780,33,,,0,70,,7789,33,,,0,30,,7799,33,,,0,70,,7782,33,,,0,30,,7794,33,,,0
1001,'Weekday',532,,7821,33,,,0,68,,7822,33,,,0,30,,7823,33,,,0,15,,7856,33,,,0,55,,7824,33,,,0,15,,7857,33,,,0,17,,7825,33,,,0,15,,7858,33,,,0,55,,7826,33,,,0,20,,7859,33,,,0,15,,7827,33,,,0,15,,7860,33,,,0,55,,7828,33,,,0,15,,7861,33,,,0,15,,7829,33,,,0,15,,7862,33,,,0,55,,7830,33,,,0,15,,7863,33,,,0,15,,7831,33,,,0,15,,7864,33,,,0,55,,7832,33,,,0,15,,7865,33,,,0,15,,7833,33,,,0,15,,7866,33,,,0,55,,7834,33,,,0,15,,7867,33,,,0,15,,7835,33,,,0,15,,7868,33,,,0,55,,7836,33,,,0,15,,7869,33,,,0,15,,7837,33,,,0,15,,7870,33,,,0,55,,7838,33,,,0,16,,7871,33,,,0,15,,7839,33,,,0,15,,7872,33,,,0,55,,7840,33,,,0,15,,7873,33,,,0,12,,7841,33,,,0,15,,7874,33,,,0,55,,7842,33,,,0,15,,7875,33,,,0,15,,7843,33,,,0,15,,7876,33,,,0,52,,7844,33,,,0,15,,7877,33,,,0,15,,7845,33,,,0,18,,7878,33,,,0,55,,7846,33,,,0,13,,7879,33,,,0,18,,7847,33,,,0,15,,7880,33,,,0,55,,7848,33,,,0,30,,7849,33,,,0,70,,7850,33,,,0,30,,7851,33,,,0,70,,7852,33,,,0,30,,7853,33,,,0,70,,7854,33,,,0,30,,7855,33,,,0
