400,'Holiday21111111',1158,,7084,35,,,0,100,,7088,35,,,0,100,,7085,35,,,0,100,,7089,35,,,0,100,,7086,35,,,0,100,,7090,35,,,0,100,,7087,35,,,0
400,'Holiday3-505-1111111',858,,7091,35,,,0,100,,7097,35,,,0,100,,7092,35,,,0,100,,7098,35,,,0,100,,7093,35,,,0,100,,7099,35,,,0,100,,7094,35,,,0,100,,7100,35,,,0,100,,7095,35,,,0,100,,7101,35,,,0,100,,7096,35,,,0,100,,7102,35,,,0,98,,7103,35,,,0
400,'Saturday',858,,7104,35,,,0,100,,7110,35,,,0,100,,7105,35,,,0,100,,7111,35,,,0,100,,7106,35,,,0,100,,7112,35,,,0,100,,7107,35,,,0,100,,7113,35,,,0,100,,7108,35,,,0,100,,7114,35,,,0,100,,7109,35,,,0,100,,7115,35,,,0,98,,7116,35,,,0
400,'Sunday',1158,,7117,35,,,0,100,,7121,35,,,0,100,,7118,35,,,0,100,,7122,35,,,0,100,,7119,35,,,0,100,,7123,35,,,0,100,,7120,35,,,0
400,'Weekday',600,,7124,35,,,0,101,,7125,35,,,0,102,,7126,35,,,0,23,,7127,35,,,0,77,,7128,35,,,0,29,,7129,35,,,0,70,,7130,35,,,0,30,,7131,35,,,0,70,,7132,35,,,0,30,,7133,35,,,0,70,,7134,35,,,0,30,,7135,35,,,0,70,,7136,35,,,0,30,,7137,35,,,0,70,,7138,35,,,0,30,,7139,35,,,0,70,,7140,35,,,0,31,,7141,35,,,0,69,,7142,35,,,0,30,,7143,35,,,0,70,,7144,35,,,0,30,,7145,35,,,0,73,,7146,35,,,0,28,,7150,35,,,0,70,,7147,35,,,0,97,,7148,35,,,0,100,,7149,35,,,0
1000,'Holiday21111111',818,,7427,22,,,0,30,,7421,22,,,0,70,,7426,22,,,0,28,,7418,22,,,0,70,,7420,22,,,0,30,,7398,22,,,0,55,,7386,22,,,0,15,,7389,22,,,0,15,,7408,22,,,0,15,,7406,22,,,0,55,,7399,22,,,0,15,,7405,22,,,0,15,,7390,22,,,0,15,,7409,22,,,0,55,,7397,22,,,0,15,,7400,22,,,0,15,,7415,22,,,0,15,,7391,22,,,0,55,,7410,22,,,0,15,,7404,22,,,0,15,,7401,22,,,0,15,,7395,22,,,0,55,,7392,22,,,0,15,,7411,22,,,0,15,,7388,22,,,0,15,,7402,22,,,0,55,,7414,22,,,0,15,,7393,22,,,0,15,,7412,22,,,0,15,,7407,22,,,0,55,,7403,22,,,0,15,,7387,22,,,0,15,,7394,22,,,0,15,,7413,22,,,0,55,,7396,22,,,0,15,,7385,22,,,0,30,,7416,22,,,0,68,,7422,22,,,0,30,,7417,22,,,0,70,,7423,22,,,0,30,,7419,22,,,0,70,,7424,22,,,0,30,,7425,22,,,0
1000,'Holiday3-505-1111111',714,,7434,22,,,0,30,,7435,22,,,0,70,,7436,22,,,0,30,,7437,22,,,0,70,,7438,22,,,0,17,,7478,22,,,0,15,,7439,22,,,0,55,,7440,22,,,0,15,,7441,22,,,0,15,,7442,22,,,0,15,,7443,22,,,0,55,,7444,22,,,0,15,,7445,22,,,0,15,,7446,22,,,0,15,,7447,22,,,0,55,,7448,22,,,0,15,,7449,22,,,0,15,,7450,22,,,0,15,,7451,22,,,0,55,,7452,22,,,0,15,,7453,22,,,0,15,,7454,22,,,0,15,,7455,22,,,0,55,,7456,22,,,0,15,,7457,22,,,0,15,,7458,22,,,0,15,,7459,22,,,0,55,,7460,22,,,0,15,,7461,22,,,0,15,,7462,22,,,0,15,,7463,22,,,0,55,,7464,22,,,0,15,,7465,22,,,0,15,,7466,22,,,0,15,,7467,22,,,0,55,,7468,22,,,0,15,,7469,22,,,0,15,,7470,22,,,0,15,,7471,22,,,0,55,,7472,22,,,0,15,,7473,22,,,0,15,,7474,22,,,0,15,,7475,22,,,0,68,,7476,22,,,0,30,,7477,22,,,0,70,,7430,22,,,0,30,,7428,22,,,0,70,,7432,22,,,0,30,,7431,22,,,0,70,,7429,22,,,0,30,,7433,22,,,0
1000,'Saturday',714,,7485,22,,,0,30,,7486,22,,,0,70,,7487,22,,,0,30,,7488,22,,,0,70,,7489,22,,,0,17,,7529,22,,,0,15,,7490,22,,,0,55,,7491,22,,,0,15,,7492,22,,,0,15,,7493,22,,,0,15,,7494,22,,,0,55,,7495,22,,,0,15,,7496,22,,,0,15,,7497,22,,,0,15,,7498,22,,,0,55,,7499,22,,,0,15,,7500,22,,,0,15,,7501,22,,,0,15,,7502,22,,,0,55,,7503,22,,,0,15,,7504,22,,,0,15,,7505,22,,,0,15,,7506,22,,,0,55,,7507,22,,,0,15,,7508,22,,,0,15,,7509,22,,,0,15,,7510,22,,,0,55,,7511,22,,,0,15,,7512,22,,,0,15,,7513,22,,,0,15,,7514,22,,,0,55,,7515,22,,,0,15,,7516,22,,,0,15,,7517,22,,,0,15,,7518,22,,,0,55,,7519,22,,,0,15,,7520,22,,,0,15,,7521,22,,,0,15,,7522,22,,,0,55,,7523,22,,,0,15,,7524,22,,,0,15,,7525,22,,,0,15,,7526,22,,,0,68,,7527,22,,,0,30,,7528,22,,,0,70,,7481,22,,,0,30,,7479,22,,,0,70,,7483,22,,,0,30,,7482,22,,,0,70,,7480,22,,,0,30,,7484,22,,,0
1000,'Sunday',818,,7572,22,,,0,30,,7566,22,,,0,70,,7571,22,,,0,28,,7563,22,,,0,70,,7565,22,,,0,30,,7543,22,,,0,55,,7531,22,,,0,15,,7534,22,,,0,15,,7553,22,,,0,15,,7551,22,,,0,55,,7544,22,,,0,15,,7550,22,,,0,15,,7535,22,,,0,15,,7554,22,,,0,55,,7542,22,,,0,15,,7545,22,,,0,15,,7560,22,,,0,15,,7536,22,,,0,55,,7555,22,,,0,15,,7549,22,,,0,15,,7546,22,,,0,15,,7540,22,,,0,55,,7537,22,,,0,15,,7556,22,,,0,15,,7533,22,,,0,15,,7547,22,,,0,55,,7559,22,,,0,15,,7538,22,,,0,15,,7557,22,,,0,15,,7552,22,,,0,55,,7548,22,,,0,15,,7532,22,,,0,15,,7539,22,,,0,15,,7558,22,,,0,55,,7541,22,,,0,15,,7530,22,,,0,30,,7561,22,,,0,68,,7567,22,,,0,30,,7562,22,,,0,70,,7568,22,,,0,30,,7564,22,,,0,70,,7569,22,,,0,30,,7570,22,,,0
1000,'Weekday',508,,7583,22,,,0,30,,7592,22,,,0,66,,7578,22,,,0,27,,7609,22,,,0,15,,7606,22,,,0,55,,7610,22,,,0,10,,7602,22,,,0,17,,7611,22,,,0,15,,7587,22,,,0,15,,7612,22,,,0,55,,7593,22,,,0,17,,7613,22,,,0,15,,7573,22,,,0,55,,7614,22,,,0,15,,7599,22,,,0,15,,7615,22,,,0,15,,7608,22,,,0,55,,7616,22,,,0,15,,7605,22,,,0,15,,7617,22,,,0,15,,7594,22,,,0,55,,7618,22,,,0,15,,7590,22,,,0,15,,7619,22,,,0,15,,7582,22,,,0,55,,7620,22,,,0,18,,7591,22,,,0,12,,7621,22,,,0,15,,7577,22,,,0,55,,7622,22,,,0,15,,7595,22,,,0,15,,7623,22,,,0,15,,7607,22,,,0,55,,7624,22,,,0,16,,7581,22,,,0,15,,7625,22,,,0,15,,7604,22,,,0,57,,7626,22,,,0,15,,7601,22,,,0,15,,7627,22,,,0,15,,7596,22,,,0,56,,7628,22,,,0,12,,7600,22,,,0,16,,7629,22,,,0,14,,7589,22,,,0,58,,7630,22,,,0,15,,7584,22,,,0,15,,7631,22,,,0,15,,7586,22,,,0,55,,7632,22,,,0,13,,7597,22,,,0,15,,7633,22,,,0,12,,7585,22,,,0,15,,7634,22,,,0,55,,7580,22,,,0,30,,7603,22,,,0,70,,7588,22,,,0,30,,7598,22,,,0,70,,7574,22,,,0,30,,7576,22,,,0,69,,7579,22,,,0,30,,7575,22,,,0
5000,'Holiday3-505-1111111',2310,,8851,21,,,0,100,,8850,21,,,0,100,,8852,21,0,8 4 9 10,0
5000,'Saturday',2310,,8854,21,,,0,100,,8853,21,,,0,100,,8855,21,0,8 4 9 10,0
5000,'Weekday',2320,,8857,21,,,0,90,,8856,21,,,0,100,,8858,21,0,8 4 9 10,0
