400,'Holiday21111111',1210,,7084,54,,,0,100,,7088,54,,,0,100,,7085,54,,,0,100,,7089,54,,,0,100,,7086,54,,,0,100,,7090,54,,,0,100,,7087,54,,,0
400,'Holiday3-505-1111111',910,,7091,54,,,0,100,,7097,54,,,0,100,,7092,54,,,0,100,,7098,54,,,0,100,,7093,54,,,0,100,,7099,54,,,0,100,,7094,54,,,0,100,,7100,54,,,0,100,,7095,54,,,0,100,,7101,54,,,0,100,,7096,54,,,0,100,,7102,54,,,0,98,,7103,54,,,0
400,'Saturday',910,,7104,54,,,0,100,,7110,54,,,0,100,,7105,54,,,0,100,,7111,54,,,0,100,,7106,54,,,0,100,,7112,54,,,0,100,,7107,54,,,0,100,,7113,54,,,0,100,,7108,54,,,0,100,,7114,54,,,0,100,,7109,54,,,0,100,,7115,54,,,0,98,,7116,54,,,0
400,'Sunday',1210,,7117,54,,,0,100,,7121,54,,,0,100,,7118,54,,,0,100,,7122,54,,,0,100,,7119,54,,,0,100,,7123,54,,,0,100,,7120,54,,,0
400,'Weekday',610,,7124,54,,,0,101,,7125,54,,,0,103,,7126,54,,,0,23,,7127,54,,,0,77,,7128,54,,,0,29,,7129,54,,,0,70,,7130,54,,,0,30,,7131,54,,,0,70,,7132,54,,,0,30,,7133,54,,,0,70,,7134,54,,,0,30,,7135,54,,,0,70,,7136,54,,,0,30,,7137,54,,,0,70,,7138,54,,,0,30,,7139,54,,,0,72,,7140,54,,,0,31,,7141,54,,,0,68,,7142,54,,,0,30,,7143,54,,,0,70,,7144,54,,,0,30,,7145,54,,,0,73,,7146,54,,,0,27,,7150,54,,,0,70,,7147,54,,,0,96,,7148,54,,,0,100,,7149,54,,,0
2501,'Holiday21111111',756,,8697,20,,,0,70,,8686,20,,,0,30,,8698,20,,,0,70,,8687,20,,,0,30,,8699,20,,,0,70,,8688,20,,,0,30,,8700,20,,,0,70,,8689,20,,,0,30,,8701,20,,,0,70,,8690,20,,,0,30,,8702,20,,,0,70,,8691,20,,,0,30,,8703,20,,,0,70,,8692,20,,,0,30,,8704,20,,,0,70,,8693,20,,,0,30,,8705,20,,,0,70,,8694,20,,,0,30,,8706,20,,,0,70,,8695,20,,,0,30,,8707,20,,,0,70,,8696,20,,,0,30,,8708,20,,,0,70,,8709,20,,,0,30,,8710,20,,,0,70,,8711,20,,,0,30,,8712,20,,,0,70,,8713,20,,,0
2501,'Holiday3-505-1111111',726,,8726,20,,,0,30,,8727,20,,,0,70,,8725,20,,,0,30,,8728,20,,,0,70,,8724,20,,,0,30,,8729,20,,,0,70,,8723,20,,,0,30,,8730,20,,,0,70,,8722,20,,,0,30,,8731,20,,,0,70,,8721,20,,,0,30,,8732,20,,,0,70,,8720,20,,,0,30,,8733,20,,,0,70,,8719,20,,,0,30,,8734,20,,,0,70,,8718,20,,,0,30,,8735,20,,,0,70,,8717,20,,,0,30,,8736,20,,,0,70,,8716,20,,,0,30,,8737,20,,,0,70,,8715,20,,,0,30,,8738,20,,,0,70,,8714,20,,,0,30,,8739,20,,,0,70,,8741,20,,,0,30,,8740,20,,,0,70,,8742,20,,,0,30,,8743,20,,,0
2501,'Saturday',726,,8756,20,,,0,30,,8757,20,,,0,70,,8755,20,,,0,30,,8758,20,,,0,70,,8754,20,,,0,30,,8759,20,,,0,70,,8753,20,,,0,30,,8760,20,,,0,70,,8752,20,,,0,30,,8761,20,,,0,70,,8751,20,,,0,30,,8762,20,,,0,70,,8750,20,,,0,30,,8763,20,,,0,70,,8749,20,,,0,30,,8764,20,,,0,70,,8748,20,,,0,30,,8765,20,,,0,70,,8747,20,,,0,30,,8766,20,,,0,70,,8746,20,,,0,30,,8767,20,,,0,70,,8745,20,,,0,30,,8768,20,,,0,70,,8744,20,,,0,30,,8769,20,,,0,70,,8771,20,,,0,30,,8770,20,,,0,70,,8772,20,,,0,30,,8773,20,,,0
2501,'Sunday',756,,8785,20,,,0,70,,8774,20,,,0,30,,8786,20,,,0,70,,8775,20,,,0,30,,8787,20,,,0,70,,8776,20,,,0,30,,8788,20,,,0,70,,8777,20,,,0,30,,8789,20,,,0,70,,8778,20,,,0,30,,8790,20,,,0,70,,8779,20,,,0,30,,8791,20,,,0,70,,8780,20,,,0,30,,8792,20,,,0,70,,8781,20,,,0,30,,8793,20,,,0,70,,8782,20,,,0,30,,8794,20,,,0,70,,8783,20,,,0,30,,8795,20,,,0,70,,8784,20,,,0,30,,8796,20,,,0,70,,8797,20,,,0,30,,8798,20,,,0,70,,8799,20,,,0,30,,8800,20,,,0,70,,8801,20,,,0
2501,'Weekday',520,,8802,20,,,0,35,,8803,20,,,0,64,,8804,20,,,0,25,,8805,20,,,0,71,,8806,20,,,0,16,,8807,20,,,0,15,,8808,20,,,0,55,,8809,20,,,0,16,,8810,20,,,0,15,,8811,20,,,0,15,,8812,20,,,0,55,,8813,20,,,0,28,,8814,20,,,0,70,,8815,20,,,0,30,,8816,20,,,0,71,,8817,20,,,0,30,,8818,20,,,0,70,,8819,20,,,0,30,,8820,20,,,0,70,,8821,20,,,0,31,,8822,20,,,0,69,,8823,20,,,0,30,,8824,20,,,0,18,,8825,20,,,0,55,,8826,20,,,0,17,,8827,20,,,0,15,,8828,20,,,0,15,,8829,20,,,0,55,,8830,20,,,0,16,,8831,20,,,0,15,,8832,20,,,0,15,,8833,20,,,0,55,,8834,20,,,0,15,,8835,20,,,0,15,,8836,20,,,0,13,,8837,20,,,0,55,,8838,20,,,0,28,,8839,20,,,0,70,,8840,20,,,0,28,,8841,20,,,0,70,,8842,20,,,0,30,,8843,20,,,0,70,,8844,20,,,0,30,,8845,20,,,0,69,,8846,20,,,0,30,,8847,20,,,0,29,,8848,20,,,0,70,,8849,20,,,0
