401,'Holiday21111111',1104,,7158,47,,,0,100,,7154,47,,,0,100,,7151,47,,,0,100,,7155,47,,,0,100,,7152,47,,,0,100,,7156,47,,,0,100,,7153,47,,,0,99,,7157,47,,,0
401,'Holiday3-505-1111111',1004,,7159,47,,,0,100,,7164,47,,,0,100,,7160,47,,,0,100,,7165,47,,,0,100,,7161,47,,,0,100,,7166,47,,,0,100,,7162,47,,,0,100,,7167,47,,,0,99,,7163,47,,,0,100,,7168,47,,,0,100,,7169,47,,,0
401,'Saturday',1004,,7170,47,,,0,100,,7175,47,,,0,100,,7171,47,,,0,100,,7176,47,,,0,100,,7172,47,,,0,100,,7177,47,,,0,100,,7173,47,,,0,100,,7178,47,,,0,99,,7174,47,,,0,100,,7179,47,,,0,100,,7180,47,,,0
401,'Sunday',1104,,7188,47,,,0,100,,7184,47,,,0,100,,7181,47,,,0,100,,7185,47,,,0,100,,7182,47,,,0,100,,7186,47,,,0,100,,7183,47,,,0,99,,7187,47,,,0
401,'Weekday',603,,7189,47,,,0,101,,7190,47,,,0,30,,7191,47,,,0,70,,7192,47,,,0,31,,7193,47,,,0,70,,7194,47,,,0,30,,7195,47,,,0,70,,7196,47,,,0,30,,7197,47,,,0,70,,7198,47,,,0,30,,7199,47,,,0,70,,7200,47,,,0,30,,7201,47,,,0,70,,7202,47,,,0,30,,7203,47,,,0,70,,7204,47,,,0,32,,7205,47,,,0,70,,7206,47,,,0,30,,7207,47,,,0,74,,7208,47,,,0,30,,7209,47,,,0,66,,7210,47,,,0,28,,7211,47,,,0,70,,7212,47,,,0,101,,7213,47,,,0,99,,7214,47,,,0
1001,'Holiday21111111',814,,7659,51,,,0,30,,7676,51,,,0,70,,7677,51,,,0,32,,7675,51,,,0,71,,7657,51,,,0,30,,7662,51,,,0,55,,7661,51,,,0,15,,7663,51,,,0,15,,7664,51,,,0,15,,7665,51,,,0,55,,7666,51,,,0,15,,7667,51,,,0,15,,7668,51,,,0,15,,7669,51,,,0,55,,7670,51,,,0,15,,7671,51,,,0,15,,7672,51,,,0,15,,7673,51,,,0,55,,7674,51,,,0,15,,7660,51,,,0,15,,7658,51,,,0,15,,7652,51,,,0,55,,7635,51,,,0,15,,7645,51,,,0,15,,7647,51,,,0,15,,7650,51,,,0,55,,7640,51,,,0,15,,7654,51,,,0,15,,7644,51,,,0,15,,7648,51,,,0,55,,7636,51,,,0,15,,7641,51,,,0,15,,7655,51,,,0,15,,7643,51,,,0,10,,7649,51,,,0,59,,7642,51,,,0,30,,7638,51,,,0,70,,7653,51,,,0,28,,7637,51,,,0,69,,7646,51,,,0,30,,7656,51,,,0,70,,7639,51,,,0,30,,7651,51,,,0
1001,'Holiday3-505-1111111',744,,7720,51,,,0,70,,7721,51,,,0,30,,7722,51,,,0,70,,7723,51,,,0,32,,7724,51,,,0,56,,7726,51,,,0,15,,7725,51,,,0,15,,7727,51,,,0,15,,7711,51,,,0,55,,7719,51,,,0,15,,7696,51,,,0,15,,7703,51,,,0,15,,7684,51,,,0,55,,7712,51,,,0,15,,7693,51,,,0,15,,7697,51,,,0,15,,7704,51,,,0,55,,7685,51,,,0,15,,7713,51,,,0,15,,7708,51,,,0,15,,7698,51,,,0,55,,7705,51,,,0,15,,7686,51,,,0,15,,7714,51,,,0,15,,7707,51,,,0,55,,7699,51,,,0,15,,7692,51,,,0,15,,7687,51,,,0,15,,7715,51,,,0,55,,7694,51,,,0,15,,7700,51,,,0,15,,7691,51,,,0,15,,7688,51,,,0,55,,7716,51,,,0,15,,7709,51,,,0,15,,7701,51,,,0,15,,7706,51,,,0,55,,7689,51,,,0,15,,7717,51,,,0,14,,7710,51,,,0,15,,7702,51,,,0,55,,7695,51,,,0,15,,7690,51,,,0,28,,7718,51,,,0,69,,7678,51,,,0,30,,7682,51,,,0,70,,7680,51,,,0,30,,7679,51,,,0,70,,7683,51,,,0,30,,7681,51,,,0
1001,'Saturday',744,,7770,51,,,0,70,,7771,51,,,0,30,,7772,51,,,0,70,,7773,51,,,0,32,,7774,51,,,0,56,,7776,51,,,0,15,,7775,51,,,0,15,,7777,51,,,0,15,,7761,51,,,0,55,,7769,51,,,0,15,,7746,51,,,0,15,,7753,51,,,0,15,,7734,51,,,0,55,,7762,51,,,0,15,,7743,51,,,0,15,,7747,51,,,0,15,,7754,51,,,0,55,,7735,51,,,0,15,,7763,51,,,0,15,,7758,51,,,0,15,,7748,51,,,0,55,,7755,51,,,0,15,,7736,51,,,0,15,,7764,51,,,0,15,,7757,51,,,0,55,,7749,51,,,0,15,,7742,51,,,0,15,,7737,51,,,0,15,,7765,51,,,0,55,,7744,51,,,0,15,,7750,51,,,0,15,,7741,51,,,0,15,,7738,51,,,0,55,,7766,51,,,0,15,,7759,51,,,0,15,,7751,51,,,0,15,,7756,51,,,0,55,,7739,51,,,0,15,,7767,51,,,0,14,,7760,51,,,0,15,,7752,51,,,0,55,,7745,51,,,0,15,,7740,51,,,0,28,,7768,51,,,0,69,,7728,51,,,0,30,,7732,51,,,0,70,,7730,51,,,0,30,,7729,51,,,0,70,,7733,51,,,0,30,,7731,51,,,0
1001,'Sunday',814,,7802,51,,,0,30,,7819,51,,,0,70,,7820,51,,,0,32,,7818,51,,,0,71,,7800,51,,,0,30,,7805,51,,,0,55,,7804,51,,,0,15,,7806,51,,,0,15,,7807,51,,,0,15,,7808,51,,,0,55,,7809,51,,,0,15,,7810,51,,,0,15,,7811,51,,,0,15,,7812,51,,,0,55,,7813,51,,,0,15,,7814,51,,,0,15,,7815,51,,,0,15,,7816,51,,,0,55,,7817,51,,,0,15,,7803,51,,,0,15,,7801,51,,,0,15,,7795,51,,,0,55,,7778,51,,,0,15,,7788,51,,,0,15,,7790,51,,,0,15,,7793,51,,,0,55,,7783,51,,,0,15,,7797,51,,,0,15,,7787,51,,,0,15,,7791,51,,,0,55,,7779,51,,,0,15,,7784,51,,,0,15,,7798,51,,,0,15,,7786,51,,,0,10,,7792,51,,,0,59,,7785,51,,,0,30,,7781,51,,,0,70,,7796,51,,,0,28,,7780,51,,,0,69,,7789,51,,,0,30,,7799,51,,,0,70,,7782,51,,,0,30,,7794,51,,,0
1001,'Weekday',542,,7821,51,,,0,68,,7822,51,,,0,30,,7823,51,,,0,15,,7856,51,,,0,55,,7824,51,,,0,15,,7857,51,,,0,17,,7825,51,,,0,15,,7858,51,,,0,55,,7826,51,,,0,20,,7859,51,,,0,15,,7827,51,,,0,55,,7860,51,,,0,15,,7828,51,,,0,16,,7861,51,,,0,15,,7829,51,,,0,55,,7862,51,,,0,15,,7830,51,,,0,15,,7863,51,,,0,15,,7831,51,,,0,55,,7864,51,,,0,15,,7832,51,,,0,15,,7865,51,,,0,15,,7833,51,,,0,55,,7866,51,,,0,15,,7834,51,,,0,15,,7867,51,,,0,15,,7835,51,,,0,55,,7868,51,,,0,15,,7836,51,,,0,15,,7869,51,,,0,15,,7837,51,,,0,55,,7870,51,,,0,15,,7838,51,,,0,17,,7871,51,,,0,15,,7839,51,,,0,55,,7872,51,,,0,15,,7840,51,,,0,15,,7873,51,,,0,12,,7841,51,,,0,55,,7874,51,,,0,15,,7842,51,,,0,15,,7875,51,,,0,15,,7843,51,,,0,55,,7876,51,,,0,12,,7844,51,,,0,15,,7877,51,,,0,15,,7845,51,,,0,58,,7878,51,,,0,15,,7846,51,,,0,12,,7879,51,,,0,18,,7847,51,,,0,55,,7880,51,,,0,15,,7848,51,,,0,30,,7849,51,,,0,70,,7850,51,,,0,30,,7851,51,,,0,70,,7852,51,,,0,28,,7853,51,,,0,70,,7854,51,,,0,30,,7855,51,,,0
