600,'Holiday21111111',908,,7215,35,,,0,106,,7216,35,,,0,100,,7217,35,,,0,100,,7218,35,,,0,100,,7219,35,,,0,100,,7220,35,,,0,102,,7221,35,,,0,100,,7222,35,,,0,100,,7223,35,,,0,100,,7224,35,,,0,101,,7225,35,,,0,103,,7226,35,,,0
600,'Holiday3-505-1111111',808,,7241,35,,,0,100,,7240,35,,,0,106,,7239,35,,,0,100,,7238,35,,,0,100,,7237,35,,,0,100,,7236,35,,,0,100,,7235,35,,,0,100,,7234,35,,,0,100,,7233,35,,,0,100,,7232,35,,,0,100,,7231,35,,,0,100,,7230,35,,,0,100,,7229,35,,,0,100,,7228,35,,,0,100,,7227,35,,,0
600,'Saturday',808,,7256,35,,,0,100,,7255,35,,,0,106,,7254,35,,,0,100,,7253,35,,,0,100,,7252,35,,,0,100,,7251,35,,,0,100,,7250,35,,,0,100,,7249,35,,,0,100,,7248,35,,,0,100,,7247,35,,,0,100,,7246,35,,,0,100,,7245,35,,,0,100,,7244,35,,,0,100,,7243,35,,,0,100,,7242,35,,,0
600,'Sunday',908,,7257,35,,,0,106,,7258,35,,,0,100,,7259,35,,,0,100,,7260,35,,,0,100,,7261,35,,,0,100,,7262,35,,,0,102,,7263,35,,,0,100,,7264,35,,,0,100,,7265,35,,,0,100,,7266,35,,,0,100,,7267,35,,,0,100,,7268,35,,,0
600,'Weekday',614,,7269,35,,,0,32,,7270,35,,,0,70,,7271,35,,,0,32,,7272,35,,,0,69,,7273,35,,,0,32,,7274,35,,,0,70,,7275,35,,,0,28,,7276,35,,,0,70,,7277,35,,,0,30,,7278,35,,,0,70,,7279,35,,,0,30,,7280,35,,,0,70,,7281,35,,,0,30,,7282,35,,,0,70,,7283,35,,,0,30,,7284,35,,,0,70,,7285,35,,,0,28,,7286,35,,,0,73,,7287,35,,,0,34,,7288,35,,,0,79,,7298,35,,,0,73,,7296,35,,,0,26,,7295,35,,,0,26,,7293,35,,,0,67,,7299,35,,,0,29,,7297,35,,,0,69,,7294,35,,,0,30,,7289,35,,,0,69,,7290,35,,,0,100,,7291,35,,,0,100,,7292,35,,,0
1101,'Holiday21111111',811,,8064,3,,,0,30,,8063,3,,,0,70,,8062,3,,,0,30,,8065,3,,,0,74,,8061,3,,,0,30,,8066,3,,,0,70,,8060,3,,,0,30,,8067,3,,,0,70,,8068,3,,,0,30,,8059,3,,,0,70,,8069,3,,,0,30,,8058,3,,,0,70,,8057,3,,,0,30,,8070,3,,,0,70,,8056,3,,,0,30,,8071,3,,,0,70,,8072,3,,,0,30,,8055,3,,,0,70,,8073,3,,,0,30,,8054,3,,,0,70,,8074,3,,,0,30,,8053,3,,,0,70,,8052,3,,,0,30,,8075,3,,,0,70,,8076,3,,,0,30,,8077,3,,,0,70,,8078,3,,,0
1101,'Holiday3-505-1111111',711,,8093,3,,,0,30,,8094,3,,,0,70,,8079,3,,,0,30,,8095,3,,,0,70,,8080,3,,,0,30,,8096,3,,,0,70,,8081,3,,,0,30,,8097,3,,,0,70,,8082,3,,,0,30,,8098,3,,,0,70,,8083,3,,,0,30,,8099,3,,,0,70,,8084,3,,,0,30,,8100,3,,,0,70,,8085,3,,,0,30,,8101,3,,,0,70,,8086,3,,,0,30,,8102,3,,,0,70,,8087,3,,,0,30,,8103,3,,,0,70,,8088,3,,,0,30,,8104,3,,,0,70,,8089,3,,,0,30,,8105,3,,,0,70,,8090,3,,,0,32,,8106,3,,,0,70,,8091,3,,,0,30,,8107,3,,,0,70,,8092,3,,,0,30,,8108,3,,,0
1101,'Saturday',711,,8123,3,,,0,30,,8124,3,,,0,70,,8109,3,,,0,30,,8125,3,,,0,70,,8110,3,,,0,30,,8126,3,,,0,70,,8111,3,,,0,30,,8127,3,,,0,70,,8112,3,,,0,30,,8128,3,,,0,70,,8113,3,,,0,30,,8129,3,,,0,70,,8114,3,,,0,30,,8130,3,,,0,70,,8115,3,,,0,30,,8131,3,,,0,70,,8116,3,,,0,30,,8132,3,,,0,70,,8117,3,,,0,30,,8133,3,,,0,70,,8118,3,,,0,30,,8134,3,,,0,70,,8119,3,,,0,30,,8135,3,,,0,70,,8120,3,,,0,32,,8136,3,,,0,70,,8121,3,,,0,30,,8137,3,,,0,70,,8122,3,,,0,30,,8138,3,,,0
1101,'Sunday',811,,8151,3,,,0,30,,8150,3,,,0,70,,8149,3,,,0,30,,8152,3,,,0,70,,8148,3,,,0,30,,8153,3,,,0,70,,8147,3,,,0,30,,8154,3,,,0,70,,8155,3,,,0,30,,8146,3,,,0,70,,8156,3,,,0,30,,8145,3,,,0,70,,8144,3,,,0,30,,8157,3,,,0,70,,8143,3,,,0,30,,8158,3,,,0,70,,8159,3,,,0,30,,8142,3,,,0,70,,8160,3,,,0,30,,8141,3,,,0,70,,8161,3,,,0,30,,8140,3,,,0,70,,8139,3,,,0,32,,8162,3,,,0,70,,8163,3,,,0,30,,8164,3,,,0,70,,8165,3,,,0
1101,'Weekday',507,,8166,3,,,0,28,,8167,3,,,0,66,,8168,3,,,0,13,,8220,3,,,0,15,,8169,3,,,0,15,,8221,3,,,0,15,,8170,3,,,0,54,,8171,3,,,0,15,,8172,3,,,0,15,,8173,3,,,0,15,,8174,3,,,0,55,,8175,3,,,0,15,,8176,3,,,0,20,,8177,3,,,0,52,,8211,3,,,0,18,,8178,3,,,0,15,,8212,3,,,0,15,,8179,3,,,0,55,,8213,3,,,0,15,,8180,3,,,0,15,,8214,3,,,0,15,,8181,3,,,0,55,,8215,3,,,0,15,,8182,3,,,0,15,,8216,3,,,0,15,,8183,3,,,0,55,,8217,3,,,0,15,,8184,3,,,0,15,,8218,3,,,0,15,,8185,3,,,0,55,,8219,3,,,0,15,,8186,3,,,0,15,,8209,3,,,0,15,,8187,3,,,0,55,,8210,3,,,0,15,,8188,3,,,0,20,,8189,3,,,0,18,,8190,3,,,0,55,,8191,3,,,0,20,,8192,3,,,0,15,,8193,3,,,0,60,,8194,3,,,0,20,,8195,3,,,0,20,,8196,3,,,0,60,,8197,3,,,0,20,,8198,3,,,0,20,,8199,3,,,0,72,,8200,3,,,0,30,,8201,3,,,0,70,,8202,3,,,0,30,,8203,3,,,0,70,,8204,3,,,0,30,,8205,3,,,0,70,,8206,3,,,0,30,,8207,3,,,0,70,,8208,3,,,0
5100,'Holiday3-505-1111111',2315,,8867,30,,,0,99,,8866,30,,,0,100,,8865,30,,,0
5100,'Saturday',2315,,8870,30,,,0,99,,8869,30,,,0,100,,8868,30,,,0
5100,'Weekday',2325,,8873,30,,,0,89,,8872,30,,,0,100,,8871,30,,,0
