100,'Holiday21111111',707,,44,33,,,0,15,,45,33,,,0,15,,46,33,,,0,15,,47,33,,,0,55,,48,33,,,0,15,,49,33,,,0,15,,50,33,,,0,15,,51,33,,,0,55,,52,33,,,0,17,,53,33,,,0,15,,54,33,,,0,15,,55,33,,,0,55,,11,33,,,0,15,,23,33,,,0,15,,7,33,,,0,15,,12,33,,,0,55,,37,33,,,0,15,,33,33,,,0,15,,24,33,,,0,15,,31,33,,,0,55,,13,33,,,0,15,,38,33,,,0,15,,19,33,,,0,15,,25,33,,,0,55,,34,33,,,0,15,,14,33,,,0,15,,39,33,,,0,15,,30,33,,,0,55,,35,33,,,0,15,,26,33,,,0,15,,18,33,,,0,15,,15,33,,,0,55,,40,33,,,0,15,,20,33,,,0,15,,9,33,,,0,15,,27,33,,,0,55,,6,33,,,0,15,,16,33,,,0,15,,41,33,,,0,15,,32,33,,,0,55,,21,33,,,0,15,,28,33,,,0,15,,8,33,,,0,15,,17,33,,,0,55,,42,33,,,0,13,,10,33,,,0,18,,43,33,,,0,18,,29,33,,,0,49,,22,33,,,0,21,,36,33,,,0,30,,3,33,,,0,70,,1,33,,,0,30,,2,33,,,0,70,,4,33,,,0,30,,5,33,,,0,70,,56,33,,,0,30,,57,33,,,0
100,'Saturday',652,,105,33,,,0,55,,106,33,,,0,15,,107,33,,,0,15,,108,33,,,0,15,,109,33,,,0,55,,110,33,,,0,17,,111,33,,,0,15,,112,33,,,0,15,,113,33,,,0,55,,114,33,,,0,16,,115,33,,,0,16,,116,33,,,0,15,,117,33,,,0,55,,94,33,,,0,15,,81,33,,,0,15,,88,33,,,0,15,,71,33,,,0,55,,95,33,,,0,15,,79,33,,,0,13,,118,33,,,0,14,,82,33,,,0,54,,78,33,,,0,14,,72,33,,,0,14,,96,33,,,0,14,,103,33,,,0,54,,83,33,,,0,14,,119,33,,,0,14,,77,33,,,0,14,,73,33,,,0,14,,69,33,,,0,54,,70,33,,,0,14,,84,33,,,0,14,,101,33,,,0,14,,120,33,,,0,54,,97,33,,,0,14,,91,33,,,0,14,,93,33,,,0,14,,85,33,,,0,54,,68,33,,,0,14,,74,33,,,0,14,,121,33,,,0,15,,98,33,,,0,53,,90,33,,,0,15,,80,33,,,0,14,,86,33,,,0,15,,89,33,,,0,13,,75,33,,,0,53,,99,33,,,0,12,,104,33,,,0,15,,92,33,,,0,15,,87,33,,,0,55,,102,33,,,0,15,,76,33,,,0,18,,100,33,,,0,18,,58,33,,,0,70,,62,33,,,0,30,,65,33,,,0,70,,59,33,,,0,30,,63,33,,,0,70,,66,33,,,0,30,,60,33,,,0,70,,64,33,,,0,29,,67,33,,,0,68,,61,33,,,0
100,'Sunday',652,,166,33,,,0,55,,167,33,,,0,15,,168,33,,,0,15,,169,33,,,0,15,,170,33,,,0,55,,171,33,,,0,17,,172,33,,,0,15,,173,33,,,0,15,,174,33,,,0,55,,175,33,,,0,16,,176,33,,,0,16,,177,33,,,0,15,,178,33,,,0,55,,155,33,,,0,15,,142,33,,,0,15,,149,33,,,0,15,,132,33,,,0,55,,156,33,,,0,15,,140,33,,,0,13,,179,33,,,0,14,,143,33,,,0,54,,139,33,,,0,14,,133,33,,,0,14,,157,33,,,0,14,,164,33,,,0,54,,144,33,,,0,14,,180,33,,,0,14,,138,33,,,0,14,,134,33,,,0,14,,130,33,,,0,54,,131,33,,,0,14,,145,33,,,0,14,,162,33,,,0,14,,181,33,,,0,54,,158,33,,,0,14,,152,33,,,0,14,,154,33,,,0,14,,146,33,,,0,54,,129,33,,,0,14,,135,33,,,0,14,,182,33,,,0,15,,159,33,,,0,53,,151,33,,,0,15,,141,33,,,0,14,,147,33,,,0,15,,150,33,,,0,13,,136,33,,,0,53,,160,33,,,0,12,,165,33,,,0,15,,153,33,,,0,15,,148,33,,,0,55,,163,33,,,0,15,,137,33,,,0,18,,161,33,,,0,18,,122,33,,,0,70,,125,33,,,0,30,,127,33,,,0,70,,123,33,,,0,30,,126,33,,,0,70,,128,33,,,0,30,,124,33,,,0
100,'Weekday',507,,271,33,,,0,15,,272,33,,,0,12,,273,33,,,0,12,,274,33,,,0,12,,275,33,,,0,52,,276,33,,,0,14,,277,33,,,0,12,,278,33,,,0,12,,263,33,,,0,52,,264,33,,,0,12,,267,33,,,0,15,,279,33,,,0,12,,268,33,,,0,12,,269,33,,,0,52,,265,33,,,0,12,,270,33,,,0,12,,266,33,,,0,12,,208,33,,,0,12,,201,33,,,0,52,,228,33,,,0,12,,204,33,,,0,12,,216,33,,,0,12,,200,33,,,0,12,,205,33,,,0,52,,203,33,,,0,12,,207,33,,,0,12,,202,33,,,0,12,,215,33,,,0,12,,206,33,,,0,52,,209,33,,,0,12,,221,33,,,0,12,,210,33,,,0,13,,214,33,,,0,12,,222,33,,,0,52,,227,33,,,0,12,,220,33,,,0,13,,226,33,,,0,13,,219,33,,,0,12,,211,33,,,0,52,,212,33,,,0,12,,223,33,,,0,11,,224,33,,,0,12,,213,33,,,0,13,,225,33,,,0,51,,218,33,,,0,12,,282,33,,,0,12,,217,33,,,0,10,,260,33,,,0,11,,261,33,,,0,51,,262,33,,,0,11,,259,33,,,0,10,,247,33,,,0,10,,280,33,,,0,11,,248,33,,,0,11,,249,33,,,0,50,,250,33,,,0,10,,251,33,,,0,10,,252,33,,,0,10,,237,33,,,0,11,,239,33,,,0,11,,231,33,,,0,51,,238,33,,,0,11,,233,33,,,0,10,,240,33,,,0,12,,243,33,,,0,11,,241,33,,,0,51,,245,33,,,0,11,,236,33,,,0,10,,246,33,,,0,7,,232,33,,,0,9,,234,33,,,0,9,,235,33,,,0,10,,244,33,,,0,50,,242,33,,,0,10,,258,33,,,0,11,,253,33,,,0,12,,257,33,,,0,12,,254,33,,,0,52,,256,33,,,0,12,,255,33,,,0,12,,281,33,,,0,10,,183,33,,,0,15,,184,33,,,0,52,,185,33,,,0,14,,186,33,,,0,11,,187,33,,,0,20,,188,33,,,0,55,,189,33,,,0,14,,190,33,,,0,15,,197,33,,,0,15,,191,33,,,0,55,,198,33,,,0,20,,192,33,,,0,15,,195,33,,,0,15,,193,33,,,0,55,,196,33,,,0,15,,194,33,,,0,15,,230,33,,,0,15,,199,33,,,0,55,,229,33,,,0
600,'Holiday21111111',849,,1309,2,,,0,106,,1310,2,,,0,100,,1311,2,,,0,100,,1312,2,,,0,100,,1313,2,,,0,100,,1314,2,,,0,102,,1315,2,,,0,100,,1316,2,,,0,100,,1317,2,,,0,100,,1318,2,,,0,101,,1319,2,,,0,143,,1320,2,,,0
600,'Saturday',749,,1335,2,,,0,100,,1334,2,,,0,106,,1333,2,,,0,100,,1332,2,,,0,100,,1331,2,,,0,100,,1330,2,,,0,100,,1329,2,,,0,100,,1328,2,,,0,100,,1327,2,,,0,100,,1326,2,,,0,100,,1325,2,,,0,100,,1324,2,,,0,100,,1323,2,,,0,100,,1322,2,,,0,100,,1321,2,,,0
600,'Sunday',849,,1336,2,,,0,106,,1337,2,,,0,100,,1338,2,,,0,100,,1339,2,,,0,100,,1340,2,,,0,100,,1341,2,,,0,102,,1342,2,,,0,100,,1343,2,,,0,100,,1344,2,,,0,100,,1345,2,,,0,100,,1346,2,,,0,100,,1347,2,,,0
600,'Weekday',556,,1348,2,,,0,70,,1349,2,,,0,30,,1350,2,,,0,70,,1351,2,,,0,25,,1352,2,,,0,75,,1353,2,,,0,30,,1354,2,,,0,70,,1355,2,,,0,30,,1356,2,,,0,70,,1357,2,,,0,30,,1358,2,,,0,70,,1359,2,,,0,30,,1360,2,,,0,70,,1361,2,,,0,30,,1362,2,,,0,70,,1363,2,,,0,30,,1364,2,,,0,65,,1365,2,,,0,35,,1366,2,,,0,70,,1367,2,,,0,31,,1368,2,,,0,70,,1369,2,,,0,74,,1370,2,,,0,30,,1371,2,,,0,70,,1372,2,,,0,30,,1373,2,,,0,26,,1374,2,,,0,70,,1375,2,,,0,30,,1376,2,,,0,100,,1377,2,,,0,100,,1378,2,,,0
5100,'Saturday',2304,,2649,2,,,0,97,,2648,2,,,0,55,,2647,2,,,0
5100,'Weekday',2304,,2652,2,,,0,97,,2651,2,,,0,55,,2650,2,,,0
8000,'Weekday',554,,2691,2,,,0,70,,2687,2,,,0,30,,2692,2,,,0,70,,2688,2,,,0,30,,2693,2,,,0,70,,2689,2,,,0,31,,2694,2,,,0,70,,2690,2,,,0,30,,2695,2,,,0,70,,2669,2,,,0,30,,2678,2,,,0,70,,2670,2,,,0,34,,2679,2,,,0,68,,2671,2,,,0,30,,2680,2,,,0,70,,2672,2,,,0,30,,2681,2,,,0,70,,2673,2,,,0,30,,2682,2,,,0,71,,2674,2,,,0,30,,2683,2,,,0,68,,2675,2,,,0,29,,2684,2,,,0,73,,2676,2,,,0,29,,2685,2,,,0,73,,2677,2,,,0,29,,2686,2,,,0
8100,'Weekday',537,,2732,2,,,0,70,,2737,2,,,0,31,,2733,2,,,0,70,,2738,2,,,0,30,,2734,2,,,0,73,,2739,2,,,0,33,,2735,2,,,0,72,,2740,2,,,0,30,,2736,2,,,0,70,,2743,2,,,0,30,,2744,2,,,0,70,,2745,2,,,0,30,,2746,2,,,0,69,,2747,2,,,0,30,,2748,2,,,0,70,,2749,2,,,0,30,,2750,2,,,0,66,,2751,2,,,0,30,,2752,2,,,0,66,,2741,2,,,0,30,,2742,2,,,0,67,,2726,2,,,0,29,,2730,2,,,0,76,,2728,2,,,0,29,,2727,2,,,0,76,,2731,2,,,0,29,,2729,2,,,0
