401,'Holiday21111111',1103,,7158,45,,,0,100,,7154,45,,,0,100,,7151,45,,,0,100,,7155,45,,,0,100,,7152,45,,,0,100,,7156,45,,,0,100,,7153,45,,,0,99,,7157,45,,,0
401,'Holiday3-505-1111111',1003,,7159,45,,,0,100,,7164,45,,,0,100,,7160,45,,,0,100,,7165,45,,,0,100,,7161,45,,,0,100,,7166,45,,,0,100,,7162,45,,,0,100,,7167,45,,,0,99,,7163,45,,,0,100,,7168,45,,,0,100,,7169,45,,,0
401,'Saturday',1003,,7170,45,,,0,100,,7175,45,,,0,100,,7171,45,,,0,100,,7176,45,,,0,100,,7172,45,,,0,100,,7177,45,,,0,100,,7173,45,,,0,100,,7178,45,,,0,99,,7174,45,,,0,100,,7179,45,,,0,100,,7180,45,,,0
401,'Sunday',1103,,7188,45,,,0,100,,7184,45,,,0,100,,7181,45,,,0,100,,7185,45,,,0,100,,7182,45,,,0,100,,7186,45,,,0,100,,7183,45,,,0,99,,7187,45,,,0
401,'Weekday',602,,7189,45,,,0,101,,7190,45,,,0,30,,7191,45,,,0,70,,7192,45,,,0,31,,7193,45,,,0,70,,7194,45,,,0,30,,7195,45,,,0,70,,7196,45,,,0,30,,7197,45,,,0,70,,7198,45,,,0,30,,7199,45,,,0,70,,7200,45,,,0,30,,7201,45,,,0,70,,7202,45,,,0,30,,7203,45,,,0,70,,7204,45,,,0,32,,7205,45,,,0,70,,7206,45,,,0,30,,7207,45,,,0,74,,7208,45,,,0,30,,7209,45,,,0,66,,7210,45,,,0,28,,7211,45,,,0,70,,7212,45,,,0,101,,7213,45,,,0,99,,7214,45,,,0
1001,'Holiday21111111',813,,7659,49,,,0,30,,7676,49,,,0,70,,7677,49,,,0,32,,7675,49,,,0,71,,7657,49,,,0,30,,7662,49,,,0,55,,7661,49,,,0,15,,7663,49,,,0,15,,7664,49,,,0,15,,7665,49,,,0,55,,7666,49,,,0,15,,7667,49,,,0,15,,7668,49,,,0,15,,7669,49,,,0,55,,7670,49,,,0,15,,7671,49,,,0,15,,7672,49,,,0,15,,7673,49,,,0,55,,7674,49,,,0,15,,7660,49,,,0,15,,7658,49,,,0,15,,7652,49,,,0,55,,7635,49,,,0,15,,7645,49,,,0,15,,7647,49,,,0,15,,7650,49,,,0,55,,7640,49,,,0,15,,7654,49,,,0,15,,7644,49,,,0,15,,7648,49,,,0,55,,7636,49,,,0,15,,7641,49,,,0,15,,7655,49,,,0,15,,7643,49,,,0,10,,7649,49,,,0,59,,7642,49,,,0,30,,7638,49,,,0,70,,7653,49,,,0,28,,7637,49,,,0,69,,7646,49,,,0,30,,7656,49,,,0,70,,7639,49,,,0,30,,7651,49,,,0
1001,'Holiday3-505-1111111',743,,7720,49,,,0,70,,7721,49,,,0,30,,7722,49,,,0,70,,7723,49,,,0,32,,7724,49,,,0,56,,7726,49,,,0,15,,7725,49,,,0,15,,7727,49,,,0,15,,7711,49,,,0,55,,7719,49,,,0,15,,7696,49,,,0,15,,7703,49,,,0,15,,7684,49,,,0,55,,7712,49,,,0,15,,7693,49,,,0,15,,7697,49,,,0,15,,7704,49,,,0,55,,7685,49,,,0,15,,7713,49,,,0,15,,7708,49,,,0,15,,7698,49,,,0,55,,7705,49,,,0,15,,7686,49,,,0,15,,7714,49,,,0,15,,7707,49,,,0,55,,7699,49,,,0,15,,7692,49,,,0,15,,7687,49,,,0,15,,7715,49,,,0,55,,7694,49,,,0,15,,7700,49,,,0,15,,7691,49,,,0,15,,7688,49,,,0,55,,7716,49,,,0,15,,7709,49,,,0,15,,7701,49,,,0,15,,7706,49,,,0,55,,7689,49,,,0,15,,7717,49,,,0,14,,7710,49,,,0,15,,7702,49,,,0,55,,7695,49,,,0,15,,7690,49,,,0,28,,7718,49,,,0,69,,7678,49,,,0,30,,7682,49,,,0,70,,7680,49,,,0,30,,7679,49,,,0,70,,7683,49,,,0,30,,7681,49,,,0
1001,'Saturday',743,,7770,49,,,0,70,,7771,49,,,0,30,,7772,49,,,0,70,,7773,49,,,0,32,,7774,49,,,0,56,,7776,49,,,0,15,,7775,49,,,0,15,,7777,49,,,0,15,,7761,49,,,0,55,,7769,49,,,0,15,,7746,49,,,0,15,,7753,49,,,0,15,,7734,49,,,0,55,,7762,49,,,0,15,,7743,49,,,0,15,,7747,49,,,0,15,,7754,49,,,0,55,,7735,49,,,0,15,,7763,49,,,0,15,,7758,49,,,0,15,,7748,49,,,0,55,,7755,49,,,0,15,,7736,49,,,0,15,,7764,49,,,0,15,,7757,49,,,0,55,,7749,49,,,0,15,,7742,49,,,0,15,,7737,49,,,0,15,,7765,49,,,0,55,,7744,49,,,0,15,,7750,49,,,0,15,,7741,49,,,0,15,,7738,49,,,0,55,,7766,49,,,0,15,,7759,49,,,0,15,,7751,49,,,0,15,,7756,49,,,0,55,,7739,49,,,0,15,,7767,49,,,0,14,,7760,49,,,0,15,,7752,49,,,0,55,,7745,49,,,0,15,,7740,49,,,0,28,,7768,49,,,0,69,,7728,49,,,0,30,,7732,49,,,0,70,,7730,49,,,0,30,,7729,49,,,0,70,,7733,49,,,0,30,,7731,49,,,0
1001,'Sunday',813,,7802,49,,,0,30,,7819,49,,,0,70,,7820,49,,,0,32,,7818,49,,,0,71,,7800,49,,,0,30,,7805,49,,,0,55,,7804,49,,,0,15,,7806,49,,,0,15,,7807,49,,,0,15,,7808,49,,,0,55,,7809,49,,,0,15,,7810,49,,,0,15,,7811,49,,,0,15,,7812,49,,,0,55,,7813,49,,,0,15,,7814,49,,,0,15,,7815,49,,,0,15,,7816,49,,,0,55,,7817,49,,,0,15,,7803,49,,,0,15,,7801,49,,,0,15,,7795,49,,,0,55,,7778,49,,,0,15,,7788,49,,,0,15,,7790,49,,,0,15,,7793,49,,,0,55,,7783,49,,,0,15,,7797,49,,,0,15,,7787,49,,,0,15,,7791,49,,,0,55,,7779,49,,,0,15,,7784,49,,,0,15,,7798,49,,,0,15,,7786,49,,,0,10,,7792,49,,,0,59,,7785,49,,,0,30,,7781,49,,,0,70,,7796,49,,,0,28,,7780,49,,,0,69,,7789,49,,,0,30,,7799,49,,,0,70,,7782,49,,,0,30,,7794,49,,,0
1001,'Weekday',541,,7821,49,,,0,68,,7822,49,,,0,30,,7823,49,,,0,15,,7856,49,,,0,55,,7824,49,,,0,15,,7857,49,,,0,17,,7825,49,,,0,15,,7858,49,,,0,55,,7826,49,,,0,20,,7859,49,,,0,15,,7827,49,,,0,55,,7860,49,,,0,15,,7828,49,,,0,16,,7861,49,,,0,15,,7829,49,,,0,55,,7862,49,,,0,15,,7830,49,,,0,15,,7863,49,,,0,15,,7831,49,,,0,55,,7864,49,,,0,15,,7832,49,,,0,15,,7865,49,,,0,15,,7833,49,,,0,55,,7866,49,,,0,15,,7834,49,,,0,15,,7867,49,,,0,15,,7835,49,,,0,55,,7868,49,,,0,15,,7836,49,,,0,15,,7869,49,,,0,15,,7837,49,,,0,55,,7870,49,,,0,15,,7838,49,,,0,17,,7871,49,,,0,15,,7839,49,,,0,55,,7872,49,,,0,15,,7840,49,,,0,15,,7873,49,,,0,12,,7841,49,,,0,55,,7874,49,,,0,15,,7842,49,,,0,15,,7875,49,,,0,15,,7843,49,,,0,55,,7876,49,,,0,12,,7844,49,,,0,15,,7877,49,,,0,15,,7845,49,,,0,58,,7878,49,,,0,15,,7846,49,,,0,12,,7879,49,,,0,18,,7847,49,,,0,55,,7880,49,,,0,15,,7848,49,,,0,30,,7849,49,,,0,70,,7850,49,,,0,30,,7851,49,,,0,70,,7852,49,,,0,28,,7853,49,,,0,70,,7854,49,,,0,30,,7855,49,,,0
