400,'Holiday21111111',1224,,7084,79,,,0,100,,7088,79,,,0,100,,7085,79,,,0,100,,7089,79,,,0,100,,7086,79,,,0,100,,7090,79,,,0,100,,7087,79,,,0
400,'Holiday3-505-1111111',924,,7091,79,,,0,100,,7097,79,,,0,100,,7092,79,,,0,100,,7098,79,,,0,100,,7093,79,,,0,100,,7099,79,,,0,100,,7094,79,,,0,100,,7100,79,,,0,100,,7095,79,,,0,100,,7101,79,,,0,100,,7096,79,,,0,100,,7102,79,,,0,98,,7103,79,,,0
400,'Saturday',924,,7104,79,,,0,100,,7110,79,,,0,100,,7105,79,,,0,100,,7111,79,,,0,100,,7106,79,,,0,100,,7112,79,,,0,100,,7107,79,,,0,100,,7113,79,,,0,100,,7108,79,,,0,100,,7114,79,,,0,100,,7109,79,,,0,100,,7115,79,,,0,98,,7116,79,,,0
400,'Sunday',1224,,7117,79,,,0,100,,7121,79,,,0,100,,7118,79,,,0,100,,7122,79,,,0,100,,7119,79,,,0,100,,7123,79,,,0,100,,7120,79,,,0
400,'Weekday',623,,7124,79,,,0,101,,7125,79,,,0,105,,7126,79,,,0,23,,7127,79,,,0,77,,7128,79,,,0,29,,7129,79,,,0,71,,7130,79,,,0,30,,7131,79,,,0,70,,7132,79,,,0,30,,7133,79,,,0,70,,7134,79,,,0,30,,7135,79,,,0,70,,7136,79,,,0,30,,7137,79,,,0,70,,7138,79,,,0,30,,7139,79,,,0,73,,7140,79,,,0,71,,7141,79,,,0,27,,7142,79,,,0,70,,7143,79,,,0,30,,7144,79,,,0,70,,7145,79,,,0,31,,7146,79,,,0,27,,7150,79,,,0,70,,7147,79,,,0,96,,7148,79,,,0,99,,7149,79,,,0
1001,'Holiday21111111',802,,7659,27,,,0,30,,7676,27,,,0,70,,7677,27,,,0,30,,7675,27,,,0,71,,7657,27,,,0,30,,7662,27,,,0,15,,7661,27,,,0,55,,7663,27,,,0,15,,7664,27,,,0,15,,7665,27,,,0,15,,7666,27,,,0,55,,7667,27,,,0,15,,7668,27,,,0,15,,7669,27,,,0,15,,7670,27,,,0,55,,7671,27,,,0,15,,7672,27,,,0,15,,7673,27,,,0,15,,7674,27,,,0,55,,7660,27,,,0,15,,7658,27,,,0,15,,7652,27,,,0,15,,7635,27,,,0,55,,7645,27,,,0,15,,7647,27,,,0,15,,7650,27,,,0,15,,7640,27,,,0,55,,7654,27,,,0,15,,7644,27,,,0,15,,7648,27,,,0,15,,7636,27,,,0,55,,7641,27,,,0,15,,7655,27,,,0,15,,7643,27,,,0,10,,7649,27,,,0,59,,7642,27,,,0,31,,7638,27,,,0,70,,7653,27,,,0,29,,7637,27,,,0,70,,7646,27,,,0,30,,7656,27,,,0,70,,7639,27,,,0,30,,7651,27,,,0
1001,'Holiday3-505-1111111',732,,7720,27,,,0,70,,7721,27,,,0,30,,7722,27,,,0,70,,7723,27,,,0,30,,7724,27,,,0,16,,7726,27,,,0,55,,7725,27,,,0,15,,7727,27,,,0,15,,7711,27,,,0,15,,7719,27,,,0,55,,7696,27,,,0,15,,7703,27,,,0,15,,7684,27,,,0,15,,7712,27,,,0,55,,7693,27,,,0,15,,7697,27,,,0,15,,7704,27,,,0,15,,7685,27,,,0,55,,7713,27,,,0,15,,7708,27,,,0,15,,7698,27,,,0,15,,7705,27,,,0,55,,7686,27,,,0,15,,7714,27,,,0,15,,7707,27,,,0,15,,7699,27,,,0,55,,7692,27,,,0,15,,7687,27,,,0,15,,7715,27,,,0,15,,7694,27,,,0,55,,7700,27,,,0,15,,7691,27,,,0,15,,7688,27,,,0,15,,7716,27,,,0,55,,7709,27,,,0,15,,7701,27,,,0,15,,7706,27,,,0,15,,7689,27,,,0,55,,7717,27,,,0,15,,7710,27,,,0,15,,7702,27,,,0,15,,7695,27,,,0,55,,7690,27,,,0,29,,7718,27,,,0,70,,7678,27,,,0,30,,7682,27,,,0,70,,7680,27,,,0,30,,7679,27,,,0,70,,7683,27,,,0,30,,7681,27,,,0
1001,'Saturday',732,,7770,27,,,0,70,,7771,27,,,0,30,,7772,27,,,0,70,,7773,27,,,0,30,,7774,27,,,0,16,,7776,27,,,0,55,,7775,27,,,0,15,,7777,27,,,0,15,,7761,27,,,0,15,,7769,27,,,0,55,,7746,27,,,0,15,,7753,27,,,0,15,,7734,27,,,0,15,,7762,27,,,0,55,,7743,27,,,0,15,,7747,27,,,0,15,,7754,27,,,0,15,,7735,27,,,0,55,,7763,27,,,0,15,,7758,27,,,0,15,,7748,27,,,0,15,,7755,27,,,0,55,,7736,27,,,0,15,,7764,27,,,0,15,,7757,27,,,0,15,,7749,27,,,0,55,,7742,27,,,0,15,,7737,27,,,0,15,,7765,27,,,0,15,,7744,27,,,0,55,,7750,27,,,0,15,,7741,27,,,0,15,,7738,27,,,0,15,,7766,27,,,0,55,,7759,27,,,0,15,,7751,27,,,0,15,,7756,27,,,0,15,,7739,27,,,0,55,,7767,27,,,0,15,,7760,27,,,0,15,,7752,27,,,0,15,,7745,27,,,0,55,,7740,27,,,0,29,,7768,27,,,0,70,,7728,27,,,0,30,,7732,27,,,0,70,,7730,27,,,0,30,,7729,27,,,0,70,,7733,27,,,0,30,,7731,27,,,0
1001,'Sunday',802,,7802,27,,,0,30,,7819,27,,,0,70,,7820,27,,,0,30,,7818,27,,,0,71,,7800,27,,,0,30,,7805,27,,,0,15,,7804,27,,,0,55,,7806,27,,,0,15,,7807,27,,,0,15,,7808,27,,,0,15,,7809,27,,,0,55,,7810,27,,,0,15,,7811,27,,,0,15,,7812,27,,,0,15,,7813,27,,,0,55,,7814,27,,,0,15,,7815,27,,,0,15,,7816,27,,,0,15,,7817,27,,,0,55,,7803,27,,,0,15,,7801,27,,,0,15,,7795,27,,,0,15,,7778,27,,,0,55,,7788,27,,,0,15,,7790,27,,,0,15,,7793,27,,,0,15,,7783,27,,,0,55,,7797,27,,,0,15,,7787,27,,,0,15,,7791,27,,,0,15,,7779,27,,,0,55,,7784,27,,,0,15,,7798,27,,,0,15,,7786,27,,,0,10,,7792,27,,,0,59,,7785,27,,,0,31,,7781,27,,,0,70,,7796,27,,,0,29,,7780,27,,,0,70,,7789,27,,,0,30,,7799,27,,,0,70,,7782,27,,,0,30,,7794,27,,,0
1001,'Weekday',529,,7821,27,,,0,28,,7822,27,,,0,70,,7823,27,,,0,15,,7856,27,,,0,15,,7824,27,,,0,55,,7857,27,,,0,17,,7825,27,,,0,15,,7858,27,,,0,15,,7826,27,,,0,60,,7859,27,,,0,15,,7827,27,,,0,15,,7860,27,,,0,55,,7828,27,,,0,15,,7861,27,,,0,15,,7829,27,,,0,15,,7862,27,,,0,55,,7830,27,,,0,15,,7863,27,,,0,15,,7831,27,,,0,15,,7864,27,,,0,55,,7832,27,,,0,15,,7865,27,,,0,15,,7833,27,,,0,15,,7866,27,,,0,55,,7834,27,,,0,15,,7867,27,,,0,15,,7835,27,,,0,15,,7868,27,,,0,55,,7836,27,,,0,15,,7869,27,,,0,15,,7837,27,,,0,15,,7870,27,,,0,55,,7838,27,,,0,16,,7871,27,,,0,15,,7839,27,,,0,15,,7872,27,,,0,55,,7840,27,,,0,15,,7873,27,,,0,12,,7841,27,,,0,15,,7874,27,,,0,55,,7842,27,,,0,15,,7875,27,,,0,15,,7843,27,,,0,15,,7876,27,,,0,12,,7844,27,,,0,55,,7877,27,,,0,15,,7845,27,,,0,18,,7878,27,,,0,55,,7846,27,,,0,13,,7879,27,,,0,18,,7847,27,,,0,15,,7880,27,,,0,55,,7848,27,,,0,30,,7849,27,,,0,70,,7850,27,,,0,30,,7851,27,,,0,70,,7852,27,,,0,30,,7853,27,,,0,70,,7854,27,,,0,30,,7855,27,,,0
