200,'Holiday21111111',811,,566,39,,,0,100,,567,39,,,0,32,,590,39,,,0,70,,568,39,,,0,30,,579,39,,,0,70,,569,39,,,0,30,,580,39,,,0,70,,570,39,,,0,30,,581,39,,,0,70,,571,39,,,0,30,,582,39,,,0,70,,572,39,,,0,30,,583,39,,,0,70,,573,39,,,0,30,,584,39,,,0,70,,574,39,,,0,30,,585,39,,,0,70,,575,39,,,0,30,,586,39,,,0,70,,576,39,,,0,28,,587,39,,,0,70,,577,39,,,0,33,,588,39,,,0,70,,578,39,,,0,30,,589,39,,,0,70,,591,39,,,0,30,,592,39,,,0
200,'Saturday',641,,593,39,,,0,100,,594,39,,,0,100,,595,39,,,0,102,,596,39,,,0,70,,609,39,,,0,20,,597,39,,,0,20,,623,39,,,0,60,,610,39,,,0,20,,598,39,,,0,20,,624,39,,,0,60,,611,39,,,0,20,,599,39,,,0,20,,625,39,,,0,65,,612,39,,,0,20,,600,39,,,0,20,,626,39,,,0,60,,613,39,,,0,20,,601,39,,,0,20,,627,39,,,0,60,,614,39,,,0,25,,602,39,,,0,60,,628,39,,,0,20,,615,39,,,0,20,,603,39,,,0,60,,629,39,,,0,20,,616,39,,,0,20,,604,39,,,0,70,,617,39,,,0,30,,605,39,,,0,70,,618,39,,,0,28,,606,39,,,0,70,,619,39,,,0,30,,607,39,,,0,70,,620,39,,,0,30,,608,39,,,0,70,,621,39,,,0
200,'Sunday',811,,630,39,,,0,100,,631,39,,,0,102,,632,39,,,0,20,,643,39,,,0,20,,656,39,,,0,60,,633,39,,,0,20,,644,39,,,0,20,,657,39,,,0,60,,634,39,,,0,20,,645,39,,,0,20,,658,39,,,0,65,,635,39,,,0,20,,646,39,,,0,20,,659,39,,,0,60,,636,39,,,0,20,,647,39,,,0,20,,660,39,,,0,60,,637,39,,,0,25,,648,39,,,0,60,,661,39,,,0,20,,638,39,,,0,20,,649,39,,,0,60,,662,39,,,0,20,,639,39,,,0,20,,650,39,,,0,70,,640,39,,,0,30,,651,39,,,0,70,,641,39,,,0,28,,652,39,,,0,70,,642,39,,,0,30,,653,39,,,0,70,,654,39,,,0,30,,655,39,,,0
200,'Weekday',507,,663,39,,,0,30,,665,39,,,0,70,,667,39,,,0,28,,696,39,,,0,15,,669,39,,,0,55,,670,39,,,0,15,,697,39,,,0,18,,671,39,,,0,15,,672,39,,,0,55,,673,39,,,0,16,,674,39,,,0,15,,675,39,,,0,15,,698,39,,,0,55,,676,39,,,0,15,,699,39,,,0,15,,677,39,,,0,16,,678,39,,,0,54,,700,39,,,0,15,,701,39,,,0,15,,702,39,,,0,15,,679,39,,,0,55,,703,39,,,0,15,,704,39,,,0,17,,680,39,,,0,15,,705,39,,,0,55,,681,39,,,0,15,,682,39,,,0,15,,706,39,,,0,15,,707,39,,,0,55,,683,39,,,0,15,,684,39,,,0,15,,708,39,,,0,15,,709,39,,,0,55,,685,39,,,0,15,,710,39,,,0,15,,711,39,,,0,15,,686,39,,,0,55,,712,39,,,0,15,,713,39,,,0,15,,714,39,,,0,15,,687,39,,,0,55,,688,39,,,0,15,,689,39,,,0,15,,715,39,,,0,15,,716,39,,,0,55,,717,39,,,0,15,,718,39,,,0,15,,690,39,,,0,15,,719,39,,,0,56,,691,39,,,0,15,,720,39,,,0,12,,692,39,,,0,15,,721,39,,,0,59,,722,39,,,0,30,,723,39,,,0,70,,695,39,,,0,30,,693,39,,,0,70,,664,39,,,0,30,,694,39,,,0,72,,666,39,,,0,27,,668,39,,,0
300,'Holiday21111111',825,,887,37,,,0,100,,888,37,,,0,30,,900,37,,,0,72,,889,37,,,0,30,,901,37,,,0,70,,890,37,,,0,30,,902,37,,,0,70,,891,37,,,0,30,,903,37,,,0,70,,892,37,,,0,30,,904,37,,,0,70,,893,37,,,0,30,,905,37,,,0,70,,894,37,,,0,30,,906,37,,,0,70,,895,37,,,0,30,,907,37,,,0,70,,896,37,,,0,30,,908,37,,,0,68,,897,37,,,0,32,,909,37,,,0,71,,898,37,,,0,29,,910,37,,,0,73,,899,37,,,0,70,,911,37,,,0,29,,912,37,,,0
300,'Saturday',725,,913,37,,,0,100,,914,37,,,0,100,,915,37,,,0,30,,929,37,,,0,72,,916,37,,,0,30,,930,37,,,0,60,,917,37,,,0,20,,942,37,,,0,20,,931,37,,,0,60,,918,37,,,0,20,,943,37,,,0,65,,932,37,,,0,20,,919,37,,,0,20,,944,37,,,0,60,,933,37,,,0,20,,920,37,,,0,20,,945,37,,,0,60,,934,37,,,0,20,,921,37,,,0,25,,946,37,,,0,60,,935,37,,,0,20,,922,37,,,0,20,,947,37,,,0,60,,936,37,,,0,20,,923,37,,,0,30,,937,37,,,0,68,,924,37,,,0,30,,938,37,,,0,70,,925,37,,,0,30,,939,37,,,0,70,,926,37,,,0,30,,940,37,,,0,69,,927,37,,,0,30,,941,37,,,0,70,,928,37,,,0
300,'Sunday',825,,948,37,,,0,100,,949,37,,,0,30,,961,37,,,0,72,,950,37,,,0,30,,962,37,,,0,60,,951,37,,,0,20,,974,37,,,0,20,,963,37,,,0,60,,952,37,,,0,20,,975,37,,,0,65,,964,37,,,0,20,,953,37,,,0,20,,976,37,,,0,60,,965,37,,,0,20,,954,37,,,0,20,,979,37,,,0,60,,966,37,,,0,20,,955,37,,,0,25,,977,37,,,0,60,,967,37,,,0,20,,956,37,,,0,20,,978,37,,,0,60,,968,37,,,0,20,,957,37,,,0,30,,969,37,,,0,68,,958,37,,,0,30,,970,37,,,0,70,,959,37,,,0,30,,971,37,,,0,70,,960,37,,,0,30,,972,37,,,0,69,,973,37,,,0
300,'Weekday',552,,980,37,,,0,71,,1022,37,,,0,14,,1023,37,,,0,15,,982,37,,,0,55,,983,37,,,0,16,,984,37,,,0,17,,1024,37,,,0,13,,1025,37,,,0,55,,985,37,,,0,16,,986,37,,,0,15,,987,37,,,0,15,,988,37,,,0,55,,989,37,,,0,17,,1026,37,,,0,15,,990,37,,,0,15,,1027,37,,,0,55,,991,37,,,0,20,,992,37,,,0,18,,993,37,,,0,55,,994,37,,,0,15,,1028,37,,,0,15,,995,37,,,0,15,,996,37,,,0,55,,997,37,,,0,15,,1029,37,,,0,15,,998,37,,,0,15,,1030,37,,,0,55,,999,37,,,0,15,,1000,37,,,0,15,,1031,37,,,0,15,,1032,37,,,0,55,,1033,37,,,0,15,,1034,37,,,0,15,,1035,37,,,0,15,,1001,37,,,0,55,,1002,37,,,0,15,,1003,37,,,0,15,,1004,37,,,0,15,,1005,37,,,0,57,,1036,37,,,0,15,,1006,37,,,0,15,,1037,37,,,0,15,,1038,37,,,0,54,,1007,37,,,0,15,,1008,37,,,0,15,,1009,37,,,0,15,,1039,37,,,0,55,,1040,37,,,0,15,,1017,37,,,0,11,,1016,37,,,0,15,,1010,37,,,0,55,,1020,37,,,0,14,,1015,37,,,0,16,,1011,37,,,0,70,,1012,37,,,0,30,,1021,37,,,0,69,,1014,37,,,0,31,,1019,37,,,0,70,,1018,37,,,0,28,,1013,37,,,0,30,,981,37,,,0
5200,'Saturday',2315,,2660,27,,,0,97,,2661,27,,,0,95,,2659,27,,,0
5200,'Weekday',2315,,2664,27,,,0,97,,2663,27,,,0,95,,2662,27,,,0
