400,'Holiday21111111',1226,,7084,83,,,0,100,,7088,83,,,0,100,,7085,83,,,0,100,,7089,83,,,0,100,,7086,83,,,0,100,,7090,83,,,0,100,,7087,83,,,0
400,'Holiday3-505-1111111',926,,7091,83,,,0,100,,7097,83,,,0,100,,7092,83,,,0,100,,7098,83,,,0,100,,7093,83,,,0,100,,7099,83,,,0,100,,7094,83,,,0,100,,7100,83,,,0,100,,7095,83,,,0,100,,7101,83,,,0,100,,7096,83,,,0,100,,7102,83,,,0,98,,7103,83,,,0
400,'Saturday',926,,7104,83,,,0,100,,7110,83,,,0,100,,7105,83,,,0,100,,7111,83,,,0,100,,7106,83,,,0,100,,7112,83,,,0,100,,7107,83,,,0,100,,7113,83,,,0,100,,7108,83,,,0,100,,7114,83,,,0,100,,7109,83,,,0,100,,7115,83,,,0,98,,7116,83,,,0
400,'Sunday',1226,,7117,83,,,0,100,,7121,83,,,0,100,,7118,83,,,0,100,,7122,83,,,0,100,,7119,83,,,0,100,,7123,83,,,0,100,,7120,83,,,0
400,'Weekday',625,,7124,83,,,0,101,,7125,83,,,0,105,,7126,83,,,0,23,,7127,83,,,0,77,,7128,83,,,0,69,,7129,83,,,0,31,,7130,83,,,0,70,,7131,83,,,0,30,,7132,83,,,0,70,,7133,83,,,0,30,,7134,83,,,0,70,,7135,83,,,0,30,,7136,83,,,0,70,,7137,83,,,0,30,,7138,83,,,0,70,,7139,83,,,0,33,,7140,83,,,0,71,,7141,83,,,0,27,,7142,83,,,0,70,,7143,83,,,0,30,,7144,83,,,0,70,,7145,83,,,0,31,,7146,83,,,0,67,,7150,83,,,0,30,,7147,83,,,0,96,,7148,83,,,0,99,,7149,83,,,0
1000,'Holiday21111111',837,,7427,64,,,0,70,,7421,64,,,0,30,,7426,64,,,0,69,,7418,64,,,0,30,,7420,64,,,0,70,,7398,64,,,0,15,,7386,64,,,0,15,,7389,64,,,0,15,,7408,64,,,0,55,,7406,64,,,0,15,,7399,64,,,0,15,,7405,64,,,0,15,,7390,64,,,0,55,,7409,64,,,0,15,,7397,64,,,0,15,,7400,64,,,0,15,,7415,64,,,0,55,,7391,64,,,0,15,,7410,64,,,0,15,,7404,64,,,0,15,,7401,64,,,0,55,,7395,64,,,0,15,,7392,64,,,0,15,,7411,64,,,0,15,,7388,64,,,0,55,,7402,64,,,0,15,,7414,64,,,0,15,,7393,64,,,0,15,,7412,64,,,0,55,,7407,64,,,0,15,,7403,64,,,0,15,,7387,64,,,0,15,,7394,64,,,0,55,,7413,64,,,0,15,,7396,64,,,0,15,,7385,64,,,0,70,,7416,64,,,0,27,,7422,64,,,0,70,,7417,64,,,0,30,,7423,64,,,0,70,,7419,64,,,0,30,,7424,64,,,0,70,,7425,64,,,0
1000,'Holiday3-505-1111111',733,,7434,64,,,0,70,,7435,64,,,0,30,,7436,64,,,0,70,,7437,64,,,0,30,,7438,64,,,0,18,,7478,64,,,0,55,,7439,64,,,0,15,,7440,64,,,0,15,,7441,64,,,0,15,,7442,64,,,0,55,,7443,64,,,0,15,,7444,64,,,0,15,,7445,64,,,0,15,,7446,64,,,0,55,,7447,64,,,0,15,,7448,64,,,0,15,,7449,64,,,0,15,,7450,64,,,0,55,,7451,64,,,0,15,,7452,64,,,0,15,,7453,64,,,0,15,,7454,64,,,0,55,,7455,64,,,0,15,,7456,64,,,0,15,,7457,64,,,0,15,,7458,64,,,0,55,,7459,64,,,0,15,,7460,64,,,0,15,,7461,64,,,0,15,,7462,64,,,0,55,,7463,64,,,0,15,,7464,64,,,0,15,,7465,64,,,0,15,,7466,64,,,0,55,,7467,64,,,0,15,,7468,64,,,0,15,,7469,64,,,0,15,,7470,64,,,0,55,,7471,64,,,0,15,,7472,64,,,0,15,,7473,64,,,0,15,,7474,64,,,0,55,,7475,64,,,0,27,,7476,64,,,0,70,,7477,64,,,0,30,,7430,64,,,0,70,,7428,64,,,0,30,,7432,64,,,0,70,,7431,64,,,0,30,,7429,64,,,0,70,,7433,64,,,0
1000,'Saturday',733,,7485,64,,,0,70,,7486,64,,,0,30,,7487,64,,,0,70,,7488,64,,,0,30,,7489,64,,,0,18,,7529,64,,,0,55,,7490,64,,,0,15,,7491,64,,,0,15,,7492,64,,,0,15,,7493,64,,,0,55,,7494,64,,,0,15,,7495,64,,,0,15,,7496,64,,,0,15,,7497,64,,,0,55,,7498,64,,,0,15,,7499,64,,,0,15,,7500,64,,,0,15,,7501,64,,,0,55,,7502,64,,,0,15,,7503,64,,,0,15,,7504,64,,,0,15,,7505,64,,,0,55,,7506,64,,,0,15,,7507,64,,,0,15,,7508,64,,,0,15,,7509,64,,,0,55,,7510,64,,,0,15,,7511,64,,,0,15,,7512,64,,,0,15,,7513,64,,,0,55,,7514,64,,,0,15,,7515,64,,,0,15,,7516,64,,,0,15,,7517,64,,,0,55,,7518,64,,,0,15,,7519,64,,,0,15,,7520,64,,,0,15,,7521,64,,,0,55,,7522,64,,,0,15,,7523,64,,,0,15,,7524,64,,,0,15,,7525,64,,,0,55,,7526,64,,,0,27,,7527,64,,,0,70,,7528,64,,,0,30,,7481,64,,,0,70,,7479,64,,,0,30,,7483,64,,,0,70,,7482,64,,,0,30,,7480,64,,,0,70,,7484,64,,,0
1000,'Sunday',837,,7572,64,,,0,70,,7566,64,,,0,30,,7571,64,,,0,69,,7563,64,,,0,30,,7565,64,,,0,70,,7543,64,,,0,15,,7531,64,,,0,15,,7534,64,,,0,15,,7553,64,,,0,55,,7551,64,,,0,15,,7544,64,,,0,15,,7550,64,,,0,15,,7535,64,,,0,55,,7554,64,,,0,15,,7542,64,,,0,15,,7545,64,,,0,15,,7560,64,,,0,55,,7536,64,,,0,15,,7555,64,,,0,15,,7549,64,,,0,15,,7546,64,,,0,55,,7540,64,,,0,15,,7537,64,,,0,15,,7556,64,,,0,15,,7533,64,,,0,55,,7547,64,,,0,15,,7559,64,,,0,15,,7538,64,,,0,15,,7557,64,,,0,55,,7552,64,,,0,15,,7548,64,,,0,15,,7532,64,,,0,15,,7539,64,,,0,55,,7558,64,,,0,15,,7541,64,,,0,15,,7530,64,,,0,70,,7561,64,,,0,27,,7567,64,,,0,70,,7562,64,,,0,30,,7568,64,,,0,70,,7564,64,,,0,30,,7569,64,,,0,70,,7570,64,,,0
1000,'Weekday',527,,7583,64,,,0,30,,7592,64,,,0,66,,7578,64,,,0,27,,7609,64,,,0,55,,7606,64,,,0,15,,7610,64,,,0,10,,7602,64,,,0,19,,7611,64,,,0,55,,7587,64,,,0,16,,7612,64,,,0,15,,7593,64,,,0,17,,7613,64,,,0,55,,7573,64,,,0,15,,7614,64,,,0,14,,7599,64,,,0,15,,7615,64,,,0,55,,7608,64,,,0,15,,7616,64,,,0,15,,7605,64,,,0,15,,7617,64,,,0,55,,7594,64,,,0,15,,7618,64,,,0,15,,7590,64,,,0,15,,7619,64,,,0,55,,7582,64,,,0,15,,7620,64,,,0,18,,7591,64,,,0,12,,7621,64,,,0,55,,7577,64,,,0,15,,7622,64,,,0,15,,7595,64,,,0,15,,7623,64,,,0,55,,7607,64,,,0,15,,7624,64,,,0,17,,7581,64,,,0,15,,7625,64,,,0,55,,7604,64,,,0,17,,7626,64,,,0,15,,7601,64,,,0,15,,7627,64,,,0,55,,7596,64,,,0,16,,7628,64,,,0,11,,7600,64,,,0,16,,7629,64,,,0,54,,7589,64,,,0,18,,7630,64,,,0,15,,7584,64,,,0,15,,7631,64,,,0,55,,7586,64,,,0,15,,7632,64,,,0,12,,7597,64,,,0,15,,7633,64,,,0,52,,7585,64,,,0,15,,7634,64,,,0,15,,7580,64,,,0,70,,7603,64,,,0,30,,7588,64,,,0,70,,7598,64,,,0,30,,7574,64,,,0,70,,7576,64,,,0,28,,7579,64,,,0,70,,7575,64,,,0
2501,'Holiday21111111',802,,8697,30,,,0,30,,8686,30,,,0,70,,8698,30,,,0,30,,8687,30,,,0,70,,8699,30,,,0,30,,8688,30,,,0,70,,8700,30,,,0,30,,8689,30,,,0,70,,8701,30,,,0,30,,8690,30,,,0,70,,8702,30,,,0,30,,8691,30,,,0,70,,8703,30,,,0,30,,8692,30,,,0,70,,8704,30,,,0,30,,8693,30,,,0,70,,8705,30,,,0,30,,8694,30,,,0,70,,8706,30,,,0,30,,8695,30,,,0,70,,8707,30,,,0,30,,8696,30,,,0,70,,8708,30,,,0,30,,8709,30,,,0,70,,8710,30,,,0,30,,8711,30,,,0,70,,8712,30,,,0,30,,8713,30,,,0
2501,'Holiday3-505-1111111',732,,8726,30,,,0,70,,8727,30,,,0,30,,8725,30,,,0,70,,8728,30,,,0,30,,8724,30,,,0,70,,8729,30,,,0,30,,8723,30,,,0,70,,8730,30,,,0,30,,8722,30,,,0,70,,8731,30,,,0,30,,8721,30,,,0,70,,8732,30,,,0,30,,8720,30,,,0,70,,8733,30,,,0,30,,8719,30,,,0,70,,8734,30,,,0,30,,8718,30,,,0,70,,8735,30,,,0,30,,8717,30,,,0,70,,8736,30,,,0,30,,8716,30,,,0,70,,8737,30,,,0,30,,8715,30,,,0,70,,8738,30,,,0,30,,8714,30,,,0,70,,8739,30,,,0,30,,8741,30,,,0,70,,8740,30,,,0,30,,8742,30,,,0,70,,8743,30,,,0
2501,'Saturday',732,,8756,30,,,0,70,,8757,30,,,0,30,,8755,30,,,0,70,,8758,30,,,0,30,,8754,30,,,0,70,,8759,30,,,0,30,,8753,30,,,0,70,,8760,30,,,0,30,,8752,30,,,0,70,,8761,30,,,0,30,,8751,30,,,0,70,,8762,30,,,0,30,,8750,30,,,0,70,,8763,30,,,0,30,,8749,30,,,0,70,,8764,30,,,0,30,,8748,30,,,0,70,,8765,30,,,0,30,,8747,30,,,0,70,,8766,30,,,0,30,,8746,30,,,0,70,,8767,30,,,0,30,,8745,30,,,0,70,,8768,30,,,0,30,,8744,30,,,0,70,,8769,30,,,0,30,,8771,30,,,0,70,,8770,30,,,0,30,,8772,30,,,0,70,,8773,30,,,0
2501,'Sunday',802,,8785,30,,,0,30,,8774,30,,,0,70,,8786,30,,,0,30,,8775,30,,,0,70,,8787,30,,,0,30,,8776,30,,,0,70,,8788,30,,,0,30,,8777,30,,,0,70,,8789,30,,,0,30,,8778,30,,,0,70,,8790,30,,,0,30,,8779,30,,,0,70,,8791,30,,,0,30,,8780,30,,,0,70,,8792,30,,,0,30,,8781,30,,,0,70,,8793,30,,,0,30,,8782,30,,,0,70,,8794,30,,,0,30,,8783,30,,,0,70,,8795,30,,,0,30,,8784,30,,,0,70,,8796,30,,,0,30,,8797,30,,,0,70,,8798,30,,,0,30,,8799,30,,,0,70,,8800,30,,,0,30,,8801,30,,,0
2501,'Weekday',524,,8802,30,,,0,35,,8803,30,,,0,65,,8804,30,,,0,26,,8805,30,,,0,71,,8806,30,,,0,16,,8807,30,,,0,15,,8808,30,,,0,55,,8809,30,,,0,17,,8810,30,,,0,15,,8811,30,,,0,14,,8812,30,,,0,55,,8813,30,,,0,28,,8814,30,,,0,70,,8815,30,,,0,30,,8816,30,,,0,71,,8817,30,,,0,30,,8818,30,,,0,70,,8819,30,,,0,30,,8820,30,,,0,70,,8821,30,,,0,31,,8822,30,,,0,69,,8823,30,,,0,30,,8824,30,,,0,20,,8825,30,,,0,53,,8826,30,,,0,17,,8827,30,,,0,15,,8828,30,,,0,15,,8829,30,,,0,55,,8830,30,,,0,16,,8831,30,,,0,15,,8832,30,,,0,15,,8833,30,,,0,55,,8834,30,,,0,15,,8835,30,,,0,15,,8836,30,,,0,13,,8837,30,,,0,55,,8838,30,,,0,28,,8839,30,,,0,70,,8840,30,,,0,28,,8841,30,,,0,70,,8842,30,,,0,29,,8843,30,,,0,69,,8844,30,,,0,30,,8845,30,,,0,69,,8846,30,,,0,30,,8847,30,,,0,69,,8848,30,,,0,30,,8849,30,,,0
5001,'Holiday3-505-1111111',2329,,8860,16,,,0,100,,8859,16,,,0
5001,'Saturday',2329,,8862,16,,,0,100,,8861,16,,,0
5001,'Weekday',2339,,8864,16,,,0,90,,8863,16,,,0
