201,'Holiday21111111',745,,6496,21,,,0,100,,6497,21,,,0,70,,6520,21,,,0,30,,6498,21,,,0,70,,6509,21,,,0,30,,6499,21,,,0,70,,6510,21,,,0,30,,6500,21,,,0,70,,6511,21,,,0,30,,6501,21,,,0,70,,6512,21,,,0,30,,6502,21,,,0,70,,6513,21,,,0,30,,6503,21,,,0,70,,6514,21,,,0,30,,6504,21,,,0,70,,6515,21,,,0,30,,6505,21,,,0,70,,6516,21,,,0,30,,6506,21,,,0,72,,6517,21,,,0,30,,6507,21,,,0,70,,6518,21,,,0,33,,6508,21,,,0,70,,6519,21,,,0,30,,6522,21,,,0,70,,6523,21,,,0,30,,6521,21,,,0
201,'Holiday3-505-1111111',645,,6524,21,,,0,100,,6525,21,,,0,100,,6526,21,,,0,70,,6554,21,,,0,30,,6527,21,,,0,70,,6541,21,,,0,20,,6528,21,,,0,20,,6555,21,,,0,60,,6542,21,,,0,20,,6529,21,,,0,20,,6556,21,,,0,65,,6543,21,,,0,20,,6530,21,,,0,60,,6557,21,,,0,20,,6544,21,,,0,20,,6531,21,,,0,60,,6558,21,,,0,20,,6545,21,,,0,20,,6532,21,,,0,65,,6559,21,,,0,20,,6546,21,,,0,20,,6533,21,,,0,60,,6560,21,,,0,20,,6547,21,,,0,20,,6534,21,,,0,60,,6561,21,,,0,20,,6548,21,,,0,20,,6535,21,,,0,70,,6549,21,,,0,30,,6536,21,,,0,70,,6550,21,,,0,30,,6537,21,,,0,70,,6551,21,,,0,30,,6538,21,,,0,70,,6552,21,,,0,30,,6539,21,,,0,70,,6553,21,,,0,30,,6540,21,,,0
201,'Saturday',645,,6562,21,,,0,100,,6563,21,,,0,100,,6564,21,,,0,70,,6592,21,,,0,30,,6565,21,,,0,70,,6579,21,,,0,20,,6566,21,,,0,20,,6593,21,,,0,60,,6580,21,,,0,20,,6567,21,,,0,20,,6594,21,,,0,65,,6581,21,,,0,20,,6568,21,,,0,60,,6595,21,,,0,20,,6582,21,,,0,20,,6569,21,,,0,60,,6596,21,,,0,20,,6583,21,,,0,20,,6570,21,,,0,65,,6597,21,,,0,20,,6584,21,,,0,20,,6571,21,,,0,60,,6598,21,,,0,20,,6585,21,,,0,20,,6572,21,,,0,60,,6599,21,,,0,20,,6586,21,,,0,20,,6573,21,,,0,70,,6587,21,,,0,30,,6574,21,,,0,70,,6588,21,,,0,30,,6575,21,,,0,70,,6589,21,,,0,30,,6576,21,,,0,70,,6590,21,,,0,30,,6577,21,,,0,70,,6591,21,,,0,30,,6578,21,,,0
201,'Sunday',745,,6600,21,,,0,100,,6601,21,,,0,70,,6624,21,,,0,30,,6602,21,,,0,70,,6613,21,,,0,20,,6603,21,,,0,20,,6633,21,,,0,60,,6614,21,,,0,20,,6604,21,,,0,20,,6634,21,,,0,65,,6615,21,,,0,20,,6605,21,,,0,60,,6632,21,,,0,20,,6616,21,,,0,20,,6606,21,,,0,60,,6630,21,,,0,20,,6617,21,,,0,20,,6607,21,,,0,65,,6628,21,,,0,20,,6618,21,,,0,20,,6608,21,,,0,60,,6629,21,,,0,20,,6619,21,,,0,20,,6609,21,,,0,60,,6631,21,,,0,20,,6620,21,,,0,20,,6610,21,,,0,70,,6621,21,,,0,30,,6611,21,,,0,70,,6622,21,,,0,30,,6612,21,,,0,70,,6623,21,,,0,30,,6625,21,,,0,70,,6626,21,,,0,30,,6627,21,,,0
201,'Weekday',514,,6659,21,,,0,27,,6660,21,,,0,70,,6661,21,,,0,15,,6662,21,,,0,15,,6636,21,,,0,15,,6663,21,,,0,55,,6664,21,,,0,15,,6637,21,,,0,15,,6665,21,,,0,15,,6638,21,,,0,55,,6639,21,,,0,15,,6666,21,,,0,15,,6667,21,,,0,15,,6668,21,,,0,55,,6640,21,,,0,15,,6669,21,,,0,15,,6641,21,,,0,60,,6670,21,,,0,15,,6671,21,,,0,15,,6672,21,,,0,15,,6673,21,,,0,55,,6642,21,,,0,15,,6674,21,,,0,15,,6675,21,,,0,15,,6643,21,,,0,55,,6676,21,,,0,15,,6677,21,,,0,15,,6644,21,,,0,15,,6678,21,,,0,55,,6645,21,,,0,15,,6679,21,,,0,15,,6646,21,,,0,15,,6647,21,,,0,55,,6680,21,,,0,15,,6681,21,,,0,15,,6648,21,,,0,15,,6682,21,,,0,55,,6683,21,,,0,16,,6684,21,,,0,15,,6685,21,,,0,15,,6649,21,,,0,55,,6686,21,,,0,15,,6650,21,,,0,15,,6687,21,,,0,15,,6651,21,,,0,55,,6688,21,,,0,15,,6689,21,,,0,15,,6690,21,,,0,15,,6691,21,,,0,55,,6692,21,,,0,14,,6652,21,,,0,17,,6693,21,,,0,16,,6653,21,,,0,70,,6655,21,,,0,30,,6657,21,,,0,70,,6694,21,,,0,30,,6656,21,,,0,70,,6654,21,,,0,30,,6658,21,,,0,70,,6695,21,,,0,30,,6635,21,,,0
1201,'Holiday21111111',814,,8381,26,,,0,100,,8382,26,,,0,30,,8380,26,,,0,70,,8383,26,,,0,33,,8379,26,,,0,67,,8384,26,,,0,30,,8378,26,,,0,70,,8385,26,,,0,30,,8377,26,,,0,70,,8386,26,,,0,30,,8376,26,,,0,70,,8387,26,,,0,33,,8375,26,,,0,67,,8388,26,,,0,30,,8374,26,,,0,70,,8389,26,,,0,30,,8373,26,,,0,70,,8390,26,,,0,30,,8372,26,,,0,73,,8397,26,,,0,30,,8398,26,,,0,70,,8394,26,,,0,30,,8393,26,,,0,70,,8392,26,,,0,30,,8391,26,,,0,70,,8396,26,,,0,30,,8395,26,,,0
1201,'Holiday3-505-1111111',742,,8413,26,,,0,70,,8416,26,,,0,30,,8412,26,,,0,70,,8417,26,,,0,30,,8411,26,,,0,70,,8418,26,,,0,35,,8410,26,,,0,65,,8419,26,,,0,30,,8409,26,,,0,70,,8420,26,,,0,30,,8408,26,,,0,70,,8421,26,,,0,30,,8407,26,,,0,70,,8422,26,,,0,35,,8406,26,,,0,65,,8423,26,,,0,30,,8405,26,,,0,70,,8424,26,,,0,30,,8404,26,,,0,70,,8425,26,,,0,30,,8403,26,,,0,70,,8426,26,,,0,30,,8402,26,,,0,70,,8427,26,,,0,30,,8401,26,,,0,70,,8415,26,,,0,30,,8400,26,,,0,70,,8414,26,,,0,30,,8399,26,,,0,70,,8428,26,,,0
1201,'Saturday',742,,8443,26,,,0,70,,8446,26,,,0,30,,8442,26,,,0,70,,8447,26,,,0,30,,8441,26,,,0,70,,8448,26,,,0,35,,8440,26,,,0,65,,8449,26,,,0,30,,8439,26,,,0,70,,8450,26,,,0,30,,8438,26,,,0,70,,8451,26,,,0,30,,8437,26,,,0,70,,8452,26,,,0,35,,8436,26,,,0,65,,8453,26,,,0,30,,8435,26,,,0,70,,8454,26,,,0,30,,8434,26,,,0,70,,8455,26,,,0,30,,8433,26,,,0,70,,8456,26,,,0,30,,8432,26,,,0,70,,8457,26,,,0,30,,8431,26,,,0,70,,8445,26,,,0,30,,8430,26,,,0,70,,8444,26,,,0,30,,8429,26,,,0,70,,8458,26,,,0
1201,'Sunday',812,,8468,26,,,0,100,,8469,26,,,0,30,,8467,26,,,0,70,,8470,26,,,0,35,,8466,26,,,0,65,,8471,26,,,0,30,,8465,26,,,0,70,,8472,26,,,0,30,,8464,26,,,0,70,,8473,26,,,0,30,,8463,26,,,0,70,,8474,26,,,0,35,,8462,26,,,0,65,,8475,26,,,0,30,,8461,26,,,0,70,,8476,26,,,0,30,,8460,26,,,0,70,,8477,26,,,0,30,,8459,26,,,0,70,,8478,26,,,0,35,,8479,26,,,0,70,,8480,26,,,0,30,,8481,26,,,0,70,,8482,26,,,0,30,,8483,26,,,0,70,,8484,26,,,0,30,,8485,26,,,0
1201,'Weekday',515,,8486,26,,,0,98,,8487,26,,,0,30,,8488,26,,,0,73,,8489,26,,,0,31,,8490,26,,,0,76,,8491,26,,,0,28,,8492,26,,,0,68,,8493,26,,,0,30,,8494,26,,,0,70,,8495,26,,,0,30,,8496,26,,,0,71,,8497,26,,,0,30,,8498,26,,,0,70,,8499,26,,,0,30,,8500,26,,,0,70,,8501,26,,,0,30,,8502,26,,,0,70,,8503,26,,,0,32,,8504,26,,,0,60,,8505,26,,,0,24,,8506,26,,,0,65,,8507,26,,,0,25,,8508,26,,,0,20,,8509,26,,,0,65,,8510,26,,,0,25,,8520,26,,,0,19,,8521,26,,,0,65,,8511,26,,,0,30,,8515,26,,,0,69,,8512,26,,,0,28,,8517,26,,,0,69,,8513,26,,,0,28,,8516,26,,,0,70,,8514,26,,,0,30,,8518,26,,,0,70,,8519,26,,,0
8700,'Weekday',607,,9010,14,,,0,45,,9011,14,,,0,85,,9012,14,,,0,85,,9013,14,,,0,85,,9014,14,,,0,601,,9015,14,,,0,45,,9016,14,,,0,85,,9017,14,,,0,85,,9018,14,,,0,85,,9019,14,,,0,44,,9020,14,,,0
