1100,'Holiday21111111',749,,7907,4,,,0,70,,7908,4,,,0,30,,7891,4,,,0,70,,7892,4,,,0,30,,7890,4,,,0,70,,7893,4,,,0,30,,7889,4,,,0,70,,7894,4,,,0,30,,7888,4,,,0,70,,7895,4,,,0,30,,7887,4,,,0,70,,7896,4,,,0,30,,7886,4,,,0,70,,7897,4,,,0,30,,7885,4,,,0,70,,7898,4,,,0,30,,7884,4,,,0,70,,7899,4,,,0,30,,7883,4,,,0,70,,7900,4,,,0,30,,7882,4,,,0,70,,7901,4,,,0,30,,7881,4,,,0,70,,7902,4,,,0,30,,7903,4,,,0,70,,7904,4,,,0,30,,7905,4,,,0,70,,7906,4,,,0
1100,'Holiday3-505-1111111',749,,7909,4,,,0,70,,7924,4,,,0,30,,7910,4,,,0,70,,7925,4,,,0,30,,7911,4,,,0,70,,7926,4,,,0,30,,7912,4,,,0,70,,7927,4,,,0,30,,7913,4,,,0,70,,7928,4,,,0,30,,7914,4,,,0,70,,7929,4,,,0,30,,7915,4,,,0,70,,7930,4,,,0,30,,7916,4,,,0,70,,7931,4,,,0,30,,7917,4,,,0,70,,7932,4,,,0,30,,7918,4,,,0,70,,7933,4,,,0,30,,7919,4,,,0,70,,7934,4,,,0,30,,7920,4,,,0,70,,7935,4,,,0,30,,7921,4,,,0,70,,7936,4,,,0,30,,7922,4,,,0,70,,7937,4,,,0,30,,7923,4,,,0
1100,'Saturday',749,,7938,4,,,0,70,,7953,4,,,0,30,,7939,4,,,0,70,,7954,4,,,0,30,,7940,4,,,0,70,,7955,4,,,0,30,,7941,4,,,0,70,,7956,4,,,0,30,,7942,4,,,0,70,,7957,4,,,0,30,,7943,4,,,0,70,,7958,4,,,0,30,,7944,4,,,0,70,,7959,4,,,0,30,,7945,4,,,0,70,,7960,4,,,0,30,,7946,4,,,0,70,,7961,4,,,0,30,,7947,4,,,0,70,,7962,4,,,0,30,,7948,4,,,0,70,,7963,4,,,0,30,,7949,4,,,0,70,,7964,4,,,0,30,,7950,4,,,0,70,,7965,4,,,0,30,,7951,4,,,0,70,,7966,4,,,0,30,,7952,4,,,0
1100,'Sunday',749,,7993,4,,,0,70,,7994,4,,,0,30,,7977,4,,,0,70,,7978,4,,,0,30,,7976,4,,,0,70,,7979,4,,,0,30,,7975,4,,,0,70,,7980,4,,,0,30,,7974,4,,,0,70,,7981,4,,,0,30,,7973,4,,,0,70,,7982,4,,,0,30,,7972,4,,,0,70,,7983,4,,,0,30,,7971,4,,,0,70,,7984,4,,,0,30,,7970,4,,,0,70,,7985,4,,,0,30,,7969,4,,,0,70,,7986,4,,,0,30,,7968,4,,,0,70,,7987,4,,,0,30,,7967,4,,,0,70,,7988,4,,,0,30,,7989,4,,,0,70,,7990,4,,,0,30,,7991,4,,,0,70,,7992,4,,,0
1100,'Weekday',521,,7995,4,,,0,21,,7996,4,,,0,63,,7997,4,,,0,10,,8050,4,,,0,15,,7998,4,,,0,16,,8051,4,,,0,55,,7999,4,,,0,15,,8000,4,,,0,15,,8001,4,,,0,15,,8002,4,,,0,60,,8003,4,,,0,15,,8004,4,,,0,15,,8005,4,,,0,15,,8006,4,,,0,54,,8039,4,,,0,15,,8007,4,,,0,15,,8040,4,,,0,15,,8008,4,,,0,55,,8041,4,,,0,15,,8009,4,,,0,15,,8042,4,,,0,15,,8010,4,,,0,55,,8043,4,,,0,15,,8011,4,,,0,15,,8044,4,,,0,15,,8012,4,,,0,55,,8045,4,,,0,15,,8013,4,,,0,15,,8046,4,,,0,15,,8014,4,,,0,55,,8047,4,,,0,15,,8015,4,,,0,15,,8048,4,,,0,15,,8016,4,,,0,56,,8049,4,,,0,15,,8017,4,,,0,15,,8018,4,,,0,15,,8019,4,,,0,60,,8020,4,,,0,20,,8021,4,,,0,20,,8022,4,,,0,60,,8023,4,,,0,20,,8024,4,,,0,15,,8025,4,,,0,60,,8026,4,,,0,20,,8027,4,,,0,25,,8028,4,,,0,54,,8029,4,,,0,20,,8030,4,,,0,30,,8031,4,,,0,67,,8032,4,,,0,30,,8033,4,,,0,70,,8034,4,,,0,30,,8035,4,,,0,70,,8036,4,,,0,30,,8037,4,,,0,70,,8038,4,,,0
5001,'Holiday3-505-1111111',2330,,8860,17,,,0,100,,8859,17,,,0
5001,'Saturday',2330,,8862,17,,,0,100,,8861,17,,,0
5001,'Weekday',2340,,8864,17,,,0,90,,8863,17,,,0
8001,'Weekday',542,,8938,4,,,0,70,,8933,4,,,0,30,,8939,4,,,0,72,,8934,4,,,0,30,,8940,4,,,0,77,,8935,4,,,0,30,,8941,4,,,0,70,,8936,4,,,0,30,,8942,4,,,0,70,,8937,4,,,0,30,,8943,4,,,0,70,,8948,4,,,0,30,,8944,4,,,0,66,,8949,4,,,0,30,,8945,4,,,0,70,,8950,4,,,0,30,,8946,4,,,0,70,,8951,4,,,0,30,,8947,4,,,0,70,,8953,4,,,0,29,,8927,4,,,0,71,,8931,4,,,0,23,,8928,4,,,0,72,,8929,4,,,0,30,,8952,4,,,0,70,,8926,4,,,0,30,,8930,4,,,0
8101,'Weekday',542,,8986,4,,,0,71,,8991,4,,,0,30,,8987,4,,,0,72,,8992,4,,,0,30,,8988,4,,,0,77,,8993,4,,,0,30,,8989,4,,,0,70,,8994,4,,,0,29,,8990,4,,,0,70,,8997,4,,,0,30,,8998,4,,,0,70,,8999,4,,,0,31,,9000,4,,,0,66,,9001,4,,,0,30,,9002,4,,,0,70,,9003,4,,,0,30,,9004,4,,,0,70,,9005,4,,,0,30,,9006,4,,,0,70,,8995,4,,,0,15,,9009,4,,,0,15,,9007,4,,,0,70,,8996,4,,,0,30,,8984,4,,,0,70,,8982,4,,,0,29,,8983,4,,,0,70,,9008,4,,,0,30,,8985,4,,,0
