200,'Holiday21111111',810,,566,36,,,0,100,,567,36,,,0,32,,590,36,,,0,70,,568,36,,,0,30,,579,36,,,0,70,,569,36,,,0,30,,580,36,,,0,70,,570,36,,,0,30,,581,36,,,0,70,,571,36,,,0,30,,582,36,,,0,70,,572,36,,,0,30,,583,36,,,0,70,,573,36,,,0,30,,584,36,,,0,70,,574,36,,,0,30,,585,36,,,0,70,,575,36,,,0,30,,586,36,,,0,70,,576,36,,,0,28,,587,36,,,0,70,,577,36,,,0,33,,588,36,,,0,70,,578,36,,,0,30,,589,36,,,0,70,,591,36,,,0,30,,592,36,,,0
200,'Saturday',640,,593,36,,,0,100,,594,36,,,0,100,,595,36,,,0,102,,596,36,,,0,70,,609,36,,,0,20,,597,36,,,0,20,,623,36,,,0,60,,610,36,,,0,20,,598,36,,,0,20,,624,36,,,0,60,,611,36,,,0,20,,599,36,,,0,20,,625,36,,,0,65,,612,36,,,0,20,,600,36,,,0,20,,626,36,,,0,60,,613,36,,,0,20,,601,36,,,0,20,,627,36,,,0,60,,614,36,,,0,25,,602,36,,,0,60,,628,36,,,0,20,,615,36,,,0,20,,603,36,,,0,60,,629,36,,,0,20,,616,36,,,0,20,,604,36,,,0,70,,617,36,,,0,30,,605,36,,,0,70,,618,36,,,0,28,,606,36,,,0,70,,619,36,,,0,30,,607,36,,,0,70,,620,36,,,0,30,,608,36,,,0,70,,621,36,,,0
200,'Sunday',810,,630,36,,,0,100,,631,36,,,0,102,,632,36,,,0,20,,643,36,,,0,20,,656,36,,,0,60,,633,36,,,0,20,,644,36,,,0,20,,657,36,,,0,60,,634,36,,,0,20,,645,36,,,0,20,,658,36,,,0,65,,635,36,,,0,20,,646,36,,,0,20,,659,36,,,0,60,,636,36,,,0,20,,647,36,,,0,20,,660,36,,,0,60,,637,36,,,0,25,,648,36,,,0,60,,661,36,,,0,20,,638,36,,,0,20,,649,36,,,0,60,,662,36,,,0,20,,639,36,,,0,20,,650,36,,,0,70,,640,36,,,0,30,,651,36,,,0,70,,641,36,,,0,28,,652,36,,,0,70,,642,36,,,0,30,,653,36,,,0,70,,654,36,,,0,30,,655,36,,,0
200,'Weekday',506,,663,36,,,0,30,,665,36,,,0,70,,667,36,,,0,28,,696,36,,,0,15,,669,36,,,0,55,,670,36,,,0,15,,697,36,,,0,18,,671,36,,,0,15,,672,36,,,0,55,,673,36,,,0,16,,674,36,,,0,15,,675,36,,,0,15,,698,36,,,0,55,,676,36,,,0,15,,699,36,,,0,15,,677,36,,,0,16,,678,36,,,0,54,,700,36,,,0,15,,701,36,,,0,15,,702,36,,,0,15,,679,36,,,0,55,,703,36,,,0,15,,704,36,,,0,17,,680,36,,,0,15,,705,36,,,0,55,,681,36,,,0,15,,682,36,,,0,15,,706,36,,,0,15,,707,36,,,0,55,,683,36,,,0,15,,684,36,,,0,15,,708,36,,,0,15,,709,36,,,0,55,,685,36,,,0,15,,710,36,,,0,15,,711,36,,,0,15,,686,36,,,0,55,,712,36,,,0,15,,713,36,,,0,15,,714,36,,,0,15,,687,36,,,0,55,,688,36,,,0,15,,689,36,,,0,15,,715,36,,,0,15,,716,36,,,0,55,,717,36,,,0,15,,718,36,,,0,15,,690,36,,,0,15,,719,36,,,0,56,,691,36,,,0,15,,720,36,,,0,12,,692,36,,,0,15,,721,36,,,0,59,,722,36,,,0,30,,723,36,,,0,70,,695,36,,,0,30,,693,36,,,0,70,,664,36,,,0,30,,694,36,,,0,72,,666,36,,,0,27,,668,36,,,0
300,'Holiday21111111',824,,887,34,,,0,100,,888,34,,,0,30,,900,34,,,0,72,,889,34,,,0,30,,901,34,,,0,70,,890,34,,,0,30,,902,34,,,0,70,,891,34,,,0,30,,903,34,,,0,70,,892,34,,,0,30,,904,34,,,0,70,,893,34,,,0,30,,905,34,,,0,70,,894,34,,,0,30,,906,34,,,0,70,,895,34,,,0,30,,907,34,,,0,70,,896,34,,,0,30,,908,34,,,0,68,,897,34,,,0,32,,909,34,,,0,71,,898,34,,,0,29,,910,34,,,0,73,,899,34,,,0,30,,911,34,,,0,69,,912,34,,,0
300,'Saturday',724,,913,34,,,0,100,,914,34,,,0,100,,915,34,,,0,30,,929,34,,,0,72,,916,34,,,0,30,,930,34,,,0,60,,917,34,,,0,20,,942,34,,,0,20,,931,34,,,0,60,,918,34,,,0,20,,943,34,,,0,65,,932,34,,,0,20,,919,34,,,0,20,,944,34,,,0,60,,933,34,,,0,20,,920,34,,,0,20,,945,34,,,0,60,,934,34,,,0,20,,921,34,,,0,25,,946,34,,,0,60,,935,34,,,0,20,,922,34,,,0,20,,947,34,,,0,60,,936,34,,,0,20,,923,34,,,0,30,,937,34,,,0,68,,924,34,,,0,30,,938,34,,,0,70,,925,34,,,0,30,,939,34,,,0,70,,926,34,,,0,30,,940,34,,,0,69,,927,34,,,0,30,,941,34,,,0,70,,928,34,,,0
300,'Sunday',824,,948,34,,,0,100,,949,34,,,0,30,,961,34,,,0,72,,950,34,,,0,30,,962,34,,,0,60,,951,34,,,0,20,,974,34,,,0,20,,963,34,,,0,60,,952,34,,,0,20,,975,34,,,0,65,,964,34,,,0,20,,953,34,,,0,20,,976,34,,,0,60,,965,34,,,0,20,,954,34,,,0,20,,979,34,,,0,60,,966,34,,,0,20,,955,34,,,0,25,,977,34,,,0,60,,967,34,,,0,20,,956,34,,,0,20,,978,34,,,0,60,,968,34,,,0,20,,957,34,,,0,30,,969,34,,,0,68,,958,34,,,0,30,,970,34,,,0,70,,959,34,,,0,30,,971,34,,,0,70,,960,34,,,0,30,,972,34,,,0,69,,973,34,,,0
300,'Weekday',551,,980,34,,,0,71,,1022,34,,,0,14,,1023,34,,,0,15,,982,34,,,0,55,,983,34,,,0,16,,984,34,,,0,17,,1024,34,,,0,13,,1025,34,,,0,55,,985,34,,,0,16,,986,34,,,0,15,,987,34,,,0,15,,988,34,,,0,55,,989,34,,,0,17,,1026,34,,,0,15,,990,34,,,0,15,,1027,34,,,0,55,,991,34,,,0,20,,992,34,,,0,18,,993,34,,,0,55,,994,34,,,0,15,,1028,34,,,0,15,,995,34,,,0,15,,996,34,,,0,55,,997,34,,,0,15,,1029,34,,,0,15,,998,34,,,0,15,,1030,34,,,0,55,,999,34,,,0,15,,1000,34,,,0,15,,1031,34,,,0,15,,1032,34,,,0,55,,1033,34,,,0,15,,1034,34,,,0,15,,1035,34,,,0,15,,1001,34,,,0,55,,1002,34,,,0,15,,1003,34,,,0,15,,1004,34,,,0,15,,1005,34,,,0,57,,1036,34,,,0,15,,1006,34,,,0,15,,1037,34,,,0,15,,1038,34,,,0,54,,1007,34,,,0,15,,1008,34,,,0,15,,1009,34,,,0,15,,1039,34,,,0,55,,1040,34,,,0,15,,1017,34,,,0,11,,1016,34,,,0,15,,1010,34,,,0,55,,1020,34,,,0,14,,1015,34,,,0,16,,1011,34,,,0,70,,1012,34,,,0,30,,1021,34,,,0,29,,1014,34,,,0,71,,1019,34,,,0,70,,1018,34,,,0,28,,1013,34,,,0,30,,981,34,,,0
5200,'Saturday',2314,,2660,24,,,0,97,,2661,24,,,0,95,,2659,24,,,0
5200,'Weekday',2314,,2664,24,,,0,97,,2663,24,,,0,95,,2662,24,,,0
