301,'Holiday21111111',733,,6885,22,,,0,100,,6886,22,,,0,70,,6909,22,,,0,30,,6887,22,,,0,70,,6898,22,,,0,32,,6888,22,,,0,70,,6899,22,,,0,30,,6889,22,,,0,70,,6900,22,,,0,30,,6890,22,,,0,70,,6901,22,,,0,30,,6891,22,,,0,70,,6902,22,,,0,30,,6892,22,,,0,70,,6903,22,,,0,30,,6893,22,,,0,70,,6904,22,,,0,30,,6894,22,,,0,70,,6905,22,,,0,30,,6895,22,,,0,70,,6906,22,,,0,29,,6896,22,,,0,70,,6907,22,,,0,33,,6897,22,,,0,70,,6908,22,,,0,30,,6910,22,,,0,70,,6911,22,,,0,29,,6912,22,,,0
301,'Holiday3-505-1111111',603,,6929,22,,,0,100,,6913,22,,,0,101,,6914,22,,,0,100,,6915,22,,,0,30,,6943,22,,,0,70,,6930,22,,,0,31,,6916,22,,,0,20,,6931,22,,,0,60,,6945,22,,,0,20,,6917,22,,,0,20,,6932,22,,,0,60,,6946,22,,,0,25,,6918,22,,,0,60,,6933,22,,,0,20,,6947,22,,,0,20,,6919,22,,,0,60,,6934,22,,,0,20,,6948,22,,,0,20,,6920,22,,,0,65,,6935,22,,,0,20,,6949,22,,,0,20,,6921,22,,,0,60,,6936,22,,,0,20,,6944,22,,,0,20,,6922,22,,,0,60,,6937,22,,,0,30,,6923,22,,,0,70,,6938,22,,,0,29,,6924,22,,,0,70,,6939,22,,,0,30,,6925,22,,,0,70,,6940,22,,,0,30,,6926,22,,,0,70,,6941,22,,,0,29,,6927,22,,,0,70,,6942,22,,,0,30,,6928,22,,,0
301,'Saturday',603,,6966,22,,,0,100,,6950,22,,,0,101,,6951,22,,,0,100,,6952,22,,,0,30,,6980,22,,,0,70,,6967,22,,,0,31,,6953,22,,,0,20,,6968,22,,,0,60,,6982,22,,,0,20,,6954,22,,,0,20,,6969,22,,,0,60,,6983,22,,,0,25,,6955,22,,,0,60,,6970,22,,,0,20,,6984,22,,,0,20,,6956,22,,,0,60,,6971,22,,,0,20,,6985,22,,,0,20,,6957,22,,,0,65,,6972,22,,,0,20,,6986,22,,,0,20,,6958,22,,,0,60,,6973,22,,,0,20,,6981,22,,,0,20,,6959,22,,,0,60,,6974,22,,,0,30,,6960,22,,,0,70,,6975,22,,,0,29,,6961,22,,,0,70,,6976,22,,,0,30,,6962,22,,,0,70,,6977,22,,,0,30,,6963,22,,,0,70,,6978,22,,,0,29,,6964,22,,,0,70,,6979,22,,,0,30,,6965,22,,,0
301,'Sunday',734,,6987,22,,,0,100,,6988,22,,,0,100,,6989,22,,,0,20,,7000,22,,,0,60,,7014,22,,,0,21,,6990,22,,,0,20,,7001,22,,,0,60,,7015,22,,,0,20,,6991,22,,,0,20,,7002,22,,,0,60,,7016,22,,,0,25,,6992,22,,,0,60,,7003,22,,,0,20,,7017,22,,,0,20,,6993,22,,,0,60,,7004,22,,,0,20,,7018,22,,,0,20,,6994,22,,,0,65,,7005,22,,,0,20,,7019,22,,,0,20,,6995,22,,,0,60,,7006,22,,,0,20,,7020,22,,,0,20,,6996,22,,,0,60,,7007,22,,,0,30,,6997,22,,,0,70,,7008,22,,,0,29,,6998,22,,,0,70,,7009,22,,,0,30,,6999,22,,,0,70,,7010,22,,,0,30,,7011,22,,,0,70,,7012,22,,,0,29,,7013,22,,,0
301,'Weekday',500,,7073,22,,,0,26,,7053,22,,,0,30,,7022,22,,,0,70,,7024,22,,,0,15,,7071,22,,,0,15,,7082,22,,,0,55,,7052,22,,,0,16,,7025,22,,,0,15,,7070,22,,,0,15,,7079,22,,,0,55,,7026,22,,,0,15,,7076,22,,,0,15,,7074,22,,,0,15,,7027,22,,,0,55,,7077,22,,,0,15,,7081,22,,,0,15,,7075,22,,,0,16,,7028,22,,,0,55,,7029,22,,,0,15,,7051,22,,,0,15,,7050,22,,,0,11,,7030,22,,,0,55,,7080,22,,,0,15,,7067,22,,,0,15,,7031,22,,,0,15,,7032,22,,,0,55,,7062,22,,,0,15,,7033,22,,,0,15,,7066,22,,,0,15,,7034,22,,,0,55,,7035,22,,,0,15,,7060,22,,,0,15,,7036,22,,,0,15,,7037,22,,,0,55,,7059,22,,,0,15,,7038,22,,,0,15,,7039,22,,,0,18,,7040,22,,,0,55,,7078,22,,,0,15,,7064,22,,,0,15,,7072,22,,,0,15,,7061,22,,,0,55,,7041,22,,,0,15,,7057,22,,,0,15,,7042,22,,,0,15,,7043,22,,,0,55,,7056,22,,,0,15,,7044,22,,,0,15,,7065,22,,,0,12,,7045,22,,,0,55,,7055,22,,,0,23,,7046,22,,,0,15,,7069,22,,,0,55,,7047,22,,,0,14,,7048,22,,,0,17,,7049,22,,,0,70,,7068,22,,,0,30,,7083,22,,,0,70,,7058,22,,,0,30,,7054,22,,,0,70,,7063,22,,,0,29,,7023,22,,,0,70,,7021,22,,,0
601,'Holiday21111111',832,,7300,28,,,0,100,,7301,28,,,0,113,,7302,28,,,0,100,,7303,28,,,0,100,,7304,28,,,0,100,,7305,28,,,0,104,,7306,28,,,0,100,,7307,28,,,0,100,,7308,28,,,0,100,,7309,28,,,0,100,,7310,28,,,0,100,,7311,28,,,0
601,'Holiday3-505-1111111',732,,7326,28,,,0,100,,7325,28,,,0,100,,7324,28,,,0,110,,7323,28,,,0,100,,7322,28,,,0,100,,7321,28,,,0,100,,7320,28,,,0,100,,7319,28,,,0,100,,7318,28,,,0,100,,7317,28,,,0,100,,7316,28,,,0,100,,7315,28,,,0,100,,7314,28,,,0,100,,7313,28,,,0,100,,7312,28,,,0
601,'Saturday',732,,7341,28,,,0,100,,7340,28,,,0,100,,7339,28,,,0,110,,7338,28,,,0,100,,7337,28,,,0,100,,7336,28,,,0,100,,7335,28,,,0,100,,7334,28,,,0,100,,7333,28,,,0,100,,7332,28,,,0,100,,7331,28,,,0,100,,7330,28,,,0,100,,7329,28,,,0,100,,7328,28,,,0,100,,7327,28,,,0
601,'Sunday',832,,7342,28,,,0,100,,7343,28,,,0,113,,7344,28,,,0,100,,7345,28,,,0,100,,7346,28,,,0,100,,7347,28,,,0,104,,7348,28,,,0,100,,7349,28,,,0,100,,7350,28,,,0,100,,7351,28,,,0,100,,7352,28,,,0,100,,7353,28,,,0
601,'Weekday',541,,7354,28,,,0,101,,7355,28,,,0,70,,7356,28,,,0,32,,7357,28,,,0,73,,7358,28,,,0,30,,7359,28,,,0,70,,7360,28,,,0,30,,7361,28,,,0,65,,7362,28,,,0,30,,7363,28,,,0,70,,7364,28,,,0,30,,7365,28,,,0,70,,7366,28,,,0,30,,7367,28,,,0,70,,7368,28,,,0,30,,7369,28,,,0,70,,7370,28,,,0,34,,7371,28,,,0,69,,7372,28,,,0,32,,7373,28,,,0,80,,7382,28,,,0,76,,7377,28,,,0,32,,7384,28,,,0,24,,7380,28,,,0,64,,7379,28,,,0,25,,7376,28,,,0,70,,7381,28,,,0,28,,7378,28,,,0,100,,7374,28,,,0,100,,7375,28,,,0,100,,7383,28,,,0
5201,'Holiday3-505-1111111',2333,,8893,7,,,0,98,,8892,7,,,0
5201,'Saturday',2333,,8895,7,,,0,98,,8894,7,,,0
5201,'Weekday',2343,,8897,7,,,0,88,,8896,7,,,0
8101,'Weekday',608,,8986,38,,,0,31,,8991,38,,,0,70,,8987,38,,,0,34,,8992,38,,,0,70,,8988,38,,,0,39,,8993,38,,,0,66,,8989,38,,,0,30,,8994,38,,,0,68,,8990,38,,,0,30,,8997,38,,,0,70,,8998,38,,,0,30,,8999,38,,,0,71,,9000,38,,,0,26,,9001,38,,,0,70,,9002,38,,,0,30,,9003,38,,,0,71,,9004,38,,,0,30,,9005,38,,,0,72,,9006,38,,,0,30,,8995,38,,,0,60,,9009,38,,,0,15,,9007,38,,,0,31,,8996,38,,,0,69,,8984,38,,,0,28,,8982,38,,,0,66,,8983,38,,,0,29,,9008,38,,,0,69,,8985,38,,,0
