100,988,1,0
100,1383,2,0
100,1375,3,0
100,1376,4,0
100,1377,5,0
100,1378,6,0
100,20,7,0
100,804,8,0
100,1224,9,0
100,775,10,0
100,764,11,0
100,758,12,0
100,861,13,0
100,740,14,0
100,739,15,0
100,862,16,0
100,735,17,0
100,734,18,0
100,732,19,0
100,731,20,0
100,729,21,0
100,723,22,0
100,721,23,0
100,1229,24,0
100,719,25,0
100,726,26,0
100,727,27,0
100,715,28,0
100,713,29,0
100,711,30,0
100,710,31,0
100,705,32,0
100,1515,33,0
100,1513,34,1
101,1513,1,0
101,1514,2,0
101,863,3,0
101,700,4,0
101,699,5,0
101,1512,6,0
101,1207,7,0
101,856,8,0
101,701,9,0
101,703,10,0
101,857,11,0
101,706,12,0
101,707,13,0
101,708,14,0
101,709,15,0
101,712,16,0
101,714,17,0
101,716,18,0
101,725,19,0
101,724,20,0
101,720,21,0
101,1227,22,0
101,858,23,0
101,722,24,0
101,730,25,0
101,733,26,0
101,736,27,0
101,737,28,0
101,741,29,0
101,742,30,0
101,859,31,0
101,860,32,0
101,747,33,0
101,752,34,0
101,757,35,0
101,763,36,0
101,1223,37,0
101,778,38,0
101,1225,39,0
101,2035,40,0
101,49,41,0
101,57,42,0
101,71,43,0
101,1382,44,0
101,1226,45,0
101,988,46,1
200,900,1,0
200,480,2,0
200,457,3,0
200,413,4,0
200,2037,5,0
200,371,6,0
200,348,7,0
200,331,8,0
200,313,9,0
200,924,10,0
200,282,11,0
200,249,12,0
200,231,13,0
200,213,14,0
200,192,15,0
200,180,16,0
200,161,17,0
200,1215,18,0
200,122,19,0
200,113,20,0
200,1382,21,0
200,1226,22,0
200,988,23,1
201,988,1,0
201,1383,2,0
201,1375,3,0
201,921,4,0
201,922,5,0
201,120,6,0
201,1216,7,0
201,136,8,0
201,166,9,0
201,178,10,0
201,852,11,0
201,212,12,0
201,221,13,0
201,234,14,0
201,254,15,0
201,278,16,0
201,925,17,0
201,853,18,0
201,356,19,0
201,400,20,0
201,411,21,0
201,435,22,0
201,460,23,0
201,482,24,0
201,504,25,0
201,900,26,1
300,900,1,0
300,480,2,0
300,457,3,0
300,431,4,0
300,380,5,0
300,347,6,0
300,322,7,0
300,288,8,0
300,263,9,0
300,251,10,0
300,252,11,0
300,273,12,0
300,1210,13,0
300,1254,14,0
300,312,15,0
300,300,16,0
300,285,17,0
300,258,18,0
300,233,19,0
300,217,20,0
300,965,21,0
300,167,22,0
300,963,23,0
300,125,24,0
300,107,25,0
300,92,26,0
300,974,27,0
300,67,28,0
300,64,29,0
300,50,30,0
300,36,31,0
300,31,32,0
300,27,33,0
300,24,34,0
300,15,35,0
300,12,36,0
300,3,37,0
300,825,38,0
300,812,39,0
300,953,40,0
300,821,41,0
300,6,42,0
300,10,43,0
300,849,44,0
300,850,45,0
300,34,46,0
300,39,47,0
300,44,48,0
300,57,49,0
300,71,50,0
300,1382,51,0
300,1226,52,0
300,988,53,1
301,988,1,0
301,1383,2,0
301,1375,3,0
301,2033,4,0
301,47,5,0
301,40,6,0
301,33,7,0
301,851,8,0
301,19,9,0
301,2032,10,0
301,4,11,0
301,822,12,0
301,952,13,0
301,2,14,0
301,13,15,0
301,23,16,0
301,26,17,0
301,32,18,0
301,37,19,0
301,51,20,0
301,62,21,0
301,973,22,0
301,83,23,0
301,91,24,0
301,105,25,0
301,126,26,0
301,962,27,0
301,168,28,0
301,971,29,0
301,220,30,0
301,968,31,0
301,241,32,0
301,257,33,0
301,268,34,0
301,289,35,0
301,293,36,0
301,298,37,0
301,315,38,0
301,319,39,0
301,276,40,0
301,261,41,0
301,253,42,0
301,260,43,0
301,271,44,0
301,284,45,0
301,317,46,0
301,345,47,0
301,839,48,0
301,432,49,0
301,442,50,0
301,460,51,0
301,482,52,0
301,504,53,0
301,900,54,1
400,985,1,0
400,520,2,0
400,465,3,0
400,451,4,0
400,392,5,0
400,391,6,0
400,370,7,0
400,353,8,0
400,865,9,0
400,351,10,0
400,363,11,0
400,341,12,0
400,327,13,0
400,296,14,0
400,283,15,0
400,256,16,0
400,833,17,0
400,227,18,0
400,198,19,0
400,203,20,0
400,216,21,0
400,222,22,0
400,831,23,0
400,207,24,0
400,193,25,0
400,163,26,0
400,177,27,0
400,187,28,0
400,173,29,0
400,160,30,0
400,149,31,0
400,977,32,0
400,124,33,0
400,101,34,0
400,87,35,0
400,72,36,0
400,63,37,0
400,43,38,0
400,942,39,0
400,41,40,0
400,35,41,0
400,28,42,0
400,17,43,0
400,5,44,0
400,952,45,1
401,953,1,0
401,7,2,0
401,18,3,0
401,836,4,0
401,30,5,0
401,941,6,0
401,45,7,0
401,60,8,0
401,68,9,0
401,90,10,0
401,102,11,0
401,116,12,0
401,976,13,0
401,131,14,0
401,147,15,0
401,162,16,0
401,181,17,0
401,172,18,0
401,164,19,0
401,191,20,0
401,202,21,0
401,215,22,0
401,225,23,0
401,214,24,0
401,206,25,0
401,196,26,0
401,228,27,0
401,237,28,0
401,259,29,0
401,275,30,0
401,306,31,0
401,837,32,0
401,340,33,0
401,357,34,0
401,352,35,0
401,342,36,0
401,349,37,0
401,838,38,0
401,398,39,0
401,416,40,0
401,434,41,0
401,491,42,0
401,515,43,0
401,530,44,0
401,543,45,0
401,1222,46,0
401,481,47,0
401,444,48,0
401,409,49,0
401,911,50,0
401,914,51,0
401,448,52,0
401,467,53,0
401,489,54,0
401,985,55,1
500,989,1,0
500,1383,2,0
500,1375,3,0
500,2033,4,0
500,47,5,0
500,40,6,0
500,33,7,0
500,851,8,0
500,19,9,0
500,2032,10,0
500,4,11,0
500,822,12,0
500,952,13,0
500,807,14,0
500,795,15,0
500,781,16,0
500,770,17,0
500,765,18,0
500,1203,19,0
500,756,20,0
500,751,21,0
500,753,22,0
500,754,23,0
500,760,24,0
500,771,25,0
500,776,26,0
500,845,27,0
500,792,28,0
500,787,29,0
500,780,30,0
500,1206,31,1
501,1206,1,0
501,783,2,0
501,1225,3,0
501,797,4,0
501,790,5,0
501,777,6,0
501,769,7,0
501,762,8,0
501,755,9,0
501,750,10,0
501,749,11,0
501,1204,12,0
501,774,13,0
501,864,14,0
501,791,15,0
501,802,16,0
501,953,17,0
501,821,18,0
501,6,19,0
501,10,20,0
501,849,21,0
501,850,22,0
501,34,23,0
501,39,24,0
501,44,25,0
501,57,26,0
501,71,27,0
501,1382,28,0
501,1226,29,0
501,987,30,1
600,954,1,0
600,1421,2,0
600,1260,3,0
600,629,4,0
600,618,5,0
600,631,6,0
600,622,7,0
600,612,8,0
600,997,9,0
600,591,10,0
600,844,11,0
600,559,12,0
600,523,13,0
600,496,14,0
600,478,15,0
600,455,16,0
600,439,17,0
600,429,18,0
600,1403,19,0
600,393,20,0
600,447,21,0
600,999,22,0
600,998,23,0
600,456,24,0
600,425,25,0
600,395,26,0
600,369,27,0
600,387,28,0
600,396,29,0
600,2034,30,0
600,323,31,0
600,291,32,0
600,255,33,0
600,969,34,0
600,217,35,0
600,965,36,0
600,158,37,0
600,828,38,0
600,988,39,1
601,988,1,0
601,133,2,0
601,150,3,0
601,157,4,0
601,165,5,0
601,971,6,0
601,220,7,0
601,236,8,0
601,250,9,0
601,287,10,0
601,320,11,0
601,358,12,0
601,385,13,0
601,407,14,0
601,372,15,0
601,388,16,0
601,420,17,0
601,470,18,0
601,1202,19,0
601,453,20,0
601,402,21,0
601,1402,22,0
601,438,23,0
601,454,24,0
601,475,25,0
601,494,26,0
601,1220,27,0
601,555,28,0
601,578,29,0
601,596,30,0
601,996,31,0
601,620,32,0
601,627,33,0
601,954,34,1
1000,982,1,0
1000,520,2,0
1000,488,3,0
1000,465,4,0
1000,451,5,0
1000,392,6,0
1000,913,7,0
1000,328,8,0
1000,295,9,0
1000,290,10,0
1000,272,11,0
1000,240,12,0
1000,198,13,0
1000,1268,14,0
1000,185,15,0
1000,159,16,0
1000,148,17,0
1000,132,18,0
1000,115,19,0
1000,103,20,0
1000,97,21,0
1000,975,22,0
1000,61,23,0
1000,53,24,0
1000,41,25,0
1000,35,26,0
1000,28,27,0
1000,17,28,0
1000,5,29,0
1000,952,30,0
1000,807,31,0
1000,795,32,0
1000,781,33,0
1000,770,34,0
1000,768,35,0
1000,772,36,0
1000,782,37,0
1000,789,38,0
1000,796,39,0
1000,801,40,0
1000,808,41,0
1000,986,42,0
1000,11,43,0
1000,1379,44,0
1000,1380,45,0
1000,1381,46,0
1000,1382,47,0
1000,1226,48,0
1000,988,49,1
1001,988,1,0
1001,1383,2,0
1001,1375,3,0
1001,1376,4,0
1001,1377,5,0
1001,1378,6,0
1001,20,7,0
1001,8,8,0
1001,826,9,0
1001,806,10,0
1001,799,11,0
1001,798,12,0
1001,788,13,0
1001,779,14,0
1001,773,15,0
1001,767,16,0
1001,774,17,0
1001,864,18,0
1001,791,19,0
1001,802,20,0
1001,953,21,0
1001,7,22,0
1001,18,23,0
1001,836,24,0
1001,30,25,0
1001,42,26,0
1001,52,27,0
1001,59,28,0
1001,972,29,0
1001,81,30,0
1001,99,31,0
1001,114,32,0
1001,130,33,0
1001,145,34,0
1001,156,35,0
1001,184,36,0
1001,1269,37,0
1001,196,38,0
1001,238,39,0
1001,265,40,0
1001,286,41,0
1001,297,42,0
1001,330,43,0
1001,2038,44,0
1001,376,45,0
1001,914,46,0
1001,448,47,0
1001,467,48,0
1001,489,49,0
1001,507,50,0
1001,985,51,1
1100,954,1,0
1100,1421,2,0
1100,2039,3,0
1100,1250,4,0
1100,1241,5,0
1100,1239,6,0
1100,1238,7,0
1100,1237,8,0
1100,1201,9,0
1100,957,10,0
1100,246,11,0
1100,2031,12,0
1100,867,13,0
1100,1235,14,0
1100,683,15,0
1100,670,16,0
1100,1004,17,0
1100,1373,18,0
1100,901,19,0
1100,619,20,0
1100,1372,21,0
1100,593,22,0
1100,525,23,0
1100,489,24,0
1100,507,25,0
1100,979,26,1
1101,979,1,0
1101,520,2,0
1101,488,3,0
1101,514,4,0
1101,533,5,0
1101,592,6,0
1101,606,7,0
1101,909,8,0
1101,902,9,0
1101,1003,10,0
1101,1365,11,0
1101,677,12,0
1101,681,13,0
1101,1234,14,0
1101,690,15,0
1101,694,16,0
1101,695,17,0
1101,2028,18,0
1101,2029,19,0
1101,955,20,0
1101,2001,21,0
1101,1370,22,0
1101,1251,23,0
1101,1240,24,0
1101,1242,25,0
1101,1249,26,0
1101,1200,27,0
1101,1420,28,0
1101,954,29,1
1200,989,1,0
1200,1375,2,0
1200,921,3,0
1200,922,4,0
1200,120,5,0
1200,1216,6,0
1200,1214,7,0
1200,154,8,0
1200,179,9,0
1200,1101,10,0
1200,210,11,0
1200,224,12,0
1200,242,13,0
1200,264,14,0
1200,274,15,0
1200,1210,16,0
1200,1254,17,0
1200,1232,18,0
1200,350,19,0
1200,393,20,0
1200,447,21,0
1200,999,22,0
1200,513,23,0
1200,1256,24,0
1200,870,25,0
1200,584,26,0
1200,609,27,0
1200,1351,28,0
1200,2075,29,0
1200,1000,30,0
1200,1365,31,0
1200,677,32,0
1200,681,33,0
1200,1234,34,0
1200,690,35,0
1200,694,36,0
1200,695,37,0
1200,2028,38,0
1200,2029,39,0
1200,955,40,0
1200,692,41,1
1201,692,1,0
1201,688,2,0
1201,903,3,0
1201,660,4,0
1201,1001,5,0
1201,625,6,0
1201,613,7,0
1201,588,8,0
1201,1257,9,0
1201,531,10,0
1201,512,11,0
1201,492,12,0
1201,453,13,0
1201,402,14,0
1201,359,15,0
1201,2072,16,0
1201,319,17,0
1201,270,18,0
1201,244,19,0
1201,834,20,0
1201,223,21,0
1201,208,22,0
1201,182,23,0
1201,830,24,0
1201,1217,25,0
1201,122,26,0
1201,113,27,0
1201,79,28,0
1201,1226,29,0
1201,989,30,1
2100,989,1,0
2100,1383,2,0
2100,1375,3,0
2100,2033,4,0
2100,58,5,0
2100,73,6,0
2100,2055,7,0
2100,98,8,0
2100,104,9,0
2100,117,10,0
2100,961,11,0
2100,963,12,0
2100,131,13,0
2100,147,14,0
2100,162,15,0
2100,181,16,0
2100,2056,17,0
2100,219,18,0
2100,235,19,0
2100,248,20,0
2100,25,21,0
2100,1262,22,0
2100,308,23,0
2100,332,24,0
2100,361,25,0
2100,394,26,0
2100,418,27,0
2100,450,28,0
2100,471,29,0
2100,489,30,0
2100,507,31,0
2100,978,32,1
2101,978,1,0
2101,520,2,0
2101,488,3,0
2101,476,4,0
2101,452,5,0
2101,430,6,0
2101,401,7,0
2101,364,8,0
2101,337,9,0
2101,325,10,0
2101,310,11,0
2101,1261,12,0
2101,245,13,0
2101,218,14,0
2101,2053,15,0
2101,187,16,0
2101,173,17,0
2101,160,18,0
2101,149,19,0
2101,977,20,0
2101,140,21,0
2101,119,22,0
2101,109,23,0
2101,100,24,0
2101,2054,25,0
2101,69,26,0
2101,56,27,0
2101,57,28,0
2101,71,29,0
2101,1382,30,0
2101,1226,31,0
2101,989,32,1
2500,989,1,0
2500,1383,2,0
2500,1375,3,0
2500,2033,4,0
2500,58,5,0
2500,73,6,0
2500,2055,7,0
2500,98,8,0
2500,104,9,0
2500,117,10,0
2500,961,11,0
2500,963,12,0
2500,131,13,0
2500,147,14,0
2500,162,15,0
2500,181,16,0
2500,189,17,0
2500,2056,18,0
2500,219,19,0
2500,235,20,0
2500,248,21,0
2500,303,22,0
2500,318,23,0
2500,424,24,0
2500,436,25,0
2500,463,26,0
2500,495,27,0
2500,508,28,0
2500,517,29,0
2500,1272,30,0
2500,563,31,0
2500,573,32,0
2500,589,33,0
2500,602,34,0
2500,626,35,0
2500,1259,36,0
2500,954,37,1
2501,954,1,0
2501,1421,2,0
2501,1260,3,0
2501,629,4,0
2501,605,5,0
2501,590,6,0
2501,576,7,0
2501,564,8,0
2501,1271,9,0
2501,521,10,0
2501,506,11,0
2501,499,12,0
2501,464,13,0
2501,445,14,0
2501,1265,15,0
2501,381,16,0
2501,326,17,0
2501,309,18,0
2501,1261,19,0
2501,245,20,0
2501,218,21,0
2501,2053,22,0
2501,187,23,0
2501,173,24,0
2501,160,25,0
2501,149,26,0
2501,977,27,0
2501,962,28,0
2501,140,29,0
2501,119,30,0
2501,109,31,0
2501,100,32,0
2501,2054,33,0
2501,69,34,0
2501,56,35,0
2501,57,36,0
2501,71,37,0
2501,1382,38,0
2501,1226,39,0
2501,993,40,1
4800,1200,1,0
4800,1249,2,0
4800,1244,3,0
4800,1248,4,0
4800,1252,5,0
4800,2019,6,0
4800,2052,7,0
4800,2020,8,0
4800,2021,9,0
4800,2022,10,0
4800,2023,11,0
4800,2024,12,0
4800,2025,13,0
4800,2026,14,0
4800,2027,15,0
4800,1351,16,0
4800,1000,17,0
4800,1365,18,0
4800,677,19,1
4801,670,1,0
4801,655,2,0
4801,1350,3,0
4801,2010,4,0
4801,2011,5,0
4801,2012,6,0
4801,2013,7,0
4801,2014,8,0
4801,2015,9,0
4801,2016,10,0
4801,2017,11,0
4801,2018,12,0
4801,1259,13,0
4801,1270,14,0
4801,1246,15,0
4801,1245,16,0
4801,1200,17,1
5000,987,1,0
5000,1383,2,0
5000,1375,3,0
5000,1376,4,0
5000,1377,5,0
5000,1378,6,0
5000,20,7,0
5000,8,8,0
5000,826,9,0
5000,806,10,0
5000,799,11,0
5000,798,12,0
5000,788,13,0
5000,779,14,0
5000,773,15,0
5000,767,16,0
5000,774,17,0
5000,864,18,0
5000,791,19,0
5000,802,20,0
5000,953,21,0
5000,7,22,0
5000,18,23,0
5000,836,24,0
5000,30,25,0
5000,42,26,0
5000,52,27,0
5000,59,28,0
5000,972,29,0
5000,81,30,0
5000,99,31,0
5000,114,32,0
5000,130,33,0
5000,145,34,0
5000,156,35,0
5000,184,36,0
5000,1269,37,0
5000,196,38,0
5000,238,39,0
5000,265,40,0
5000,286,41,0
5000,297,42,0
5000,330,43,0
5000,950,44,0
5000,404,45,0
5000,437,46,0
5000,485,47,0
5000,510,48,0
5000,532,49,0
5000,558,50,0
5000,571,51,0
5000,566,52,0
5000,542,53,0
5000,511,54,0
5000,497,55,0
5000,469,56,0
5000,461,57,0
5000,449,58,0
5000,426,59,0
5000,1100,60,0
5000,2041,61,0
5000,2043,62,0
5000,2045,63,0
5000,2047,64,0
5000,1208,65,0
5000,2040,66,0
5000,346,67,0
5000,912,68,0
5000,376,69,0
5000,914,70,0
5000,448,71,0
5000,467,72,0
5000,514,73,0
5000,905,74,0
5000,505,75,0
5000,473,76,0
5000,412,77,0
5000,367,78,0
5000,336,79,0
5000,1263,80,0
5000,294,81,0
5000,281,82,0
5000,267,83,0
5000,1320,84,0
5000,239,85,0
5000,205,86,0
5000,967,87,0
5000,183,88,0
5000,965,89,0
5000,158,90,0
5000,828,91,1
5100,993,1,0
5100,1383,2,0
5100,1375,3,0
5100,2033,4,0
5100,58,5,0
5100,73,6,0
5100,2055,7,0
5100,98,8,0
5100,104,9,0
5100,117,10,0
5100,961,11,0
5100,963,12,0
5100,131,13,0
5100,147,14,0
5100,162,15,0
5100,181,16,0
5100,189,17,0
5100,2056,18,0
5100,219,19,0
5100,235,20,0
5100,248,21,0
5100,303,22,0
5100,318,23,0
5100,424,24,0
5100,436,25,0
5100,463,26,0
5100,495,27,0
5100,508,28,0
5100,517,29,0
5100,1272,30,0
5100,563,31,0
5100,573,32,0
5100,589,33,0
5100,602,34,0
5100,626,35,0
5100,1259,36,0
5100,2039,37,0
5100,1250,38,0
5100,1236,39,0
5100,1241,40,0
5100,1239,41,0
5100,1238,42,0
5100,1237,43,0
5100,1201,44,0
5100,957,45,0
5100,246,46,0
5100,2031,47,0
5100,867,48,0
5100,1235,49,0
5100,2079,50,0
5100,683,51,0
5100,670,52,0
5100,655,53,0
5100,625,54,0
5100,613,55,0
5100,588,56,0
5100,1257,57,0
5100,521,58,0
5100,506,59,0
5100,499,60,0
5100,464,61,0
5100,445,62,0
5100,1265,63,0
5100,381,64,0
5100,326,65,0
5100,309,66,0
5100,245,67,0
5100,218,68,0
5100,2053,69,0
5100,187,70,0
5100,173,71,0
5100,160,72,0
5100,149,73,0
5100,977,74,0
5100,962,75,0
5100,140,76,0
5100,119,77,0
5100,109,78,0
5100,100,79,0
5100,2054,80,0
5100,69,81,0
5100,56,82,0
5100,57,83,0
5100,71,84,0
5100,1382,85,0
5100,1226,86,1
5200,991,1,0
5200,1383,2,0
5200,1375,3,0
5200,921,4,0
5200,922,5,0
5200,120,6,0
5200,1216,7,0
5200,136,8,0
5200,166,9,0
5200,178,10,0
5200,852,11,0
5200,212,12,0
5200,221,13,0
5200,234,14,0
5200,254,15,0
5200,278,16,0
5200,925,17,0
5200,853,18,0
5200,356,19,0
5200,400,20,0
5200,411,21,0
5200,435,22,0
5200,460,23,0
5200,482,24,0
5200,1421,25,0
5200,1260,26,0
5200,629,27,0
5200,618,28,0
5200,631,29,0
5200,622,30,0
5200,612,31,0
5200,997,32,0
5200,591,33,0
5200,844,34,0
5200,559,35,0
5200,523,36,0
5200,496,37,0
5200,478,38,0
5200,455,39,0
5200,439,40,0
5200,429,41,0
5200,1403,42,0
5200,359,43,0
5200,2072,44,0
5200,312,45,0
5200,300,46,0
5200,285,47,0
5200,258,48,0
5200,233,49,0
5200,217,50,0
5200,167,51,0
5200,963,52,0
5200,125,53,0
5200,107,54,0
5200,92,55,0
5200,974,56,0
5200,61,57,0
5200,53,58,0
5200,41,59,0
5200,35,60,0
5200,28,61,0
5200,17,62,0
5200,5,63,0
5200,952,64,0
5200,10,65,0
5200,849,66,0
5200,850,67,0
5200,34,68,0
5200,39,69,0
5200,44,70,0
5200,57,71,0
5200,1382,72,0
5200,1226,73,1
8000,988,1,0
8000,133,2,0
8000,150,3,0
8000,157,4,0
8000,165,5,0
8000,966,6,0
8000,190,7,0
8000,204,8,0
8000,230,9,0
8000,960,10,0
8000,266,11,0
8000,277,12,0
8000,292,13,0
8000,1264,14,0
8000,334,15,0
8000,360,16,0
8000,414,17,0
8000,468,18,0
8000,501,19,0
8000,906,20,0
8000,489,21,0
8000,507,22,0
8000,982,23,1
8001,982,1,0
8001,520,2,0
8001,488,3,0
8001,905,4,0
8001,505,5,0
8001,473,6,0
8001,412,7,0
8001,367,8,0
8001,336,9,0
8001,1263,10,0
8001,294,11,0
8001,281,12,0
8001,267,13,0
8001,1320,14,0
8001,239,15,0
8001,205,16,0
8001,967,17,0
8001,183,18,0
8001,965,19,0
8001,158,20,0
8001,828,21,0
8001,988,22,1
8100,987,1,0
8100,133,2,0
8100,150,3,0
8100,157,4,0
8100,165,5,0
8100,971,6,0
8100,232,7,0
8100,262,8,0
8100,301,9,0
8100,22,10,0
8100,415,11,0
8100,490,12,0
8100,500,13,0
8100,536,14,0
8100,557,15,0
8100,2057,16,0
8100,580,17,0
8100,601,18,0
8100,1219,19,0
8100,1213,20,0
8100,2060,21,0
8100,1387,22,0
8100,2058,23,0
8100,2059,24,0
8100,1233,25,0
8100,646,26,0
8100,663,27,0
8100,2061,28,0
8100,668,29,0
8100,918,30,0
8100,675,31,0
8100,927,32,0
8100,642,33,0
8100,628,34,0
8100,614,35,0
8100,599,36,0
8100,554,37,0
8100,489,38,0
8100,507,39,0
8100,982,40,1
8101,982,1,0
8101,520,2,0
8101,488,3,0
8101,514,4,0
8101,528,5,0
8101,545,6,0
8101,594,7,0
8101,611,8,0
8101,623,9,0
8101,640,10,0
8101,1410,11,0
8101,1409,12,0
8101,919,13,0
8101,669,14,0
8101,2062,15,0
8101,661,16,0
8101,644,17,0
8101,956,18,0
8101,1450,19,0
8101,1451,20,0
8101,1386,21,0
8101,2063,22,0
8101,1212,23,0
8101,908,24,0
8101,604,25,0
8101,583,26,0
8101,574,27,0
8101,562,28,0
8101,549,29,0
8101,541,30,0
8101,484,31,0
8101,417,32,0
8101,1267,33,0
8101,304,34,0
8101,835,35,0
8101,832,36,0
8101,970,37,0
8101,965,38,0
8101,158,39,0
8101,828,40,0
8101,987,41,1
8300,982,1,0
8300,520,2,0
8300,488,3,0
8300,514,4,0
8300,528,5,0
8300,545,6,0
8300,594,7,0
8300,611,8,0
8300,623,9,0
8300,640,10,0
8300,1410,11,0
8300,1409,12,0
8300,919,13,0
8300,669,14,0
8300,2062,15,0
8300,661,16,0
8300,644,17,0
8300,956,18,0
8300,1450,19,0
8300,1386,20,0
8300,2063,21,0
8300,1212,22,0
8300,908,23,0
8300,604,24,0
8300,583,25,0
8300,1406,26,0
8300,1407,27,0
8300,1408,28,0
8300,901,29,0
8300,1213,30,0
8300,2060,31,0
8300,1387,32,0
8300,2058,33,0
8300,2059,34,0
8300,1233,35,0
8300,646,36,0
8300,663,37,0
8300,2061,38,0
8300,668,39,0
8300,918,40,0
8300,675,41,0
8300,927,42,0
8300,642,43,0
8300,628,44,0
8300,614,45,0
8300,599,46,0
8300,554,47,0
8300,489,48,0
8300,507,49,0
8300,980,50,1
8700,987,1,0
8700,1383,2,0
8700,1375,3,0
8700,921,4,0
8700,1463,5,0
8700,1464,6,0
8700,1393,7,0
8700,1480,8,0
8700,1461,9,0
8700,1462,10,0
8700,917,11,1
8701,917,1,0
8701,1465,2,0
8701,1466,3,0
8701,1481,4,0
8701,1467,5,0
8701,1468,6,0
8701,2064,7,0
8701,2065,8,0
8701,1398,9,0
8701,2066,10,0
8701,1560,11,0
8701,161,12,0
8701,1215,13,0
8701,122,14,0
8701,79,15,0
8701,1382,16,0
8701,1226,17,0
8701,987,18,1
10100,1513,1,0
10100,1207,2,0
10100,1227,3,0
10100,730,4,0
10100,737,5,0
10100,741,6,0
10100,752,7,0
10100,783,8,0
10100,1225,9,0
10100,11,10,0
10100,988,11,1
10101,988,1,0
10101,20,2,0
10101,804,3,0
10101,1224,4,0
10101,861,5,0
10101,740,6,0
10101,862,7,0
10101,731,8,0
10101,1229,9,0
10101,1513,10,1
30001,1520,1,0
30001,752,2,0
30001,757,3,0
30001,763,4,0
30001,1223,5,0
30001,778,6,0
30001,783,7,0
30001,1225,8,0
30001,2035,9,0
30001,8,10,0
30001,1522,11,0
30001,806,12,0
30001,799,13,0
30001,798,14,0
30001,788,15,0
30001,779,16,0
30001,767,17,0
30001,765,18,0
30001,1521,19,0
30001,1204,20,0
30001,768,21,0
30001,772,22,0
30001,785,23,0
30001,794,24,0
30001,803,25,0
30001,810,26,0
30001,815,27,0
30001,823,28,0
30001,822,29,0
30001,952,30,0
30001,7,31,0
30001,18,32,0
30001,836,33,0
30001,30,34,0
30001,42,35,0
30001,941,36,0
30001,1510,37,1
30002,1510,1,0
30002,41,2,0
30002,35,3,0
30002,28,4,0
30002,17,5,0
30002,5,6,0
30002,953,7,0
30002,821,8,0
30002,813,9,0
30002,805,10,0
30002,784,11,0
30002,767,12,0
30002,765,13,0
30002,1521,14,0
30002,1204,15,0
30002,768,16,0
30002,772,17,0
30002,782,18,0
30002,789,19,0
30002,796,20,0
30002,801,21,0
30002,808,22,0
30002,1522,23,0
30002,986,24,0
30002,804,25,0
30002,1224,26,0
30002,775,27,0
30002,764,28,0
30002,758,29,0
30002,861,30,0
30002,747,31,0
30002,1520,32,1
30101,1510,1,0
30101,52,2,0
30101,59,3,0
30101,972,4,0
30101,973,5,0
30101,81,6,0
30101,99,7,0
30101,114,8,0
30101,130,9,0
30101,145,10,0
30101,156,11,0
30101,184,12,0
30101,1269,13,0
30101,196,14,0
30101,228,15,0
30101,237,16,0
30101,259,17,0
30101,275,18,0
30101,306,19,0
30101,837,20,0
30101,340,21,0
30101,357,22,0
30101,352,23,0
30101,342,24,0
30101,349,25,0
30101,838,26,0
30101,398,27,0
30101,1524,28,0
30101,491,29,0
30101,515,30,0
30101,530,31,0
30101,543,32,0
30101,1507,33,0
30101,1222,34,0
30101,503,35,0
30101,510,36,0
30101,1506,37,0
30101,472,38,0
30101,462,39,0
30101,422,40,0
30101,1503,41,0
30101,2041,42,0
30101,1523,43,1
30102,1523,1,0
30102,2042,2,0
30102,2049,3,0
30102,1504,4,0
30102,419,5,0
30102,459,6,0
30102,477,7,0
30102,1500,8,0
30102,1501,9,0
30102,509,10,0
30102,1511,11,0
30102,1508,12,0
30102,1509,13,0
30102,524,14,0
30102,474,15,0
30102,441,16,0
30102,1524,17,0
30102,410,18,0
30102,391,19,0
30102,370,20,0
30102,353,21,0
30102,865,22,0
30102,351,23,0
30102,363,24,0
30102,341,25,0
30102,327,26,0
30102,296,27,0
30102,283,28,0
30102,256,29,0
30102,833,30,0
30102,227,31,0
30102,198,32,0
30102,1268,33,0
30102,185,34,0
30102,159,35,0
30102,148,36,0
30102,132,37,0
30102,115,38,0
30102,103,39,0
30102,97,40,0
30102,975,41,0
30102,61,42,0
30102,53,43,0
30102,941,44,0
30102,1510,45,1
101500,979,1,0
101500,520,2,0
101500,488,3,0
101500,514,4,0
101500,533,5,0
101500,592,6,0
101500,606,7,0
101500,909,8,0
101500,902,9,0
101500,2000,10,0
101500,1003,11,0
101500,657,12,0
101500,665,13,0
101500,904,14,0
101500,687,15,0
101500,689,16,0
101500,2001,17,0
101500,1251,18,0
101500,1240,19,0
101500,1242,20,0
101500,1249,21,0
101500,1244,22,0
101500,1248,23,0
101500,1252,24,0
101500,1260,25,0
101500,629,26,0
101500,605,27,0
101500,590,28,0
101500,576,29,0
101500,564,30,0
101500,1271,31,0
101500,521,32,0
101500,506,33,0
101500,499,34,0
101500,464,35,0
101500,445,36,0
101500,1265,37,0
101500,381,38,0
101500,326,39,0
101500,309,40,0
101500,1262,41,0
101500,308,42,0
101500,332,43,0
101500,361,44,0
101500,394,45,0
101500,418,46,0
101500,450,47,0
101500,471,48,0
101500,489,49,0
101500,507,50,1
102000,982,1,0
102000,520,2,0
102000,488,3,0
102000,465,4,0
102000,451,5,0
102000,392,6,0
102000,913,7,0
102000,338,8,0
102000,2050,9,0
102000,1209,10,0
102000,2048,11,0
102000,2046,12,0
102000,2044,13,0
102000,2042,14,0
102000,2049,15,0
102000,421,16,0
102000,446,17,0
102000,466,18,0
102000,493,19,0
102000,843,20,0
102000,538,21,0
102000,568,22,0
102000,575,23,0
102000,561,24,0
102000,534,25,0
102000,516,26,0
102000,509,27,0
102000,481,28,0
102000,444,29,0
102000,409,30,0
102000,911,31,0
102000,376,32,0
102000,914,33,0
102000,467,34,0
102000,489,35,0
102000,507,36,1
104000,982,1,0
104000,520,2,0
104000,488,3,0
104000,451,4,0
104000,913,5,0
104000,338,6,0
104000,1209,7,0
104000,1504,8,0
104000,419,9,0
104000,459,10,0
104000,477,11,0
104000,1500,12,0
104000,1501,13,0
104000,509,14,0
104000,1511,15,0
104000,1508,16,0
104000,1509,17,0
104000,524,18,0
104000,474,19,0
104000,441,20,0
104000,410,21,0
104000,467,22,0
104000,489,23,1
201500,979,1,0
201500,520,2,0
201500,488,3,0
201500,476,4,0
201500,452,5,0
201500,430,6,0
201500,401,7,0
201500,364,8,0
201500,337,9,0
201500,325,10,0
201500,310,11,0
201500,1261,12,0
201500,303,13,0
201500,318,14,0
201500,378,15,0
201500,424,16,0
201500,463,17,0
201500,495,18,0
201500,508,19,0
201500,517,20,0
201500,1272,21,0
201500,563,22,0
201500,573,23,0
201500,589,24,0
201500,602,25,0
201500,608,26,0
201500,626,27,0
201500,1259,28,0
201500,1270,29,0
201500,1246,30,0
201500,1245,31,0
201500,1241,32,0
201500,1239,33,0
201500,1238,34,0
201500,1237,35,0
201500,692,36,0
201500,688,37,0
201500,660,38,0
201500,1004,39,0
201500,619,40,0
201500,593,41,0
201500,525,42,0
201500,489,43,0
201500,507,44,1
202000,982,1,0
202000,520,2,0
202000,488,3,0
202000,465,4,0
202000,451,5,0
202000,392,6,0
202000,913,7,0
202000,404,8,0
202000,437,9,0
202000,485,10,0
202000,503,11,0
202000,510,12,0
202000,532,13,0
202000,558,14,0
202000,571,15,0
202000,566,16,0
202000,542,17,0
202000,511,18,0
202000,497,19,0
202000,469,20,0
202000,461,21,0
202000,449,22,0
202000,426,23,0
202000,1100,24,0
202000,2041,25,0
202000,2043,26,0
202000,2045,27,0
202000,2047,28,0
202000,1208,29,0
202000,2040,30,0
202000,346,31,0
202000,912,32,0
202000,376,33,0
202000,914,34,0
202000,467,35,0
202000,489,36,1
204000,982,1,0
204000,520,2,0
204000,488,3,0
204000,451,4,0
204000,416,5,0
204000,434,6,0
204000,491,7,0
204000,515,8,0
204000,530,9,0
204000,543,10,0
204000,1507,11,0
204000,1222,12,0
204000,510,13,0
204000,1506,14,0
204000,472,15,0
204000,462,16,0
204000,422,17,0
204000,1503,18,0
204000,1208,19,0
204000,346,20,0
204000,912,21,0
204000,376,22,0
204000,914,23,0
204000,467,24,0
204000,489,25,1
302003,1510,1,0
302003,52,2,0
302003,59,3,0
302003,972,4,0
302003,83,5,0
302003,91,6,0
302003,105,7,0
302003,126,8,0
302003,131,9,0
302003,1533,10,0
302003,962,11,0
302003,168,12,0
302003,971,13,0
302003,220,14,0
302003,968,15,0
302003,241,16,0
302003,257,17,0
302003,268,18,0
302003,289,19,0
302003,293,20,0
302003,298,21,0
302003,315,22,0
302003,1232,23,0
302003,350,24,0
302003,393,25,0
302003,447,26,0
302003,999,27,0
302003,513,28,0
302003,1256,29,0
302003,870,30,0
302003,584,31,0
302003,1530,32,1
302004,1530,1,0
302004,2073,2,0
302004,2074,3,0
302004,2075,4,0
302004,613,5,0
302004,588,6,0
302004,1257,7,0
302004,531,8,0
302004,512,9,0
302004,492,10,0
302004,453,11,0
302004,402,12,0
302004,359,13,0
302004,2072,14,0
302004,312,15,0
302004,300,16,0
302004,285,17,0
302004,258,18,0
302004,233,19,0
302004,217,20,0
302004,167,21,0
302004,963,22,0
302004,131,23,0
302004,1533,24,0
302004,977,25,0
302004,125,26,0
302004,107,27,0
302004,92,28,0
302004,974,29,0
302004,61,30,0
302004,53,31,0
302004,941,32,0
302004,1510,33,1
2400100,988,1,0
2400100,1383,2,0
2400100,1375,3,0
2400100,1376,4,0
2400100,1377,5,0
2400100,1378,6,0
2400100,20,7,0
2400100,804,8,0
2400100,1224,9,0
2400100,775,10,0
2400100,764,11,0
2400100,758,12,0
2400100,861,13,0
2400100,746,14,0
2400100,745,15,0
2400100,744,16,0
2400100,1563,17,0
2400100,743,18,0
2400100,917,19,0
2400100,2036,20,0
2400100,740,21,0
2400100,739,22,0
2400100,862,23,0
2400100,735,24,0
2400100,734,25,0
2400100,732,26,0
2400100,731,27,0
2400100,729,28,0
2400100,723,29,0
2400100,721,30,0
2400100,1229,31,0
2400100,719,32,0
2400100,726,33,0
2400100,727,34,0
2400100,715,35,0
2400100,713,36,0
2400100,711,37,0
2400100,710,38,0
2400100,705,39,0
2400100,1515,40,0
2400100,1513,41,1
2400101,1513,1,0
2400101,1514,2,0
2400101,863,3,0
2400101,700,4,0
2400101,699,5,0
2400101,1512,6,0
2400101,1207,7,0
2400101,856,8,0
2400101,701,9,0
2400101,703,10,0
2400101,857,11,0
2400101,706,12,0
2400101,707,13,0
2400101,708,14,0
2400101,709,15,0
2400101,712,16,0
2400101,714,17,0
2400101,716,18,0
2400101,725,19,0
2400101,724,20,0
2400101,720,21,0
2400101,1227,22,0
2400101,858,23,0
2400101,722,24,0
2400101,730,25,0
2400101,733,26,0
2400101,736,27,0
2400101,737,28,0
2400101,738,29,0
2400101,743,30,0
2400101,917,31,0
2400101,2036,32,0
2400101,741,33,0
2400101,742,34,0
2400101,859,35,0
2400101,860,36,0
2400101,747,37,0
2400101,752,38,0
2400101,757,39,0
2400101,763,40,0
2400101,1223,41,0
2400101,778,42,0
2400101,1225,43,0
2400101,2035,44,0
2400101,49,45,0
2400101,57,46,0
2400101,71,47,0
2400101,1382,48,0
2400101,1226,49,0
2400101,988,50,1
2400200,954,1,0
2400200,900,2,0
2400200,480,3,0
2400200,457,4,0
2400200,413,5,0
2400200,2037,6,0
2400200,371,7,0
2400200,348,8,0
2400200,331,9,0
2400200,313,10,0
2400200,924,11,0
2400200,282,12,0
2400200,249,13,0
2400200,231,14,0
2400200,213,15,0
2400200,192,16,0
2400200,180,17,0
2400200,161,18,0
2400200,1215,19,0
2400200,122,20,0
2400200,113,21,0
2400200,1382,22,0
2400200,1226,23,0
2400200,988,24,1
2400201,988,1,0
2400201,1383,2,0
2400201,1375,3,0
2400201,921,4,0
2400201,922,5,0
2400201,120,6,0
2400201,1216,7,0
2400201,136,8,0
2400201,166,9,0
2400201,178,10,0
2400201,852,11,0
2400201,212,12,0
2400201,221,13,0
2400201,234,14,0
2400201,254,15,0
2400201,278,16,0
2400201,925,17,0
2400201,853,18,0
2400201,356,19,0
2400201,400,20,0
2400201,411,21,0
2400201,435,22,0
2400201,460,23,0
2400201,482,24,0
2400201,900,25,0
2400201,504,26,0
2400201,954,27,1
2400300,954,1,0
2400300,900,2,0
2400300,480,3,0
2400300,457,4,0
2400300,431,5,0
2400300,380,6,0
2400300,347,7,0
2400300,322,8,0
2400300,288,9,0
2400300,263,10,0
2400300,251,11,0
2400300,252,12,0
2400300,273,13,0
2400300,1210,14,0
2400300,1254,15,0
2400300,312,16,0
2400300,300,17,0
2400300,285,18,0
2400300,258,19,0
2400300,233,20,0
2400300,217,21,0
2400300,965,22,0
2400300,158,23,0
2400300,828,24,0
2400300,988,25,0
2400300,133,26,0
2400300,150,27,0
2400300,157,28,0
2400300,165,29,0
2400300,167,30,0
2400300,963,31,0
2400300,125,32,0
2400300,107,33,0
2400300,92,34,0
2400300,974,35,0
2400300,67,36,0
2400300,64,37,0
2400300,50,38,0
2400300,36,39,0
2400300,31,40,0
2400300,27,41,0
2400300,24,42,0
2400300,15,43,0
2400300,12,44,0
2400300,3,45,0
2400300,825,46,0
2400300,812,47,0
2400300,953,48,0
2400300,821,49,0
2400300,6,50,0
2400300,10,51,0
2400300,849,52,0
2400300,850,53,0
2400300,34,54,0
2400300,39,55,0
2400300,44,56,0
2400300,57,57,0
2400300,71,58,0
2400300,1382,59,0
2400300,1226,60,1
2400301,988,1,0
2400301,1383,2,0
2400301,1375,3,0
2400301,2033,4,0
2400301,47,5,0
2400301,40,6,0
2400301,33,7,0
2400301,851,8,0
2400301,19,9,0
2400301,2032,10,0
2400301,4,11,0
2400301,822,12,0
2400301,952,13,0
2400301,2,14,0
2400301,13,15,0
2400301,23,16,0
2400301,26,17,0
2400301,32,18,0
2400301,37,19,0
2400301,51,20,0
2400301,62,21,0
2400301,973,22,0
2400301,83,23,0
2400301,91,24,0
2400301,105,25,0
2400301,126,26,0
2400301,962,27,0
2400301,168,28,0
2400301,971,29,0
2400301,220,30,0
2400301,968,31,0
2400301,241,32,0
2400301,257,33,0
2400301,268,34,0
2400301,289,35,0
2400301,293,36,0
2400301,298,37,0
2400301,315,38,0
2400301,319,39,0
2400301,276,40,0
2400301,261,41,0
2400301,253,42,0
2400301,260,43,0
2400301,271,44,0
2400301,284,45,0
2400301,317,46,0
2400301,345,47,0
2400301,839,48,0
2400301,432,49,0
2400301,442,50,0
2400301,460,51,0
2400301,482,52,0
2400301,504,53,0
2400301,900,54,0
2400301,954,55,1
2401200,989,1,0
2401200,1375,2,0
2401200,921,3,0
2401200,922,4,0
2401200,120,5,0
2401200,1216,6,0
2401200,1214,7,0
2401200,154,8,0
2401200,179,9,0
2401200,1101,10,0
2401200,210,11,0
2401200,224,12,0
2401200,242,13,0
2401200,264,14,0
2401200,274,15,0
2401200,1210,16,0
2401200,1254,17,0
2401200,1232,18,0
2401200,350,19,0
2401200,393,20,0
2401200,447,21,0
2401200,999,22,0
2401200,513,23,0
2401200,1256,24,0
2401200,870,25,0
2401200,584,26,0
2401200,1005,27,0
2401200,2073,28,0
2401200,2074,29,0
2401200,2075,30,0
2401200,1351,31,0
2401200,1000,32,0
2401200,1365,33,0
2401200,677,34,0
2401200,681,35,0
2401200,1234,36,0
2401200,690,37,0
2401200,694,38,0
2401200,695,39,0
2401200,2028,40,0
2401200,2029,41,0
2401200,955,42,0
2401200,692,43,1
2401201,692,1,0
2401201,688,2,0
2401201,903,3,0
2401201,660,4,0
2401201,1001,5,0
2401201,625,6,0
2401201,2076,7,0
2401201,2077,8,0
2401201,2078,9,0
2401201,1006,10,0
2401201,588,11,0
2401201,1257,12,0
2401201,531,13,0
2401201,512,14,0
2401201,492,15,0
2401201,453,16,0
2401201,402,17,0
2401201,359,18,0
2401201,2072,19,0
2401201,319,20,0
2401201,270,21,0
2401201,244,22,0
2401201,834,23,0
2401201,223,24,0
2401201,208,25,0
2401201,182,26,0
2401201,830,27,0
2401201,1217,28,0
2401201,122,29,0
2401201,113,30,0
2401201,79,31,0
2401201,1226,32,0
2401201,989,33,1
